source,target,x,y,slat,slng,tlat,tlng,label,fre,ebt
1850,2324,69.85515622,15.20807293,27.86362,120.81173,27.8722,120.8266,6,205,0
258,2585,1.22539597,-48.50817228,27.986706,120.608952,27.98729,120.6081,8,234,0
841,2406,-46.84369526,0.84731158,28.0171,120.63698,28.01983,120.63469,3,70,0
864,2371,-14.86977363,-56.83421338,28.03948,120.56891,28.03981,120.57351,9,294,0
426,1484,-38.89991922,0.493783246,28.025933,120.641498,28.024192,120.638141,7,17,0
735,1837,-6.967940214,-17.93369235,27.993371,120.637184,27.98603,120.63754,8,170,0
1103,2182,11.86867035,-41.73124236,27.97694,120.62826,27.96515,120.61124,8,22,0
11,2377,33.3139492,52.2113353,27.99544,120.72251,27.9934,120.719,7,1437,0
202,1247,-31.71175459,27.40828586,28.0087,120.65515,28.00929,120.65212,3,34,0
637,1724,22.96488881,47.82430034,28.01522,120.68916,28.00258,120.70728,7,24,0
621,705,-2.45528504,-9.921604861,27.98848,120.61075,28.00227,120.63088,-1,8,0
653,864,-15.40623569,-58.91061727,28.03924,120.56603,28.03948,120.56891,9,48899,0
1264,1409,-47.20137451,15.17364715,28.02498,120.653057,28.02498,120.65306,7,14,0
1022,2944,21.7031955,34.72811543,27.99539,120.7173,27.99929,120.722247,7,33,0
772,1610,-46.84168463,-40.69891152,28.05187,120.61117,28.05249,120.60567,7,10528,0
412,1811,38.44077436,-40.87763349,27.91108,120.67813,27.89896,120.665197,3,2068,0
2177,2588,-9.170967818,-44.95513757,28.024786,120.575538,28.02213,120.5743,9,28183,0
547,2917,-1.840958619,42.47320895,27.98521,120.67877,27.98585,120.67889,4,307,0
396,1530,28.77233159,-47.72690314,27.85425,120.65996,27.86421,120.64917,3,126,0
213,766,-18.77964852,-12.18350536,28.01009,120.63564,28.00726,120.61292,-1,20,0
270,1723,-26.77639293,46.62460169,28.01764,120.68649,28.01437,120.67295,-1,564,0
205,2756,1.124120191,41.05828289,27.9885,120.68917,27.98645,120.68772,4,3709,0
780,1057,-8.091731225,53.66582545,28.01006,120.68043,28.00859,120.67718,-1,129,0
279,797,44.89865252,34.82362141,27.98465,120.73383,27.97373,120.74409,10,708,0
303,1286,-38.27981657,25.31716575,28.01193,120.64947,28.01117,120.65006,3,371,0
341,2129,-9.902926265,-15.20387249,27.98975,120.64468,27.98951,120.64774,-1,8225,0
259,2706,-62.46676137,17.29909986,28.05022,120.66531,28.05757,120.67252,7,85,0
1440,1656,47.24696297,-1.126172242,27.92653,120.78661,27.94263,120.73736,-1,0,0
1565,1752,-55.39199324,-1.782018063,28.03749,120.6251,28.0312,120.63393,7,16,0
749,1440,71.18550239,-8.662017805,27.9345,120.76993,27.92653,120.78661,-1,1004,0
306,596,26.30822752,-21.00387138,27.93177,120.67802,27.93874,120.6784,5,49,0
995,2808,19.82877933,-34.30524734,27.941,120.574,27.93617,120.55946,10,151,0
523,1094,-18.93188213,-25.89083749,28.01991,120.60428,28.01845,120.59962,3,31,0
434,1940,-41.54562845,-28.29705416,28.07246,120.62056,28.05756,120.60725,-1,14,0
182,2575,-25.4598196,-16.83193176,28.01939,120.61656,28.02926,120.59028,-1,56,0
668,1345,-19.03267984,-15.14880635,28.0105,120.60976,28.00711,120.61047,-1,567,0
312,2261,14.10390499,0.743530557,27.97483,120.67456,27.97054,120.68557,5,515,0
1549,2282,27.27832487,43.60733579,27.98966,120.70619,27.99125,120.69051,-1,18,0
752,1092,20.45331721,-11.53369201,27.9454,120.65697,27.96187,120.66042,5,93,0
134,531,34.6516034,35.3119776,27.989953,120.728443,27.991394,120.71952,7,73,0
855,1342,-7.846289525,52.9236009,28.001906,120.678622,28.00491,120.67627,4,99,0
1860,2364,19.12860456,6.91581957,27.97729,120.68651,27.97792,120.68304,-1,140,0
1178,2279,10.51348825,32.7097001,27.99689,120.69531,27.98388,120.70501,4,0,0
1572,2453,-48.89712072,-36.69455144,28.02693,120.60664,28.04644,120.60417,-1,1169,0
1655,2967,39.64001051,-22.29786636,27.92826,120.70156,27.92614,120.70507,3,26,0
431,566,1.812156249,31.86337097,28.00412,120.6803,28.0085,120.68531,4,4,0
1977,2611,-7.564052112,45.61183038,27.99753,120.67522,27.995832,120.677166,4,1271,0
1391,2325,27.72898477,-19.32457311,27.95467,120.69939,27.91782,120.69607,-1,21,0
1855,2428,6.438413416,13.31710526,27.98606,120.67631,27.98819,120.6531,-1,32,0
1085,2004,-32.99919778,-33.41029161,28.0257,120.6129,28.05469,120.58692,-1,6,0
911,2307,20.26006376,-2.632395165,27.96141,120.73461,27.957377,120.682574,-1,2,0
687,2519,6.536768503,49.62999298,28.006318,120.696659,27.99715,120.70087,7,51,0
1500,1703,-58.46824771,-23.51930083,28.05006,120.62061,28.0483,120.62027,7,210,0
1796,2816,-64.55528868,-1.238308301,28.04071,120.63988,28.04411,120.63996,7,22060,0
1015,1400,-26.13636634,-22.5571344,28.02245,120.61239,28.01833,120.60806,3,5626,0
1369,2446,7.16366186,11.43368316,27.98473,120.6773,27.98763,120.66308,4,2,0
1560,1572,-38.11009963,-38.01619941,28.034241,120.588717,28.02693,120.60664,-1,418,0
1123,1683,8.996556989,-38.8208468,27.96552,120.64757,27.95708,120.67304,5,34,0
154,2505,18.40420019,-47.48994577,27.9473,120.56566,27.94729,120.54847,10,742,0
970,2113,-12.8609454,28.56822312,28.014998,120.674961,28.016667,120.67753,3,5,0
133,312,23.25689594,1.354402899,27.9535,120.69621,27.97483,120.67456,5,139,0
112,677,-51.10413933,-30.63803958,28.01472,120.61007,28.040628,120.619569,-1,22,0
2482,2788,13.38291423,-11.69008138,27.9536,120.65488,27.96243,120.65546,5,0,0
1121,2446,-2.07052324,12.52554266,27.993784,120.66148,27.98763,120.66308,4,35,0
562,1036,46.56824026,-19.95954292,27.92439,120.70333,27.92406,120.70335,3,1079,0
2476,2519,21.60505699,47.24522057,27.99996,120.71136,27.99715,120.70087,7,107,0
1117,2225,-11.95923348,31.15198223,28.02055,120.68861,28.01963,120.71371,7,0,0
416,1552,15.5173574,43.86595303,28.007694,120.718867,28.00524,120.72204,7,2,0
284,449,41.70970282,-12.93662355,27.92764,120.69437,27.93173,120.70133,3,13071,0
619,2349,-22.88122632,19.42832237,28.01319,120.65921,28.01461,120.65761,3,64,0
1743,2506,-40.69415967,-0.11679234,28.02983,120.63357,28.02561,120.63825,7,28,0
1317,2408,20.46258489,35.12421513,27.995577,120.71498,27.97638,120.75557,-1,65,0
1376,2881,21.92063513,45.54664727,27.99176,120.72451,28.00606,120.714808,7,25,0
284,2824,32.07382169,-23.36443599,27.92764,120.69437,27.92444,120.70304,3,88,0
1159,1276,-2.760828136,-38.41145553,28.02791,120.59925,28.00066,120.58221,-1,0,0
89,2426,-33.12139686,5.992588949,28.0164,120.65703,28.0241,120.647393,3,26,0
1187,2248,24.01043792,6.102506836,27.96331,120.66311,27.97512,120.69186,-1,596,0
662,841,-25.55733118,-3.822795485,28.011023,120.643553,28.0171,120.63698,3,2,0
734,1913,-17.45600589,-23.42898016,28.01097,120.60609,28.02588,120.60418,3,64,0
42,1239,-6.29418617,3.175347266,28.0014,120.65569,27.87124,120.64996,3,2,0
945,1834,74.25224785,11.0727637,27.87922,120.78748,27.87957,120.7999,6,1841,0
803,2452,-26.80918417,27.30441926,28.02715,120.65114,28.0105,120.66068,-1,50,0
1446,1684,4.166519023,-45.73809125,27.98015,120.60519,27.98796,120.61592,8,261,0
1075,1782,-2.523759372,33.11450157,28.00112,120.67853,27.997236,120.700653,-1,4,0
831,2131,7.723801196,2.744449152,27.9762,120.668,27.97509,120.65593,5,973,0
1391,2075,35.14272015,-8.489582652,27.95467,120.69939,27.94054,120.69195,-1,675,0
54,604,-15.4446648,-27.23988768,28.018598,120.620672,28.015777,120.594444,-1,0,0
677,1736,-59.02275012,-30.45314041,28.040628,120.619569,28.029592,120.6244,7,1224,0
254,2575,-24.68033315,-28.68144824,28.023933,120.596926,28.02926,120.59028,-1,53,0
74,1123,-31.38241319,33.85329637,28.00263,120.65852,27.96552,120.64757,-1,34,0
48,1361,-22.12128695,38.26000012,28.01947,120.67661,28.02032,120.67308,3,128,0
1977,2848,1.589339542,22.55626033,27.99753,120.67522,27.965369,120.686131,-1,17,0
486,763,42.99721905,29.78390306,27.97508,120.74612,27.97775,120.74248,10,222,0
1494,2642,-43.93179941,-10.95777952,28.04977,120.64759,28.03965,120.64593,7,84,0
437,1165,1.689863671,14.05333433,27.98847,120.666286,27.98951,120.67228,4,2,0
994,1082,-42.71436122,29.37891199,28.01318,120.65352,28.016688,120.655528,3,942,0
1052,1821,48.36831446,28.72130178,27.97486,120.72843,27.98011,120.74803,10,314,0
550,2225,17.23549981,57.34107223,28.0076,120.72365,28.01963,120.71371,7,57,0
600,916,-21.09531686,11.99923506,28.00892,120.64776,28.01381,120.65692,3,40,0
1026,1699,16.3919206,12.01100967,27.981479,120.677436,27.97659,120.67899,5,172,0
118,649,1.58168946,-13.87527837,27.985061,120.633096,27.981943,120.645555,-1,3,0
866,2822,42.47881904,35.01917299,27.97155,120.73972,27.97743,120.73394,10,8894,0
207,2767,-31.76547971,35.09533279,27.99871,120.65225,28.00293,120.64916,3,36,0
812,1286,-38.59999481,27.32166171,28.01375,120.6551,28.01117,120.65006,3,645,0
309,1882,15.24581013,-34.2619505,27.95804,120.59516,27.956101,120.599012,10,229,0
609,1626,-30.37910356,5.213647914,28.02096,120.62016,28.01389,120.60169,3,8,0
1774,2788,8.633917976,-34.66125089,27.99094,120.65242,27.96243,120.65546,5,8,0
2379,2622,-70.34136902,7.580944664,28.04982,120.6511,28.0547,120.64565,7,4533,0
1994,2435,-8.882371381,41.5891034,27.992378,120.669665,27.99236,120.66956,4,652,0
1830,2847,-17.12591359,-58.89891118,28.0362,120.58118,28.041041,120.588459,9,3382,0
841,876,-49.54213482,5.388936507,28.0171,120.63698,28.01851,120.63892,3,8947,0
479,1279,37.94307502,-47.02512923,27.89857,120.63091,27.89941,120.63473,3,875,0
9,1774,-2.077403048,2.958922772,27.99378,120.6501,27.99094,120.65242,-1,4515,0
1711,2197,-54.3287033,-17.94053453,28.06516,120.64246,28.04449,120.62163,7,97,0
692,2626,3.942878642,54.68452951,28.00622,120.6991,28.00254,120.695427,7,171,0
1273,1572,-48.56080411,-34.48323616,28.02347,120.61544,28.02693,120.60664,3,691,0
449,2237,47.04016014,-21.24630799,27.93173,120.70133,27.92797,120.69797,3,8074,0
1981,2890,-42.77763489,-3.023568138,28.04382,120.61146,28.02424,120.6348,-1,28,0
1724,2694,8.857444409,54.51699092,28.00258,120.70728,28.00118,120.70197,7,113,0
1446,1624,7.313135175,-46.1133169,27.98015,120.60519,27.971715,120.608414,8,8157,0
1260,2033,59.57805935,0.954484506,27.91444,120.83278,27.9196,120.81824,6,35,0
1960,2456,-20.03859517,35.16708566,28.02089,120.67732,28.022125,120.670739,3,2,0
427,2236,-10.04240743,47.05042763,28.005808,120.669146,27.9946,120.674,-1,200,0
228,609,-30.07746794,5.527931845,28.024509,120.644121,28.02096,120.62016,3,0,0
1496,2693,17.04717888,29.30009516,27.97767,120.70127,27.989197,120.703236,-1,7,0
811,2159,39.55998321,-16.18624028,27.92878,120.69672,27.9283,120.69546,3,56,0
1159,1398,-27.64049103,-36.83114065,28.02791,120.59925,28.02438,120.60303,3,9548,0
845,2440,-28.9401101,-53.00718361,28.06506,120.57549,28.043033,120.586455,9,30,0
268,2263,-17.32748995,39.53291509,28.002086,120.662539,28.00726,120.65848,3,81,0
307,1152,-43.13768868,31.5104247,28.01573,120.65876,28.013647,120.656985,3,111,0
532,908,39.93511314,34.37544277,27.972365,120.730631,27.971495,120.733406,10,1182,0
1376,1865,31.08222882,31.55054866,27.99176,120.72451,27.97506,120.73909,-1,72,0
185,1590,-24.31989636,-31.99376065,28.021498,120.59653,28.02239,120.59436,3,563,0
875,2021,37.35541679,-35.74932056,27.92099,120.68452,27.92043,120.68424,3,2374,0
772,2857,-37.37444777,-50.417947,28.05187,120.61117,28.09805,120.59534,-1,37,0
1679,1799,17.26351697,30.51396158,27.99338,120.70875,27.99461,120.68409,-1,4,0
1068,2672,9.772665262,64.50234832,28.04759,120.69334,28.02026,120.69523,7,42,0
876,2581,-35.10394251,13.55729207,28.01851,120.63892,28.020019,120.648575,3,62,0
72,1166,15.61921775,-43.86358063,27.97367,120.59704,27.95794,120.60138,-1,1820,0
2010,2061,-2.357540102,47.03165522,27.99742,120.68104,27.98839,120.68338,4,1921,0
59,652,70.96618907,8.453418672,27.90238,120.80278,27.88623,120.80236,6,311,0
62,1080,34.74659527,-27.73505699,27.92028,120.70493,27.92057,120.7039,3,51,0
1376,2232,26.91798197,51.70643641,27.99176,120.72451,27.99607,120.71016,7,155,0
439,470,-43.67605543,17.03068138,28.02332,120.64816,28.024081,120.646811,3,133,0
959,2528,-32.73862743,10.1409753,28.009115,120.657413,28.023744,120.653645,-1,3,0
536,1316,33.68109168,39.70486907,27.978638,120.714666,27.97332,120.71019,10,26,0
609,668,-34.98183407,-32.32457826,28.02096,120.62016,28.0105,120.60976,3,42,0
865,2840,-35.89917615,-39.03365117,28.0464,120.604,28.04323,120.58656,-1,82,0
1322,1724,0.608314287,56.04664412,28.00798,120.69032,28.00258,120.70728,7,86,0
1123,2022,16.55447709,-13.04814549,27.96552,120.64757,27.94096,120.64958,5,172,0
799,1989,66.95106922,-8.348837942,27.93368,120.81563,27.93336,120.81773,6,5213,0
720,1651,45.72079391,31.84102489,27.97976,120.74186,27.97707,120.74717,10,13419,0
1273,2745,-42.01599413,-3.108506133,28.02347,120.61544,28.02921,120.62987,-1,21,0
936,2642,-62.7549894,2.296381582,28.02145,120.63334,28.03965,120.64593,-1,106,0
259,2208,-68.43713037,11.36468075,28.05022,120.66531,28.047396,120.656783,7,101,0
585,2694,6.702843875,56.66682978,28.00115,120.70215,28.00118,120.70197,7,1208,0
19,1977,-1.322171581,21.6056762,27.98443,120.66958,27.99753,120.67522,4,18,0
773,2227,3.884159474,15.46395552,27.989406,120.673557,27.98375,120.66578,4,36,0
925,1926,-6.777407622,28.29683442,28.00554,120.66603,28.01239,120.67322,3,18,0
728,872,1.244638116,7.435034903,27.98895,120.65771,27.98477,120.64882,-1,130,0
1179,2433,-18.98454461,22.66815393,28.01715,120.66124,28.02202,120.66394,3,46,0
1273,1938,-29.78290289,6.600906192,28.02347,120.61544,28.01832,120.65141,3,22,0
1322,1771,4.375922964,35.48204237,28.00798,120.69032,27.99855,120.69275,-1,43,0
623,2788,19.59405037,-6.76474372,27.94373,120.68649,27.96243,120.65546,5,30,0
460,1053,21.02526428,35.73916014,27.996057,120.710262,27.99068,120.7167,7,0,0
446,2059,4.953644078,-46.28691345,27.98581,120.61459,27.987233,120.614505,8,7125,0
547,1536,16.85952141,14.3859397,27.98521,120.67877,27.985,120.67851,4,1432,0
919,1926,-34.29096054,41.90049565,28.01517,120.66789,28.01239,120.67322,3,311,0
1103,1576,10.1715415,-35.34204789,27.97694,120.62826,27.970529,120.613192,8,23,0
111,2176,16.21936842,-16.55851318,27.95612,120.65155,27.95843,120.65338,5,13253,0
446,2083,6.337391516,-26.09672547,27.98581,120.61459,27.95887,120.60962,-1,9,0
849,2939,-24.18598754,11.78071093,28.01215,120.65165,28.011397,120.653141,3,7,0
1284,1651,33.76763035,-1.332798122,27.94439,120.71319,27.97707,120.74717,10,8,0
331,490,-16.22484201,-7.629038374,28.03958,120.62042,28.00307,120.6298,-1,24,0
347,2337,34.46922678,43.88511201,27.98785,120.71681,27.986111,120.717222,7,323,0
279,667,40.04766397,41.19483494,27.98465,120.73383,27.986198,120.732437,10,1586,0
1061,1602,32.43395393,-26.32948135,27.92415,120.70545,27.91457,120.70609,3,8,0
1851,1895,25.94232563,5.63654749,27.980051,120.702261,27.96905,120.70307,-1,41,0
859,2564,28.71367153,-1.391827801,27.95386,120.68203,27.96169,120.70433,-1,748,0
1242,1667,14.56665164,-40.86714312,27.94889,120.61987,27.93583,120.61337,8,120,0
1256,1411,-32.97290083,20.01225929,28.01222,120.65195,28.0124,120.650632,3,117,0
1549,1956,18.18159684,28.68423603,27.98966,120.70619,27.96946,120.72066,-1,50,0
1226,1238,-33.82980278,30.87537042,28.01039,120.65256,28.00439,120.65275,3,5,0
552,2667,38.94535424,30.21008348,27.96536,120.74141,27.98624,120.73426,10,43,0
1557,2223,57.9638968,5.763222919,27.90165,120.81193,27.922663,120.824735,6,68,0
1082,1528,-37.50412467,16.95390692,28.016688,120.655528,28.01484,120.64575,3,169,0
1066,2762,-23.14573648,32.94870719,28.01902,120.66678,28.01919,120.67036,3,229,0
120,2766,-16.81883476,-22.76516221,28.0183,120.607999,28.01412,120.606248,3,62,0
11,134,32.0348186,28.70134029,27.99544,120.72251,27.989953,120.728443,7,17,0
452,1301,-15.4660621,-13.01144816,28.01066,120.62114,28.00843,120.62111,4,33,0
828,2149,16.46568312,2.337030386,27.96168,120.677789,27.98472,120.69611,-1,27,0
295,2575,-12.62828048,-43.66372979,28.02333,120.57606,28.02926,120.59028,9,52,0
608,1758,1.071139982,25.51261275,27.99367,120.69233,27.99447,120.68038,4,171,0
1525,1823,-12.97853191,-54.59909825,28.03821,120.57802,28.037123,120.578514,9,10102,0
463,1883,-10.99463195,-44.99660314,28.02702,120.57609,28.02719,120.57728,9,6242,0
409,1440,62.35430529,-5.74675276,27.95855,120.75661,27.92653,120.78661,-1,418,0
2197,2926,-53.17885252,-31.26036996,28.04449,120.62163,28.04361,120.61806,7,404,0
1612,2103,7.482326665,-52.47360671,27.9938,120.57017,27.98211,120.59701,8,352,0
551,2413,65.23518742,24.29495908,27.86131,120.79032,27.85882,120.79137,6,595,0
1996,2803,40.32790526,33.73570756,27.96722,120.73585,27.96758,120.73351,10,855,0
1238,1870,-9.904240573,6.567732342,28.00439,120.65275,27.99576,120.6574,3,18,0
1302,2916,50.89312681,-1.661457758,27.96848,120.78369,27.93792,120.80154,-1,109,0
376,1980,21.42770131,-11.42150107,27.94798,120.66759,27.9546,120.667,5,67,0
2575,2588,-20.97155227,-42.42598353,28.02926,120.59028,28.02213,120.5743,9,587,0
365,2180,0.466330141,4.035478241,27.98328,120.65734,27.98333,120.65125,-1,1059,0
1509,2222,56.68270999,2.673615534,27.9249,120.82617,27.92255,120.8311,6,96,0
1093,2697,-18.84655392,-41.69844859,28.03228,120.58055,28.02837,120.58877,9,116,0
1388,2614,-31.14523133,1.879038041,28.01822,120.64711,28.01688,120.6293,-1,0,0
603,1841,6.727042473,-30.14448208,27.97164,120.62661,27.980151,120.605199,8,70,0
911,2798,42.32334355,2.707641116,27.96141,120.73461,27.96855,120.72659,10,71,0
312,2793,20.98771937,-6.919719555,27.97483,120.67456,27.96841,120.73048,-1,5,0
1440,2303,67.40083974,-4.510228631,27.92653,120.78661,27.90821,120.80227,6,12,0
2650,2651,-19.27963854,34.39794063,28.024386,120.675309,28.0228,120.67335,3,55,0
604,1233,-7.992587165,-31.61017515,28.015777,120.594444,28.01428,120.58353,-1,867,0
1628,1723,-26.50610702,46.81863749,28.01497,120.68572,28.01437,120.67295,-1,641,0
1220,1790,-0.81280573,28.45761527,28.000812,120.679146,28.00243,120.67766,4,33,0
1260,2324,1.745282621,-3.789235804,27.91444,120.83278,27.8722,120.8266,6,12,0
171,1969,-16.04782982,-3.628730159,28.00072,120.63977,28.00303,120.63895,3,6195,0
755,1895,29.54248492,-23.49730945,27.928,120.698,27.96905,120.70307,-1,9,0
1811,2211,37.27895344,-47.05456422,27.89896,120.665197,27.90973,120.63455,3,466,0
56,1751,-65.1593035,20.57550629,28.06889,120.75639,28.0794,120.72004,1,664,0
2228,2970,19.947772,-44.2846957,27.94986,120.5872,27.9567,120.57364,10,236,0
2181,2238,33.81412826,-47.5877922,27.895193,120.668359,27.90081,120.68541,3,31,0
1284,1430,38.14804771,-1.388927888,27.94439,120.71319,27.9498,120.72544,10,1735,0
1691,2164,-23.78529338,25.12839068,28.01519,120.66268,28.01286,120.66582,3,81,0
207,2682,-11.32632691,3.275510009,27.99871,120.65225,27.99605,120.64769,3,130,0
293,1743,-55.37410566,-1.576028022,28.02476,120.635142,28.02983,120.63357,-1,94,0
539,600,-25.80296494,11.93693506,28.01516,120.65303,28.00892,120.64776,3,88,0
842,1557,70.53252781,0.546606707,27.90945,120.81881,27.90165,120.81193,6,5527,0
1159,1744,-17.98725942,-48.84250673,28.02791,120.59925,28.049438,120.581163,-1,15,0
2096,2550,5.388881648,-28.14370503,27.97745,120.61375,27.98622,120.61752,8,66,0
5,1759,-18.65716379,31.39556579,28.05615,120.67115,28.018481,120.682668,-1,95,0
155,1705,59.50003567,4.518232707,27.90066,120.82456,27.90977,120.83609,6,37,0
454,935,14.34864505,13.18097637,27.98,120.66708,27.97987,120.68111,-1,101,0
2179,2609,-11.35445909,-28.25328577,28.0058,120.593,28.01418,120.59753,3,48,0
1889,1936,-24.97576165,16.68052506,28.01442,120.65841,28.0164,120.657,3,8,0
959,1932,-37.63502589,33.09208953,28.009115,120.657413,28.01062,120.65932,3,376,0
2471,2715,-12.93628526,40.80379915,28.00877,120.66836,27.99435,120.66326,-1,51,0
26,2405,28.78603708,-40.62297524,27.91714,120.66023,27.96984,120.68551,-1,8,0
1036,2824,43.32278008,-19.47732419,27.92406,120.70335,27.92444,120.70304,3,329,0
280,1547,-39.50142775,-56.96120258,28.07993,120.58958,28.07752,120.5896,9,5272,0
680,1601,53.55557729,-12.53485036,27.95109,120.83505,27.94796,120.8414,6,12541,0
427,1406,1.886770907,22.36347424,28.005808,120.669146,27.99845,120.67286,-1,0,0
1322,1622,-3.151360947,56.31197508,28.00798,120.69032,28.00126,120.6875,-1,422,0
46,751,-37.18927552,-24.66867682,28.04917,120.61056,28.02449,120.61195,-1,11,0
972,1071,39.26351421,-15.32876547,27.94366,120.68317,27.92798,120.69488,-1,179,0
1869,2145,34.05850976,-45.91772974,27.89644,120.63496,27.93258,120.73604,3,15,0
1878,2154,33.5840751,20.76261881,27.97253,120.76819,27.96748,120.75293,10,37,0
915,2955,-16.54770692,26.54857167,28.024778,120.671965,28.02188,120.66555,3,17,0
1458,1543,26.57779189,11.96931242,28.023603,120.80906,28.03307,120.79284,2,741,0
89,1160,-45.10737534,33.02352943,28.0164,120.65703,28.01525,120.66252,3,204,0
264,994,-23.8755176,16.71876242,28.01535,120.66232,28.01318,120.65352,3,160,0
1478,2528,-31.79602704,9.831460866,28.02333,120.63639,28.023744,120.653645,7,9,0
1127,2346,-20.83833373,-4.639561871,28.01,120.62972,28.009052,120.630765,4,4,0
317,1646,-38.13361281,3.219603563,28.01994,120.655,28.03083,120.63755,-1,4,0
229,409,52.73253249,1.739875123,27.93122,120.80706,27.95855,120.75661,-1,0,0
176,510,-32.61098251,-37.37960753,28.02521,120.6105,28.04567,120.60077,-1,10,0
1302,2759,47.61153154,10.69136602,27.96848,120.78369,27.96648,120.78929,2,762,0
601,1584,61.52562991,4.468510241,27.91157,120.83255,27.89209,120.81396,6,4,0
284,1753,28.89774294,-16.19895356,27.92764,120.69437,27.96526,120.65283,-1,0,0
1089,1400,2.581611887,-4.847935591,28.02804,120.57818,28.01833,120.60806,-1,11,0
298,708,32.10345235,-23.81082239,27.92054,120.70164,27.9343,120.7072,3,20,0
638,1749,-2.381138519,-46.64935039,27.99736,120.62159,27.97581,120.57281,8,11,0
247,1402,7.569744098,46.07610834,28.04031,120.70544,28.014576,120.681581,-1,34,0
1287,2722,72.58881437,14.85229297,27.8766,120.82074,27.8763,120.821,6,420,0
337,1939,-5.585847415,54.67492353,28.00383,120.68205,28.00197,120.68016,4,108,0
1717,2703,-4.657057851,-15.55842202,27.99375,120.61713,27.99103,120.63464,8,48,0
506,2368,27.2950877,-52.72014538,27.8557,120.65678,27.86075,120.6532,3,1335,0
623,2353,22.81194583,-6.508431018,27.94373,120.68649,27.973777,120.682079,5,31,0
663,1262,6.134652565,3.769152554,27.97693,120.66377,27.98453,120.66027,-1,677,0
169,734,-19.01728509,-21.46563714,28.01257,120.6053,28.01097,120.60609,3,219,0
128,2617,-35.48304444,9.420340511,28.0248,120.64971,28.02136,120.65561,-1,12,0
1035,2668,15.43602545,-29.39008624,27.95025,120.60263,27.94903,120.59549,10,67,0
918,1988,-23.58489381,-1.417665134,28.0129,120.64233,28.01854,120.63879,3,10,0
575,1239,2.662697319,7.674755571,27.98117,120.66776,27.87124,120.64996,-1,16,0
227,2352,-43.32022012,-29.35277024,28.05333,120.63083,28.048507,120.618708,7,47,0
799,2223,61.40876401,-9.54473168,27.93368,120.81563,27.922663,120.824735,6,465,0
1615,2546,-33.20379432,20.05212189,28.01037,120.64773,28.010372,120.647733,3,4,0
261,2127,3.086483323,18.96683507,27.99005,120.67431,27.98869,120.6726,4,62,0
2233,2324,73.25995558,17.64226723,27.86543,120.81525,27.8722,120.8266,6,3084,0
982,2336,69.2455508,21.82371587,27.87452,120.79789,27.87937,120.8036,6,4489,0
25,1680,24.03911832,-5.024011361,27.976204,120.667973,27.96413,120.67139,5,93,0
19,1753,9.055319307,11.06093147,27.98443,120.66958,27.96526,120.65283,-1,31,0
1688,2224,3.075776999,7.533464757,27.983768,120.665796,27.98445,120.67253,4,46,0
54,2198,-24.58317003,-12.24395687,28.018598,120.620672,28.01139,120.622331,4,33,0
458,1239,35.62641645,-51.1049314,27.87682,120.64507,27.87124,120.64996,3,39854,0
159,2005,26.90620866,-9.155646154,27.94833,120.66804,27.92325,120.6878,-1,8,0
618,1093,-17.89198993,-40.91111515,28.03155,120.59436,28.03228,120.58055,9,27,0
702,1848,32.10189183,-13.07039222,27.94104,120.72061,27.96164,120.66747,-1,2,0
364,2588,-10.50899151,-38.11350248,28.01704,120.5833,28.02213,120.5743,9,12,0
1160,2792,-22.89146988,23.45021155,28.01525,120.66252,28.02302,120.66759,3,27,0
2227,2446,6.501346942,6.074462564,27.98375,120.66578,27.98763,120.66308,4,4984,0
677,1657,-50.38601592,-27.53710601,28.040628,120.619569,28.04146,120.62266,7,1478,0
621,2541,2.19931311,-50.62286725,27.98848,120.61075,27.99417,120.59987,8,4834,0
382,2809,-13.20530771,24.67018643,28.01967,120.6623,28.022802,120.673347,3,142,0
893,2080,-12.07917518,41.98447303,28.00209,120.66254,27.994449,120.671107,-1,155,0
331,2954,-38.28805238,-8.908279744,28.03958,120.62042,28.05735,120.66573,7,0,0
1058,1351,-59.9209947,-25.2547445,28.04752,120.63044,28.04387,120.63355,7,44474,0
384,1082,-24.57091989,-3.09133215,28.01405,120.63301,28.016688,120.655528,-1,27,0
603,2182,12.2031864,-42.14069277,27.97164,120.62661,27.96515,120.61124,8,212,0
310,1889,-42.00195061,34.91017832,28.01428,120.65834,28.01442,120.65841,3,963,0
906,1081,-5.172698009,10.61781825,28.01211,120.69386,27.997963,120.659738,-1,8,0
1847,2087,-52.16911718,20.04929644,28.02474,120.6613,28.02363,120.66164,3,861,0
50,1922,65.59296837,22.83983437,27.86632,120.78925,27.85558,120.80096,6,339,0
331,2518,-55.2802598,-2.990616832,28.03958,120.62042,28.03042,120.62936,7,18,0
2087,2164,-14.3784216,21.5611932,28.02363,120.66164,28.01286,120.66582,3,25,0
2157,2940,7.11476793,42.36014075,28.01324,120.69695,28.01097,120.69526,7,123,0
308,1093,-31.73566391,-49.83970499,28.07118,120.58698,28.03228,120.58055,9,17,0
772,923,-46.133103,-29.56949464,28.05187,120.61117,28.06101,120.62576,7,437,0
273,683,-33.33493669,6.963267054,28.02613,120.64691,28.02385,120.654752,7,23,0
137,990,-64.24296502,21.80409323,28.09455,120.68783,28.096389,120.657778,-1,81,0
729,1399,-25.92782665,-25.44343804,28.02336,120.60588,28.024487,120.608733,3,707,0
1341,2841,25.48921196,51.92534043,27.9986,120.70953,28.000286,120.70749,7,124,0
422,2693,25.55449311,41.72421937,28.00525,120.70299,27.989197,120.703236,7,10,0
464,672,13.86667286,-25.63960008,27.9659,120.64111,27.96719,120.59359,8,60,0
513,795,30.94326787,-36.69195016,27.921152,120.682999,27.91839,120.66065,3,0,0
1134,1916,-3.092929526,-23.92523937,27.99644,120.63354,27.988443,120.627578,8,51,0
1187,2279,18.64831669,29.55608309,27.96331,120.66311,27.98388,120.70501,-1,12,0
298,2824,39.39814966,3.430976507,27.92054,120.70164,27.92444,120.70304,3,51,0
1159,1900,-29.15443787,-46.58114719,28.02791,120.59925,28.06605,120.58485,-1,316,0
1342,1926,-11.97853027,53.07064444,28.00491,120.67627,28.01239,120.67322,-1,448,0
160,1580,36.87070495,35.66875556,27.97864,120.71467,27.97711,120.72623,10,407,0
1578,1965,18.23090782,-32.92372646,27.97058,120.5853,27.94943,120.58007,-1,85,0
475,2549,7.682406826,-35.73067543,27.98226,120.62389,27.98841,120.58255,8,9,0
522,1495,10.85156357,-32.27596857,27.95536,120.60011,27.95745,120.62666,-1,28,0
1296,2832,72.14723552,6.665513529,27.89897,120.79855,27.8881,120.80006,6,240,0
803,1088,-37.04985027,6.376788533,28.02715,120.65114,28.016654,120.650607,-1,10,0
264,1045,-21.78044399,20.80715292,28.01535,120.66232,28.0167,120.656,3,46,0
43,583,-48.87884905,8.244959863,28.023236,120.644174,28.023258,120.644214,3,212,0
1365,2793,36.93352999,34.83152252,27.982061,120.727042,27.96841,120.73048,-1,114,0
1053,2244,24.74440696,28.92641842,27.99068,120.7167,27.985555,120.71778,7,26,0
1159,2453,-32.10424723,-33.65088304,28.02791,120.59925,28.04644,120.60417,-1,22,0
734,1583,3.967833122,-5.920723636,28.01097,120.60609,28.01294,120.61133,3,70,0
460,1937,25.03789416,51.93179559,27.996057,120.710262,27.99978,120.71126,7,295,0
359,1730,-18.86737006,16.03374326,28.0113,120.6614,28.01103,120.66171,3,20,0
646,2762,-25.27693432,41.83917686,28.02101,120.67872,28.01919,120.67036,3,255,0
434,1899,-42.19525901,-26.8461881,28.07246,120.62056,28.06248,120.60338,9,6,0
2219,2734,37.99434118,-47.77095757,27.88424,120.6382,27.90428,120.63587,3,1345,0
2614,2656,-29.13112981,-9.978375357,28.01688,120.6293,28.024797,120.649708,-1,154,0
163,1195,13.35329821,53.28822287,28.0157,120.708492,28.008888,120.709166,7,170,0
170,890,39.87392839,-25.55073109,27.92087,120.70636,27.92123,120.70681,3,79,0
382,640,-20.24964465,22.47128359,28.01967,120.6623,28.01677,120.65806,3,64,0
79,1454,46.67810494,-27.03824786,27.921889,120.696181,27.92271,120.7068,3,812,0
900,1845,37.15695583,13.84199236,28.00452,120.76393,27.99406,120.72557,-1,29,0
1007,1308,16.89663019,6.999878253,27.96558,120.68672,27.98404,120.68203,-1,35,0
2366,2428,2.692610008,2.310367426,27.97973,120.67677,27.98819,120.6531,5,4,0
273,1528,-35.95092879,14.11693649,28.02613,120.64691,28.01484,120.64575,-1,20,0
906,1149,-16.9719876,35.53280132,28.01211,120.69386,28.02051,120.67683,-1,24,0
2080,2767,1.825145382,12.68277086,27.994449,120.671107,28.00293,120.64916,-1,6,0
369,842,57.93118072,-0.1934063,27.9277,120.83323,27.90945,120.81881,6,22,0
1261,1653,-31.2374238,31.44561655,28.00417,120.65509,28.00714,120.65555,3,61,0
999,1191,17.09942079,-15.8855837,27.95989,120.64875,27.95227,120.64535,5,9,0
1062,2874,23.40961274,17.08571864,28.07018,120.74169,28.068889,120.756389,-1,109,0
1771,2259,10.1951303,34.25590795,27.99855,120.69275,28.00154,120.69636,-1,3,0
1140,1512,-16.07055792,-53.06539804,28.04193,120.57698,28.04225,120.58748,9,96,0
1584,2051,66.47468438,8.633260625,27.89209,120.81396,27.91544,120.83871,6,422,0
599,2301,18.0924974,-11.33596519,27.97321,120.72684,27.97211,120.77582,10,0,0
27,820,12.41158466,56.44629734,28.00949,120.71444,28.00789,120.70721,7,596,0
518,2433,-20.94175122,31.97191439,28.025347,120.666909,28.02202,120.66394,3,20,0
477,1806,42.17634447,15.81959953,27.994763,120.731284,27.971111,120.759166,-1,0,0
475,1460,-4.329438162,-20.1683717,27.98226,120.62389,27.985304,120.632788,8,1353,0
1653,2120,-33.994865,34.20471263,28.00714,120.65555,28.00312,120.65388,3,2198,0
1054,2703,-7.548019847,-13.3149208,27.99918,120.641648,27.99103,120.63464,-1,130,0
685,696,17.46148448,-48.86384197,27.97822,120.56591,27.960958,120.569257,-1,497,0
3,1198,-22.70736137,-39.24092147,28.03927,120.5877,28.0332,120.591,9,161,0
1285,2847,-33.82848258,-34.72745317,28.04108,120.61641,28.041041,120.588459,-1,9,0
14,867,-24.85790294,35.81344712,28.02496,120.66541,28.02368,120.66461,3,194,0
227,1273,-52.06797991,-27.9873578,28.05333,120.63083,28.02347,120.61544,-1,50,0
2144,2875,42.32505188,-22.75775042,27.92809,120.70577,27.92368,120.70347,3,223,0
550,1623,17.68945009,56.65705958,28.0076,120.72365,28.01771,120.71787,7,0,0
457,549,29.37551607,34.57280291,28.01851,120.70462,28.00025,120.7286,7,0,0
1342,2621,-11.24440136,56.03502158,28.00491,120.67627,28.01036,120.67777,4,854,0
464,1166,13.59375508,-26.07601136,27.9659,120.64111,27.95794,120.60138,-1,23,0
1717,1819,0.615894586,-46.82852736,27.99375,120.61713,27.996696,120.603355,8,581,0
193,1868,31.07817388,14.32446105,28.02809,120.78452,28.019447,120.796853,2,32,0
397,1212,-0.342841714,-39.16451134,27.98278,120.56366,27.99789,120.56689,8,80,0
1363,2057,67.10392346,22.27409036,27.87025,120.79516,27.86515,120.79611,6,942,0
1245,2730,40.50292225,-16.42696226,27.92828,120.69722,27.92782,120.69643,3,132,0
317,2433,-27.54846689,21.65761162,28.01994,120.655,28.02202,120.66394,3,239,0
1407,2059,3.968799228,-27.13624508,27.97235,120.62717,27.987233,120.614505,8,57,0
423,738,50.80834787,-10.87893323,27.962446,120.822852,27.9652,120.81554,-1,1120,0
919,2105,-9.230342852,23.42085206,28.01517,120.66789,28.01341,120.67225,3,29,0
1911,2516,38.21822672,33.75612798,27.97773,120.72673,27.97841,120.73883,10,237,0
270,1759,-24.49546436,45.55993294,28.01764,120.68649,28.018481,120.682668,-1,4820,0
708,2875,37.58623288,-22.67274888,27.9343,120.7072,27.92368,120.70347,3,66,0
246,2539,10.8933416,-24.11112961,27.95634,120.66596,27.97231,120.62724,-1,0,0
1980,2853,19.01863256,-9.97277388,27.9546,120.667,27.97599,120.59211,-1,10,0
402,1156,-37.95344727,35.42267288,28.01188,120.66205,28.01027,120.66077,3,908,0
572,2445,-0.085933778,-46.55995165,27.99271,120.56614,27.992515,120.595201,8,81,0
1511,2160,39.98988397,20.96029889,27.97302,120.73654,27.9668,120.7548,10,93,0
255,1697,66.48016129,-1.796484737,27.91211,120.79786,27.93044,120.81856,6,83,0
1087,2955,-25.18382146,38.33105966,28.02274,120.66726,28.02188,120.66555,3,837,0
2616,2672,11.49866124,63.7878593,28.018222,120.70197,28.02026,120.69523,7,358,0
2168,2509,-24.74220477,-26.29962709,28.02265,120.60445,28.02225,120.60442,3,17816,0
1530,1693,28.45539728,-50.78812151,27.86421,120.64917,27.85534,120.66953,3,44,0
1057,2427,-5.533888155,26.55902999,28.00859,120.67718,28.0086,120.6772,-1,18,0
1324,2286,30.05616016,12.2220374,28.0278,120.808,28.06047,120.84031,2,130,0
2656,2899,-48.46915588,15.3581532,28.024797,120.649708,28.02802,120.65472,7,1200,0
1130,2049,-30.76569586,-4.997661375,28.02327,120.63423,28.01711,120.63167,-1,18,0
364,2960,-8.045175755,-32.51581825,28.01704,120.5833,28.017,120.583,9,5365,0
872,2703,0.704798514,-10.19997698,27.98477,120.64882,27.99103,120.63464,-1,43,0
185,2502,-19.11050399,-27.75963365,28.021498,120.59653,28.01993,120.59594,3,70,0
1321,1769,1.543071972,54.13649331,27.99863,120.68954,27.998722,120.707177,-1,66,0
2379,2656,-39.88873254,11.27234197,28.04982,120.6511,28.024797,120.649708,7,10,0
1347,1689,-30.891708,17.11438618,28.01058,120.65406,28.02095,120.64389,3,148,0
2123,2465,32.24797964,-44.01664551,27.92383,120.67387,27.88796,120.64935,3,14,0
646,1928,-23.66133864,43.3954264,28.02101,120.67872,28.02228,120.67645,3,453,0
457,2200,-42.16797572,-10.27803468,28.01851,120.70462,28.03746,120.65611,7,9,0
1742,2456,-24.29720847,38.85884033,28.010383,120.6909,28.022125,120.670739,-1,137,0
758,1622,-4.854100565,50.38568144,27.99542,120.68153,28.00126,120.6875,4,64,0
1500,1912,-53.53074426,-17.86409381,28.05006,120.62061,28.05972,120.64548,7,26,0
422,1020,8.083061754,57.15121989,28.00525,120.70299,28.00029,120.70357,7,4111,0
1178,1622,-0.890474902,54.17103297,27.99689,120.69531,28.00126,120.6875,4,191,0
762,1078,-16.47105806,-13.33443243,28.012025,120.618869,28.015777,120.621944,4,33,0
86,916,-42.19858403,30.66319211,28.01563,120.65181,28.01381,120.65692,3,334,0
391,841,-25.82310792,0.45298325,28.02273,120.64301,28.0171,120.63698,3,59,0
1370,1591,17.53237731,39.43299421,28.00092,120.7074,28.00528,120.70899,7,20,0
1671,2053,-18.36186526,-7.820306562,28.00231,120.63401,28.01003,120.63016,-1,320,0
962,2189,-31.04627441,-7.441716142,28.017111,120.631666,28.01722,120.63141,4,75,0
142,1151,-42.16044314,-49.38768955,28.07201,120.60483,28.082463,120.58878,9,153,0
1577,1737,-18.8888428,-53.07778469,28.04175,120.58651,28.03968,120.57291,9,71,0
759,1651,43.36155025,26.87984802,27.97238,120.74249,27.97707,120.74717,10,889,0
1483,2564,29.96719817,1.348967177,27.9897,120.71206,27.96169,120.70433,-1,22,0
176,1399,-27.20225489,-24.74588002,28.02521,120.6105,28.024487,120.608733,3,11361,0
959,2345,-37.07825794,33.05780551,28.009115,120.657413,28.009036,120.657267,3,824,0
1070,1682,42.18084245,3.667530999,27.97374,120.7589,27.96568,120.73665,10,0,0
959,1588,-11.31325408,9.517663607,28.009115,120.657413,28.00248,120.65588,3,17,0
1019,2336,68.81790005,6.927400231,27.89391,120.81686,27.87937,120.8036,6,472,0
920,2155,18.27926759,-39.34539237,27.94553,120.6091,27.93749,120.59711,10,4257,0
735,2281,-5.644673575,-12.66044668,27.993371,120.637184,28.00143,120.63625,-1,254,0
2131,2385,3.558075608,14.3793871,27.97509,120.65593,27.998,120.672205,-1,19,0
245,790,22.28923996,-12.92491667,27.9517,120.6639,27.95053,120.66517,5,1330,0
1944,2718,17.07220347,-33.02438744,27.97112,120.57378,27.94477,120.59481,-1,7,0
359,2919,-37.42081802,36.04147504,28.0113,120.6614,28.01102,120.66047,3,207,0
1058,1713,-41.0343477,-6.287708878,28.04752,120.63044,28.01567,120.62619,-1,2,0
115,2759,53.21750164,-7.027133629,27.94565,120.83188,27.96648,120.78929,-1,107,0
662,1528,-26.43630737,6.952348007,28.011023,120.643553,28.01484,120.64575,3,24,0
1481,1667,13.1279434,-41.85398945,27.96111,120.6227,27.93583,120.61337,8,412,0
500,2841,25.78920055,53.34991566,27.99978,120.7112,28.000286,120.70749,7,60,0
1614,2278,-52.71623626,19.33708137,28.02662,120.65948,28.0258,120.65965,7,132,0
1525,2847,-13.17618469,-54.20078915,28.03821,120.57802,28.041041,120.588459,9,516,0
1424,1772,-28.1439817,-31.52784702,28.02108,120.60101,28.02618,120.60498,3,93,0
552,702,35.10951463,-2.929087824,27.96536,120.74141,27.94104,120.72061,10,141,0
486,1709,45.66217874,26.29190218,27.97508,120.74612,27.97034,120.76311,10,70,0
1432,1453,-8.956725355,-7.479687182,28.00892,120.62295,27.99832,120.6366,-1,4,0
142,257,-43.13270271,-48.92189805,28.07201,120.60483,28.076984,120.602335,9,3517,0
403,1316,32.04781907,4.107464678,27.98093,120.71034,27.97332,120.71019,-1,876,0
1981,2921,-53.6926498,-25.36308775,28.04382,120.61146,28.04626,120.62812,7,353,0
780,1904,-9.69371659,32.66894178,28.01006,120.68043,28.01361,120.68305,-1,35,0
677,1703,-35.0456292,-21.78756021,28.040628,120.619569,28.0483,120.62027,7,69,0
2682,2942,-15.91087602,2.298890561,27.99605,120.64769,27.99994,120.64617,3,106,0
1499,2736,0.379168725,59.17454372,28.00636,120.69525,28.008768,120.696683,7,235,0
2101,2680,6.088328117,0.85765605,27.977877,120.667591,27.97782,120.66753,5,45,0
73,1670,-22.56383557,-5.320785592,28.01003,120.63314,28.00788,120.63732,3,7,0
609,2450,-43.35259897,-18.20486355,28.02096,120.62016,28.04901,120.63968,-1,3,0
1478,2542,-32.28910685,-0.714685104,28.02333,120.63639,28.01903,120.61189,-1,0,0
73,1033,-18.11677271,-8.934624785,28.01003,120.63314,28.007951,120.626328,-1,205,0
422,2762,-19.41211827,30.1392844,28.00525,120.70299,28.01919,120.67036,-1,16,0
1709,1839,47.9017817,15.77773891,27.97034,120.76311,27.97706,120.75192,10,1110,0
84,467,-20.78647721,47.14334189,28.01988,120.68913,28.012398,120.68848,7,361,0
744,1683,5.476963383,-6.094263864,27.96358,120.66496,27.95708,120.67304,5,18,0
1008,1221,-43.94494117,-45.63420408,28.06212,120.60705,28.074942,120.604791,9,40,0
1140,1823,-16.28323066,-58.90804269,28.04193,120.57698,28.037123,120.578514,9,14369,0
133,1683,28.11268169,-7.614825737,27.9535,120.69621,27.95708,120.67304,5,280,0
876,1736,-44.47593358,-0.085124394,28.01851,120.63892,28.029592,120.6244,-1,32,0
667,912,39.57573556,40.48366922,27.986198,120.732437,27.98324,120.72334,10,40,0
2005,2698,32.45126924,-34.51564837,27.92325,120.6878,27.929541,120.681063,-1,20,0
2278,2929,-51.67096319,18.16101894,28.0258,120.65965,28.026713,120.658442,7,309,0
1620,2614,-48.858374,-5.525235839,28.01578,120.62194,28.01688,120.6293,4,232,0
668,1652,-13.06253155,-24.12559242,28.0105,120.60976,28.01222,120.60917,3,0,0
189,312,14.75838398,4.592204629,27.98396,120.69007,27.97483,120.67456,-1,16,0
332,2392,-3.604623952,57.41540212,28.00341,120.68731,28.00878,120.68835,-1,1599,0
1908,2483,-16.20596031,-22.88158862,28.0141,120.60512,28.02455,120.61196,3,16,0
126,2378,6.48489594,61.69326337,28.014957,120.696342,28.013795,120.696286,7,145,0
595,1117,-11.88091855,29.68390878,28.01681,120.67808,28.02055,120.68861,-1,22,0
1232,1441,-66.84777593,7.063362181,28.04357,120.651564,28.04381,120.65767,7,3715,0
1440,2726,61.57503788,-2.791071145,27.92653,120.78661,27.9296,120.80677,6,50,0
198,1342,-1.163309896,28.02638091,27.99428,120.679324,28.00491,120.67627,4,26,0
851,1900,-31.56521001,-50.25710531,28.07279,120.55038,28.06605,120.58485,9,12,0
147,237,-14.77546006,-29.55062718,28.01625,120.60085,28.023421,120.592786,3,62,0
1572,2156,-21.23020612,-34.49929985,28.02693,120.60664,28.02454,120.591434,3,3,0
830,1860,20.3768556,6.127178335,27.97997,120.68921,27.97729,120.68651,-1,52,0
1840,2373,-33.37939497,35.93928142,27.9981,120.6541,27.99672,120.65264,3,7436,0
159,2250,28.60553669,-11.76789756,27.94833,120.66804,27.92446,120.6923,-1,0,0
182,1094,-25.95696258,-20.93283241,28.01939,120.61656,28.01845,120.59962,3,216,0
1655,2362,45.65693553,-22.53884918,27.92826,120.70156,27.92159,120.70412,3,558,0
1603,2718,20.25470468,-40.15494343,27.94403,120.59556,27.94477,120.59481,10,21273,0
1981,2151,-45.54989335,-44.40853737,28.04382,120.61146,28.06452,120.61682,-1,138,0
117,1474,-26.4747341,-39.05926426,28.026108,120.592702,28.02436,120.58545,-1,177,0
512,1848,13.44872446,-15.0709543,27.96138,120.66311,27.96164,120.66747,5,1375,0
2832,2966,58.65601332,9.367999652,27.8881,120.80006,27.90319,120.81717,6,17,0
1129,1155,64.19883313,-11.95655495,27.91593,120.8267,27.9164,120.82583,6,425,0
318,545,8.943138989,-15.22183576,27.97271,120.64743,27.96676,120.65937,5,366,0
1100,1637,-20.33393529,-12.99296871,28.00741,120.61911,28.007347,120.618907,4,5040,0
58,91,45.47891804,32.26110017,27.97969,120.74181,27.97831,120.74149,10,3724,0
292,1990,-36.5328138,6.798430129,28.02857,120.65898,28.02045,120.65999,-1,10,0
759,1942,43.01621824,25.98702899,27.97238,120.74249,27.97292,120.74185,10,856,0
159,1391,28.22586919,-6.207530748,27.94833,120.66804,27.95467,120.69939,-1,63,0
1537,1809,-22.87300709,8.615036138,28.011427,120.649686,28.011648,120.649797,3,7,0
1911,2842,17.2092583,22.90328804,27.97773,120.72673,27.98853,120.69743,-1,5,0
1182,1759,-17.40211632,35.28801141,28.02301,120.68076,28.018481,120.682668,3,93,0
76,2186,24.36893368,34.55520389,27.99619,120.71034,27.99188,120.7165,7,12,0
1600,2696,36.96172031,-22.99646731,27.92162,120.70502,27.92345,120.70485,3,77,0
1753,1837,5.787526261,-23.22166193,27.96526,120.65283,27.98603,120.63754,-1,0,0
1194,2021,30.13292714,-10.48963805,27.9573,120.67705,27.92043,120.68424,-1,30,0
584,2485,-1.178295925,-9.772771664,27.99383,120.62841,27.99123,120.63845,8,6,0
1197,1323,69.86651837,18.68871361,27.8679,120.81282,27.85707,120.81238,6,293,0
2848,2901,24.39474971,-0.014668973,27.965369,120.686131,27.97339,120.7071,-1,246,0
846,1427,44.91880926,14.12578239,28.00453,120.74869,27.98011,120.74983,-1,170,0
468,2150,-28.03707904,-35.5450692,28.02464,120.59155,27.99711,120.58895,3,1937,0
2405,2793,27.30844538,-6.222673172,27.96984,120.68551,27.96841,120.73048,-1,16,0
135,446,-0.104351436,-48.37410266,27.9974,120.622,27.98581,120.61459,-1,2,0
724,872,-9.590560605,-15.37703186,27.99279,120.64931,27.98477,120.64882,-1,625,0
296,2309,54.58188502,-0.14137979,27.93013,120.81461,27.92657,120.81725,6,32,0
797,2408,48.16062717,20.32326109,27.97373,120.74409,27.97638,120.75557,10,739,0
955,1646,-60.25380072,0.511327945,28.04133,120.65311,28.03083,120.63755,7,14,0
600,2939,-32.60092761,27.07839651,28.00892,120.64776,28.011397,120.653141,3,147,0
1977,2742,-1.44146627,23.50680418,27.99753,120.67522,27.99959,120.67971,4,28,0
415,2656,-46.44620166,16.48058683,28.01975,120.65219,28.024797,120.649708,-1,387,0
52,971,63.83156966,-2.572088996,27.93816,120.80145,27.92205,120.80111,6,248,0
951,2966,64.96002983,-14.47167312,27.90882,120.83189,27.90319,120.81717,6,195,0
1848,2248,15.49670975,-3.678918195,27.96164,120.66747,27.97512,120.69186,-1,41,0
643,1351,-66.5278097,5.901765033,28.04355,120.65147,28.04387,120.63355,7,1520,0
747,1347,-28.40054905,27.25463574,28.01175,120.66003,28.01058,120.65406,3,6,0
952,2360,47.86590083,17.1667449,27.97169,120.76145,27.97589,120.75072,10,173,0
1660,2223,55.68077171,5.469713699,27.91134,120.80988,27.922663,120.824735,6,25,0
1736,1899,-49.51399334,-27.18938289,28.029592,120.6244,28.06248,120.60338,-1,105,0
237,617,-8.994786508,-28.13237569,28.023421,120.592786,28.013371,120.594287,3,440,0
2108,2446,0.333730139,10.41616745,27.986292,120.662051,27.98763,120.66308,4,83,0
858,1843,8.556212295,13.74193039,27.985,120.676,27.983923,120.680378,4,3,0
305,1105,-35.28190892,17.99409296,28.008511,120.618079,28.00791,120.64843,-1,18,0
724,1421,-4.139665481,-13.46795134,27.99279,120.64931,27.98936,120.6427,-1,24,0
1956,2307,20.68474369,-2.725335548,27.96946,120.72066,27.957377,120.682574,-1,27,0
1665,1668,14.46061899,43.76201161,28.008214,120.715624,28.014884,120.718151,7,9,0
799,1775,64.27767613,-7.096674297,27.93368,120.81563,27.93336,120.817726,6,200,0
1940,2857,-41.48391801,-29.8485863,28.05756,120.60725,28.09805,120.59534,-1,10,0
1443,1506,-24.58836325,37.99069429,28.02212,120.67074,28.02799,120.66168,-1,361,0
619,812,-40.58190712,30.44517022,28.01319,120.65921,28.01375,120.6551,3,616,0
46,1098,-54.49167815,-32.9851059,28.04917,120.61056,28.0475,120.62333,7,9011,0
358,702,34.37917239,-2.395891334,27.96854,120.74135,27.94104,120.72061,10,4,0
666,2911,-33.63169372,-56.70320455,28.07352,120.58467,28.0692,120.57826,9,2805,0
468,2156,-24.92507812,-36.49723095,28.02464,120.59155,28.02454,120.591434,3,4462,0
1576,1885,12.28983588,-42.47975991,27.970529,120.613192,27.96887,120.61609,8,454,0
644,1506,-21.02296393,19.21284024,28.01278,120.65944,28.02799,120.66168,-1,6,0
213,1286,-34.54550011,17.35536874,28.01009,120.63564,28.01117,120.65006,3,23,0
2627,2956,29.16810416,18.19044222,28.01826,120.7953,28.01751,120.79482,2,5346,0
802,1534,-25.40945441,44.70981982,28.01624,120.67802,28.017189,120.678534,3,106,0
1588,1992,-10.14549692,7.595391301,28.00248,120.65588,28.00371,120.66093,3,54,0
482,1821,49.56631558,18.253522,27.97359,120.74776,27.98011,120.74803,10,4276,0
227,2151,-43.17574652,-25.22262721,28.05333,120.63083,28.06452,120.61682,-1,101,0
213,305,-25.12217085,0.234447388,28.01009,120.63564,28.008511,120.618079,-1,27,0
231,1549,28.40724063,46.48656957,27.995464,120.7078,27.98966,120.70619,7,477,0
1849,2187,65.64901541,9.446728696,27.89831,120.81286,27.89058,120.80958,6,201,0
1388,2280,-36.10426993,17.10402729,28.01822,120.64711,28.01549,120.64822,3,267,0
477,2363,32.27568147,35.85977882,27.994763,120.731284,27.98627,120.73454,-1,81,0
2629,2792,-24.27098527,37.41915805,28.024983,120.66739,28.02302,120.66759,3,193,0
482,2663,28.9742358,32.57324436,27.97359,120.74776,27.99627,120.72691,-1,50,0
79,1563,45.27983656,-30.8173199,27.921889,120.696181,27.92204,120.69661,3,7146,0
893,2715,-12.55870403,44.36787401,28.00209,120.66254,27.99435,120.66326,-1,757,0
174,627,-60.06156854,-12.63515192,28.04894,120.64323,28.0494,120.66193,7,90,0
2076,2817,8.33509703,-57.48087306,27.99335,120.57729,27.98271,120.56368,8,249,0
832,2532,-62.18161551,18.04634487,28.05231,120.68005,28.03232,120.78261,-1,57,0
1274,1684,2.691467541,-25.48090266,27.988034,120.621545,27.98796,120.61592,8,34,0
1940,2146,-43.78637141,-41.8416203,28.05756,120.60725,28.051431,120.600469,7,539,0
1286,1510,-29.71268625,3.499637591,28.01117,120.65006,28.023269,120.632426,-1,6,0
836,1474,-14.58176323,-36.11359005,28.02242,120.60801,28.02436,120.58545,-1,20,0
80,939,-18.91924029,-10.16453763,28.01143,120.62756,28.011111,120.6275,4,16,0
2792,2825,-26.08566688,38.56067373,28.02302,120.66759,28.021763,120.668383,3,2210,0
1091,2682,4.185458499,-7.573902037,28.00055,120.64544,27.99605,120.64769,3,4,0
708,2331,33.38784239,-11.25361913,27.9343,120.7072,27.92645,120.67635,3,65,0
1023,1506,-65.0818426,12.60196118,28.046787,120.661963,28.02799,120.66168,7,19,0
1455,1608,-37.66515201,-17.7795304,28.03905,120.62757,28.0453,120.65749,7,73,0
968,2871,30.11159741,-30.5835814,27.92497,120.69109,27.92341,120.69408,3,205,0
431,2670,-8.876098257,54.79046525,28.00412,120.6803,28.004123,120.680295,4,150,0
46,1004,-45.57665967,-31.77098358,28.04917,120.61056,28.04879,120.61397,7,1705,0
359,1971,-18.24574975,15.65787709,28.0113,120.6614,28.0089,120.66177,3,44,0
98,1134,-7.278082535,-15.79106524,27.996306,120.644374,27.99644,120.63354,-1,165,0
296,2254,54.3999702,0.080365604,27.93013,120.81461,27.923401,120.816621,6,34,0
630,1769,6.407025761,51.18570306,28.0017,120.699,27.998722,120.707177,7,20,0
1984,2816,-58.51849917,4.740919711,28.039803,120.642004,28.04411,120.63996,7,156,0
221,347,21.59393367,44.97025335,28.00742,120.71768,27.98785,120.71681,7,124,0
1895,2297,32.39262991,-2.259483418,27.96905,120.70307,27.92659,120.71116,-1,11,0
42,1521,-30.26073868,32.3023956,28.0014,120.65569,28.00551,120.66263,3,217,0
1357,2292,-20.49649151,-49.11026237,28.05143,120.60047,28.04572,120.58643,-1,2,0
914,1469,69.12856129,-6.486843696,27.93088,120.80284,27.93568,120.7957,6,1438,0
1845,2663,19.14079338,59.13970482,27.99406,120.72557,27.99627,120.72691,7,16714,0
329,1239,27.85484451,-53.2201606,27.86838,120.6556,27.87124,120.64996,3,9558,0
1047,1177,0.206959047,58.49175807,28.00475,120.69418,28.00586,120.69435,7,199,0
2913,2946,70.68894884,-1.655689587,27.92081,120.81459,27.91587,120.81258,6,8697,0
1260,1697,59.38280055,-6.352605841,27.91444,120.83278,27.93044,120.81856,6,86,0
1889,2701,-41.08089723,36.19645886,28.01442,120.65841,28.0144,120.6591,3,518,0
78,1187,11.26129979,-2.339651646,27.969361,120.674444,27.96331,120.66311,5,13,0
279,1483,21.66132011,28.61149831,27.98465,120.73383,27.9897,120.71206,-1,14,0
1173,1347,-17.55730617,13.63006347,28.01246,120.65751,28.01058,120.65406,3,12,0
442,2795,59.061221,-7.2026086,27.92124,120.83163,27.91981,120.8278,6,247,0
1100,1428,-50.8712544,-3.892550984,28.00741,120.61911,28.02259,120.62662,-1,22,0
261,405,5.529087744,17.00032084,27.99005,120.67431,27.989232,120.680662,4,28,0
1256,1812,-33.35423104,16.00448646,28.01222,120.65195,28.01671,120.64947,3,44,0
1160,1433,-28.62974447,12.14896478,28.01525,120.66252,28.015196,120.648057,3,16,0
941,1445,22.57269202,31.47576428,27.99057,120.71338,27.99263,120.7145,7,26,0
1104,1255,-8.872557694,47.09708404,27.99923,120.67458,27.9997,120.67055,-1,716,0
940,1718,20.54667626,51.35601694,28.00288,120.71024,28.001831,120.717278,7,94,0
2059,2083,3.79345913,-27.24311353,27.987233,120.614505,27.95887,120.60962,-1,166,0
687,1461,11.41839318,37.79135021,28.006318,120.696659,28.008516,120.702342,7,17,0
437,2373,2.132487083,10.93478959,27.98847,120.666286,27.99672,120.65264,-1,19,0
26,284,28.95399459,-40.73485203,27.91714,120.66023,27.92764,120.69437,3,9,0
1728,2026,29.33066054,-49.53274226,27.85412,120.66711,27.856261,120.670711,3,142,0
819,2347,68.61392672,-2.408383872,27.91736,120.79806,27.91091,120.81602,6,404,0
999,1123,15.31098316,-19.96183265,27.95989,120.64875,27.96552,120.64757,5,2313,0
284,1858,45.66603042,-34.91836005,27.92764,120.69437,27.92336,120.69364,3,1028,0
409,2243,50.0019157,-2.105996116,27.95855,120.75661,27.94879,120.80808,-1,142,0
332,431,1.901833972,31.88692123,28.00341,120.68731,28.00412,120.6803,4,7,0
2137,2816,-68.51593517,3.745393374,28.04852,120.65349,28.04411,120.63996,7,707,0
1966,2330,0.285852747,-44.85975209,27.99619,120.58337,27.9967,120.60336,8,81,0
147,836,-21.7532696,-26.04204765,28.01625,120.60085,28.02242,120.60801,3,1901,0
2054,2252,-40.64199492,36.07792477,28.013423,120.658895,28.0135,120.659,3,2,0
136,2801,-25.49113271,10.3590307,28.01434,120.65091,28.01569,120.65545,3,3,0
663,1582,8.292433399,-0.836318956,27.97693,120.66377,27.96936,120.67444,5,17,0
270,1676,0.584739755,14.28532891,28.01764,120.68649,27.99435,120.67119,-1,0,0
1837,2703,-6.901399593,-19.89615638,27.98603,120.63754,27.99103,120.63464,8,1967,0
1737,2827,-34.42596278,-42.23010781,28.03968,120.57291,28.05657,120.60001,-1,42,0
1956,2592,56.39152344,-4.751782493,27.96946,120.72066,27.93254,120.82423,-1,61,0
2303,2726,52.61875125,0.256453677,27.90821,120.80227,27.9296,120.80677,6,82,0
133,1470,26.43259408,-0.174574023,27.9535,120.69621,27.97225,120.68006,5,99,0
1492,1689,-38.46860062,-1.047883303,28.02508,120.63816,28.02095,120.64389,-1,20,0
1689,2893,-28.04121121,8.140677905,28.02095,120.64389,28.01724,120.64719,3,147,0
2079,2120,-2.651641875,-15.22137261,27.99015,120.64099,28.00312,120.65388,3,0,0
288,525,34.27045196,-21.76083991,27.92329,120.7048,27.92276,120.70713,3,2,0
695,958,-20.33380899,-52.03524222,28.054694,120.586916,28.04944,120.58116,9,32,0
5,803,-66.45717814,17.0359601,28.05615,120.67115,28.02715,120.65114,7,42,0
1139,1916,-2.025266137,-23.34640058,27.988544,120.62822,27.988443,120.627578,8,68,0
1145,1689,-34.82999846,7.669552786,28.024208,120.653538,28.02095,120.64389,-1,40,0
319,1680,21.88437546,-8.63636809,27.93831,120.66539,27.96413,120.67139,5,2,0
468,1503,-11.47054809,-51.46192155,28.02464,120.59155,28.0363,120.5857,-1,319,0
1594,1958,-16.5233042,19.34579107,28.013672,120.663632,28.01842,120.65967,3,12,0
492,912,22.16895533,38.64681948,27.99261,120.71419,27.98324,120.72334,-1,5,0
468,2178,-16.60083013,-38.72150527,28.02464,120.59155,28.02937,120.59162,-1,59,0
1753,2089,10.7320131,-17.12464554,27.96526,120.65283,27.970224,120.651685,5,6700,0
2065,2737,-65.3394002,10.46777058,28.03893,120.65902,28.039023,120.659441,7,1233,0
1247,1416,-35.67045568,27.22109653,28.00929,120.65212,28.01137,120.64581,3,69,0
415,1082,-46.72755947,29.46805913,28.01975,120.65219,28.016688,120.655528,3,6163,0
1005,2744,-32.58062961,28.00197764,28.00628,120.65332,28.0132,120.654,3,4,0
708,2479,36.14646282,-4.462179673,27.9343,120.7072,27.95756,120.72822,-1,2,0
1529,1896,-33.95668491,-52.15095942,28.10206,120.54994,28.10296,120.57827,9,28,0
1563,2123,39.86616059,-36.76085879,27.92204,120.69661,27.92383,120.67387,3,47,0
972,1755,32.01008292,-36.11418167,27.94366,120.68317,27.916499,120.696973,-1,83,0
1030,1506,-51.04423332,18.92735623,28.02341,120.66131,28.02799,120.66168,-1,210,0
2123,2357,37.53454647,-39.23074176,27.92383,120.67387,27.92044,120.6689,3,19063,0
358,1950,31.74650906,38.35720515,27.96854,120.74135,27.99139,120.71952,-1,18,0
994,1433,-40.80424299,20.51408165,28.01318,120.65352,28.015196,120.648057,3,312,0
1769,1937,16.05833463,34.77360483,27.998722,120.707177,27.99978,120.71126,7,8,0
672,1749,13.53561396,-51.63301226,27.96719,120.59359,27.97581,120.57281,8,409,0
893,1889,-15.5960614,18.15654625,28.00209,120.66254,28.01442,120.65841,3,0,0
2298,2357,38.11883626,-39.56179279,27.92952,120.68107,27.92044,120.6689,-1,840,0
1701,1930,1.288975684,26.91539142,27.99766,120.68,27.99704,120.68015,4,9,0
1984,2012,-57.88116543,3.653323425,28.039803,120.642004,28.02392,120.644412,-1,12,0
57,836,-17.88403257,-25.75270258,28.00954,120.61511,28.02242,120.60801,-1,58,0
535,2226,50.41555955,-6.514516393,27.96456,120.79906,27.95539,120.82859,-1,122,0
982,2649,62.46023024,14.9974272,27.87452,120.79789,27.88565,120.80804,6,27,0
1152,1515,-16.5653783,14.19031285,28.013647,120.656985,28.01034,120.65781,3,8,0
347,1427,37.24983161,17.89063488,27.98785,120.71681,27.98011,120.74983,-1,31,0
1306,2431,-15.61258492,-6.798555609,27.99383,120.62833,28.0053,120.633,-1,189,0
919,2843,-30.032729,42.98131713,28.01517,120.66789,28.01538,120.6731,3,198,0
1394,2742,0.499155932,22.82893099,27.99572,120.672658,27.99959,120.67971,4,92,0
709,952,35.66868708,23.25432951,27.97153,120.73361,27.97169,120.76145,10,8,0
593,1532,59.27082748,2.14513969,27.91758,120.83739,27.9174,120.832,6,47,0
779,1398,-30.84601322,-35.2053008,28.03387,120.594038,28.02438,120.60303,-1,59,0
720,1022,34.07958232,28.96387631,27.97976,120.74186,27.99539,120.7173,-1,12,0
1166,1481,14.66807062,-41.84615257,27.95794,120.60138,27.96111,120.6227,-1,487,0
1292,2567,-1.069555248,6.46498475,27.99212,120.65926,27.992138,120.656444,4,16,0
2300,2305,32.70384484,33.84818843,27.99832,120.72424,27.98543,120.73922,-1,90,0
27,1505,11.31044093,44.13227869,28.00949,120.71444,28.02211,120.70716,7,2,0
936,1575,-59.59967521,3.995143366,28.02145,120.63334,28.03973,120.6399,-1,5,0
874,2208,-62.51392776,6.721181586,28.04411,120.64767,28.047396,120.656783,7,254,0
1007,2480,19.9937688,3.174250122,27.96558,120.68672,27.976345,120.701908,-1,4,0
1092,2593,20.27142726,-10.70557772,27.96187,120.66042,27.96314,120.66947,5,77,0
1060,1487,9.946583475,-58.823284,27.976777,120.549502,27.9731,120.55136,8,531,0
574,2297,46.92814587,-23.75942881,27.93368,120.71241,27.92659,120.71116,3,6653,0
2123,2250,32.9440235,-36.52735024,27.92383,120.67387,27.92446,120.6923,3,65,0
545,943,26.72694894,25.93553461,27.96676,120.65937,27.98369,120.71502,-1,4,0
170,2577,33.15692396,-29.72730551,27.92087,120.70636,27.92101,120.70502,3,46,0
2137,2208,-66.43895785,9.148671915,28.04852,120.65349,28.047396,120.656783,7,3546,0
383,544,-22.95372519,-59.24177831,28.05006,120.58705,28.05007,120.58709,9,77,0
403,1213,25.89396942,5.356013936,27.98093,120.71034,27.97513,120.69553,-1,5,0
1132,2373,-9.042698558,4.213072429,27.99853,120.6532,27.99672,120.65264,3,83,0
1503,1830,-12.18003511,-57.06881926,28.0363,120.5857,28.0362,120.58118,9,17608,0
292,1388,-39.55873841,8.976241793,28.02857,120.65898,28.01822,120.64711,-1,25,0
312,828,25.11620367,-5.571068041,27.97483,120.67456,27.96168,120.677789,5,617,0
319,1698,25.68633638,-11.03479828,27.93831,120.66539,27.95861,120.665556,5,67,0
1287,1768,72.21556699,14.78986452,27.8766,120.82074,27.87577,120.82258,6,520,0
1596,1984,-57.22768405,5.233879994,28.027266,120.655901,28.039803,120.642004,7,22,0
2433,2581,-28.41013121,23.32417748,28.02202,120.66394,28.020019,120.648575,3,41,0
1923,2531,-8.837787218,-15.93535172,27.99631,120.64437,27.99591,120.64416,3,5727,0
1159,2847,-27.12358372,-42.82910022,28.02791,120.59925,28.041041,120.588459,-1,1184,0
2319,2791,5.575821468,-52.71618692,27.97631,120.60491,27.99739,120.58551,8,154,0
552,1996,40.85884764,32.1395316,27.96536,120.74141,27.96722,120.73585,10,113,0
604,2316,-18.81926142,-27.02584349,28.015777,120.594444,28.0271,120.60091,3,109,0
318,724,-1.181266104,-15.79379718,27.97271,120.64743,27.99279,120.64931,-1,33,0
2284,2804,-22.1338331,43.77225292,28.02084,120.67866,28.02126,120.68452,-1,132,0
893,1282,-1.664114183,12.83361902,28.00209,120.66254,27.99298,120.66592,-1,4,0
198,1799,-5.365438325,39.11160605,27.99428,120.679324,27.99461,120.68409,4,221,0
1391,2479,38.19106808,-1.889878111,27.95467,120.69939,27.95756,120.72822,10,4633,0
1726,2531,-7.229264641,-4.036960173,28.000738,120.643235,27.99591,120.64416,3,0,0
237,2938,-23.0215405,-27.81412751,28.023421,120.592786,28.02158,120.59654,3,4420,0
2427,2535,-6.968946477,24.6302524,28.0086,120.6772,28.01377,120.68309,-1,0,0
850,1870,1.108728737,16.1148941,27.99186,120.67498,27.99576,120.6574,-1,30,0
1422,1793,16.60013289,47.53901856,28.00506,120.71172,28.00591,120.71482,7,60,0
599,1950,33.68694601,37.2684256,27.97321,120.72684,27.99139,120.71952,-1,2,0
438,1565,-52.0788346,-24.90656864,28.03933,120.62364,28.03749,120.6251,7,93,0
1009,2173,33.91731809,15.63216162,28.029342,120.785869,28.01765,120.74361,-1,46,0
1388,2567,-27.13667043,6.771278988,28.01822,120.64711,27.992138,120.656444,-1,0,0
818,2462,19.20422015,-16.54202848,27.94749,120.64401,27.93855,120.64822,5,21200,0
1487,2549,-0.383281599,-40.31462585,27.9731,120.55136,27.98841,120.58255,8,74,0
2643,2663,24.58185432,25.65184137,27.98611,120.71722,27.99627,120.72691,7,95,0
1871,2089,9.848862374,-16.09076655,27.96874,120.65488,27.970224,120.651685,5,13125,0
1085,1577,-31.94594315,-28.92804012,28.0257,120.6129,28.04175,120.58651,-1,4,0
992,2762,-15.48500329,24.51943547,28.02084,120.66124,28.01919,120.67036,3,59,0
211,1233,-7.824309818,-31.36460585,28.01211,120.58988,28.01428,120.58353,9,18186,0
925,2385,-9.001473249,36.94723439,28.00554,120.66603,27.998,120.672205,-1,36,0
468,1796,-39.4837592,-12.7336681,28.02464,120.59155,28.04071,120.63988,-1,8,0
1204,1242,16.41184062,-38.52856796,27.94777,120.6125,27.94889,120.61987,-1,559,0
1850,2714,65.35374388,14.6016593,27.86362,120.81173,27.8832,120.80518,6,29,0
687,1499,0.124272029,60.89780993,28.006318,120.696659,28.00636,120.69525,7,1629,0
76,2232,28.60584222,50.36321801,27.99619,120.71034,27.99607,120.71016,7,9081,0
727,2756,3.24273971,34.69754208,28.00933,120.69355,27.98645,120.68772,-1,5,0
1782,2662,2.132218181,49.93411191,27.997236,120.700653,27.9944,120.7017,-1,740,0
482,1806,49.10478059,18.21945118,27.97359,120.74776,27.971111,120.759166,10,1848,0
912,1022,22.37085097,43.94072177,27.98324,120.72334,27.99539,120.7173,-1,32,0
422,780,-6.391613874,55.10212514,28.00525,120.70299,28.01006,120.68043,-1,48,0
1317,1360,23.54780954,33.71267968,27.995577,120.71498,27.993854,120.698744,-1,28,0
152,2051,62.39701587,3.047911219,27.91139,120.82389,27.91544,120.83871,6,142,0
813,1159,-23.96075618,-22.05590087,28.01833,120.607999,28.02791,120.59925,3,37,0
47,2679,41.01410411,13.26465801,27.97433,120.75967,27.96428,120.80753,-1,31,0
1935,2842,17.13246617,23.18246972,27.97505,120.67499,27.98853,120.69743,-1,35,0
886,1647,46.68923432,-20.13562743,27.92484,120.70451,27.92515,120.70447,3,2220,0
677,2483,-34.10397651,-21.50594316,28.040628,120.619569,28.02455,120.61196,-1,0,0
1684,1998,-2.446884312,-27.69727947,27.98796,120.61592,27.987217,120.623164,8,483,0
1021,1495,12.35385956,-38.49249991,27.96668,120.62461,27.95745,120.62666,8,25,0
643,976,-45.23820723,-12.51416851,28.04355,120.65147,28.044851,120.648285,7,26,0
347,883,38.11143831,45.51879367,27.98785,120.71681,27.99238,120.73064,7,14,0
1433,1493,-22.11960047,6.145721306,28.015196,120.648057,28.013333,120.65,3,17,0
243,2767,-15.85568471,1.743964585,28.000291,120.647161,28.00293,120.64916,3,545,0
522,2094,9.825976627,-35.02541323,27.95536,120.60011,27.992,120.60987,-1,4,0
692,2535,-22.52961023,45.58966642,28.00622,120.6991,28.01377,120.68309,-1,41,0
468,1031,-24.3815642,-44.18077482,28.02464,120.59155,28.036972,120.589166,-1,118,0
906,1117,-11.55302992,32.68985722,28.01211,120.69386,28.02055,120.68861,7,48,0
405,1638,6.524748109,16.43498487,27.989232,120.680662,27.99258,120.67111,4,20,0
803,1286,-31.78505587,10.4620738,28.02715,120.65114,28.01117,120.65006,-1,4,0
1795,2706,-63.14060889,17.54247555,28.05247,120.66674,28.05757,120.67252,7,71,0
684,2380,29.90631108,-44.93985908,27.88258,120.62827,27.87032,120.66347,3,125,0
670,729,-22.35246821,-30.64087163,28.026927,120.60664,28.02336,120.60588,3,83,0
1218,2946,65.5986524,-9.722031729,27.91539,120.8198,27.91587,120.81258,6,3987,0
443,1433,-43.17552102,22.18745416,28.01674,120.64688,28.015196,120.648057,3,212,0
1360,2405,23.02001674,1.997234247,27.993854,120.698744,27.96984,120.68551,-1,29,0
647,2260,7.017426345,-28.6294103,27.9749,120.63133,27.97853,120.62639,8,31,0
828,1394,1.356116706,20.30425828,27.96168,120.677789,27.99572,120.672658,-1,4,0
1108,1110,39.16942024,-10.4612334,27.924685,120.69711,27.946867,120.69923,-1,131,0
415,470,-37.10308982,12.37775594,28.01975,120.65219,28.024081,120.646811,3,24,0
1563,1664,39.32587806,-29.7505211,27.92204,120.69661,27.92159,120.70309,3,157,0
549,912,29.95815419,29.3990254,28.00025,120.7286,27.98324,120.72334,-1,0,0
634,1198,-20.88455284,-33.84456411,28.02449,120.60873,28.0332,120.591,-1,2,0
655,1402,10.37690679,66.90393021,28.03962,120.71918,28.014576,120.681581,-1,11,0
2261,2405,23.74247609,-0.095131517,27.97054,120.68557,27.96984,120.68551,5,479,0
1938,2012,-44.91148979,18.82834135,28.01832,120.65141,28.02392,120.644412,3,289,0
644,2421,-15.77286304,16.99581681,28.01278,120.65944,28.014321,120.650131,3,49,0
487,2263,-30.01384939,28.76236969,27.98776,120.67428,28.00726,120.65848,-1,43,0
1306,2129,-7.742366185,-17.04707823,27.99383,120.62833,27.98951,120.64774,-1,105,0
1170,1217,-37.07758367,-1.347690043,28.023333,120.636389,28.02385,120.64132,3,136,0
1215,2083,1.205467287,-31.40268361,27.98702,120.60848,27.95887,120.60962,-1,7,0
1432,2431,-18.95556041,-9.285393444,28.00892,120.62295,28.0053,120.633,-1,779,0
243,959,-4.56078422,-4.644279173,28.000291,120.647161,28.009115,120.657413,3,16,0
1057,2621,-13.19052806,51.88058124,28.00859,120.67718,28.01036,120.67777,-1,417,0
2347,2946,68.81434529,-1.597256055,27.91091,120.81602,27.91587,120.81258,6,4369,0
916,1866,-21.43760755,18.82143777,28.01381,120.65692,28.01517,120.66503,3,111,0
82,2099,-1.894274379,39.28955181,27.99276,120.68048,27.99084,120.68506,4,64,0
1495,1764,11.71160204,-36.35176918,27.95745,120.62666,27.96875,120.60619,8,7,0
1360,2858,3.174033509,49.62025122,27.993854,120.698744,27.995808,120.698644,-1,241,0
2022,2264,18.70061356,-16.64109499,27.94096,120.64958,27.95241,120.64911,5,4676,0
2353,2842,19.53967624,7.669482112,27.973777,120.682079,27.98853,120.69743,-1,39,0
128,439,-45.75545705,14.62570854,28.0248,120.64971,28.02332,120.64816,-1,144,0
556,2539,9.094122374,-23.84100913,27.99014,120.62903,27.97231,120.62724,8,18,0
1572,1900,-48.31686172,-34.89277266,28.02693,120.60664,28.06605,120.58485,-1,235,0
84,1506,11.35690425,66.71554478,28.01988,120.68913,28.02799,120.66168,7,175,0
1605,2344,-7.365543989,-5.440032204,28.01353,120.6398,28.000843,120.64058,3,10,0
1222,2966,65.56858413,5.679761043,27.90261,120.81692,27.90319,120.81717,6,386,0
490,2767,-7.972049121,0.248702477,28.00307,120.6298,28.00293,120.64916,3,2,0
675,1814,30.72864112,-44.26860507,27.91318,120.6689,27.88108,120.671,3,2,0
436,2751,-15.08572442,51.18230492,28.01004,120.66769,28.01002,120.66745,3,626,0
224,1160,-23.7638657,26.88373959,28.01492,120.66976,28.01525,120.66252,3,51,0
279,1718,20.05483766,53.47006578,27.98465,120.73383,28.001831,120.717278,-1,46,0
384,962,-49.88127234,-3.570204557,28.01405,120.63301,28.017111,120.631666,4,374,0
430,2239,7.97256284,31.1842002,28.00437,120.69558,28.00222,120.68192,-1,0,0
369,2028,60.8348048,-10.21513705,27.9277,120.83323,27.92122,120.80887,6,240,0
1455,1807,-60.62133802,-27.24526123,28.03905,120.62757,28.040568,120.63282,7,5166,0
1651,2305,47.15565147,32.7120325,27.97707,120.74717,27.98543,120.73922,10,1024,0
1552,1681,16.20623647,43.70381658,28.00524,120.72204,28.005277,120.718888,7,25,0
31,761,-28.01239487,-3.252212186,28.02343,120.63235,28.02569,120.64175,-1,2,0
181,1213,21.49364585,6.814719991,27.97517,120.69185,27.97513,120.69553,10,153,0
1338,1912,-55.99991652,-17.3362783,28.056963,120.625239,28.05972,120.64548,7,296,0
1684,2330,1.806025919,-47.29960564,27.98796,120.61592,27.9967,120.60336,8,135,0
1533,1900,-30.56370871,-58.47037034,28.06943,120.56735,28.06605,120.58485,9,1832,0
1091,2767,-8.749861799,-1.480590351,28.00055,120.64544,28.00293,120.64916,3,88,0
1817,2831,-61.01529146,5.813425388,28.040399,120.645646,28.04021,120.64658,7,11,0
448,729,-18.58406994,-35.55248663,28.024644,120.599644,28.02336,120.60588,3,105,0
365,2224,5.656277115,6.986138889,27.98328,120.65734,27.98445,120.67253,4,51,0
335,552,27.49825329,-6.805745733,27.93483,120.66784,27.96536,120.74141,-1,0,0
935,1194,23.43818954,-7.654905001,27.97987,120.68111,27.9573,120.67705,-1,14,0
519,2703,-6.609379921,-15.80818074,27.98972,120.63892,27.99103,120.63464,8,364,0
734,2575,-16.92306624,-24.33401906,28.01097,120.60609,28.02926,120.59028,-1,5,0
773,2597,-7.747567436,43.24092324,27.989406,120.673557,27.993358,120.671015,4,205,0
1199,2471,-14.88381916,50.68822094,28.009766,120.667542,28.00877,120.66836,3,320,0
1415,2198,-25.68695324,-0.08856811,28.01447,120.64201,28.01139,120.622331,-1,0,0
1402,1606,-16.27808837,36.27345144,28.014576,120.681581,28.01492,120.67488,3,228,0
1394,2224,5.06893566,11.33036363,27.99572,120.672658,27.98445,120.67253,4,15,0
1284,2508,29.10432838,-17.11090793,27.94439,120.71319,27.96724,120.66561,-1,6,0
828,1699,17.48276839,11.28817339,27.96168,120.677789,27.97659,120.67899,5,409,0
2672,2804,7.439027588,68.70764981,28.02026,120.69523,28.02126,120.68452,7,61,0
46,2745,-55.82124106,-5.347265048,28.04917,120.61056,28.02921,120.62987,7,76,0
804,918,-35.36471191,20.15135683,28.012923,120.642857,28.0129,120.64233,3,6,0
1581,2913,63.81132598,0.157620491,27.90633,120.81918,27.92081,120.81459,6,45,0
2200,2483,-57.98509663,5.421886159,28.03746,120.65611,28.02455,120.61196,-1,2,0
174,2741,-48.80641497,-17.17599882,28.04894,120.64323,28.047585,120.646853,7,83,0
611,1945,67.78250616,15.50001586,27.867358,120.820794,27.872196,120.826598,6,46,0
2353,2508,18.33741386,9.129866742,27.973777,120.682079,27.96724,120.66561,5,625,0
2509,2631,-17.33501371,-26.06675911,28.02225,120.60442,28.01956,120.60229,3,56,0
1182,2650,-19.34696489,36.13248133,28.02301,120.68076,28.024386,120.675309,3,0,0
748,2159,36.2547937,-18.44908265,27.9266,120.711,27.9283,120.69546,3,42,0
178,2890,-30.57419721,1.227032404,28.01444,120.65108,28.02424,120.6348,3,29,0
844,2010,-5.737784109,23.14977313,28.00813,120.67287,27.99742,120.68104,-1,21,0
2424,2620,-15.29677906,49.75478978,28.01008,120.67058,28.005401,120.667985,3,142,0
2399,2420,10.11615925,-33.1307249,27.951096,120.598666,27.98362,120.61785,-1,0,0
644,1402,-10.55051618,26.85014436,28.01278,120.65944,28.014576,120.681581,3,170,0
202,1105,-37.3301074,28.79521821,28.0087,120.65515,28.00791,120.64843,3,311,0
2036,2261,17.75720705,8.344808688,27.97268,120.68433,27.97054,120.68557,5,163,0
2209,2214,10.97032447,2.446830751,27.96734,120.67106,27.9598,120.68203,5,111,0
950,2420,5.835484534,-44.62047394,27.98069,120.61263,27.98362,120.61785,8,28351,0
1166,2228,17.84776712,-42.3089921,27.95794,120.60138,27.94986,120.5872,10,58,0
1022,2342,14.28453304,32.13184921,27.99539,120.7173,27.96902,120.74658,-1,11,0
11,300,39.23632481,20.1486309,27.99544,120.72251,27.9685,120.75992,-1,25,0
279,1504,33.65563192,30.22635017,27.98465,120.73383,27.987372,120.734892,10,58,0
1053,2107,22.45504983,31.89254503,27.99068,120.7167,27.99097,120.70922,7,72,0
479,1161,38.53001547,-46.97114571,27.89857,120.63091,27.90218,120.626462,3,15896,0
2347,2913,69.13906463,-1.568940862,27.91091,120.81602,27.92081,120.81459,6,515,0
19,2405,7.740267063,9.795471421,27.98443,120.66958,27.96984,120.68551,-1,43,0
1061,2214,16.38167798,-1.649226491,27.92415,120.70545,27.9598,120.68203,-1,2,0
1454,1602,34.23228831,-20.35211285,27.92271,120.7068,27.91457,120.70609,3,24,0
677,2576,-34.69217594,-21.43533946,28.040628,120.619569,28.02963,120.5999,-1,0,0
606,2229,-31.36990714,34.77912619,28.004829,120.6409,27.99852,120.65649,3,15,0
972,1007,25.90977266,-0.521194578,27.94366,120.68317,27.96558,120.68672,5,178,0
1078,1620,-48.90775891,-8.853982987,28.015777,120.621944,28.01578,120.62194,4,1005,0
174,1164,-65.79201061,3.160679353,28.04894,120.64323,28.04057,120.64705,7,654,0
2150,2823,19.90615198,-32.58359139,27.99711,120.58895,27.94947,120.55856,-1,154,0
482,797,48.21322219,23.73015743,27.97359,120.74776,27.97373,120.74409,10,29446,0
1899,2926,-39.44064616,-23.17522745,28.06248,120.60338,28.04361,120.61806,-1,24,0
362,2766,-18.67923545,-21.8529161,28.01738,120.60605,28.01412,120.606248,3,213,0
1560,2576,-32.03511115,-36.29030759,28.034241,120.588717,28.02963,120.5999,-1,13,0
1099,2625,52.46990754,-0.566298199,27.92578,120.79581,27.89938,120.82864,6,12,0
646,2519,8.650787631,36.9803918,28.02101,120.67872,27.99715,120.70087,-1,0,0
874,955,-66.87134859,4.220405319,28.04411,120.64767,28.04133,120.65311,7,3504,0
1184,2848,1.889683495,-13.49787331,27.982012,120.645724,27.965369,120.686131,5,0,0
45,1179,-15.36907754,19.67939481,28.019513,120.658462,28.01715,120.66124,3,0,0
1055,1834,69.91014246,9.371492126,27.89321,120.79688,27.87957,120.7999,6,41,0
447,2901,29.13212339,40.7955877,27.99055,120.7118,27.97339,120.7071,-1,11,0
1711,1807,-40.66508758,-18.72433528,28.06516,120.64246,28.040568,120.63282,7,11,0
976,2743,-53.11103052,-15.05739078,28.044851,120.648285,28.049957,120.622963,7,51,0
2513,2784,-44.04665899,-26.38520998,28.060569,120.603702,28.05184,120.61542,7,89,0
646,2672,10.08844572,64.83822679,28.02101,120.67872,28.02026,120.69523,-1,214,0
1577,2764,-18.95989164,-52.7724525,28.04175,120.58651,28.044142,120.567394,9,39,0
446,1885,9.933305445,-41.48347655,27.98581,120.61459,27.96887,120.61609,8,19,0
1551,2153,31.84446567,-29.98310465,27.92018,120.69169,27.91643,120.68875,3,0,0
2155,2399,19.83322352,-40.01982384,27.93749,120.59711,27.951096,120.598666,10,287,0
3,295,-15.08149341,-44.95253053,28.03927,120.5877,28.02333,120.57606,9,7,0
1105,2932,-15.86595781,-2.393034582,28.00791,120.64843,28.003843,120.643621,3,283,0
1308,1794,22.13731667,-7.603510441,27.98404,120.68203,27.94302,120.67619,-1,13,0
1799,2619,1.372366081,49.97366025,27.99461,120.68409,27.992814,120.696225,4,147,0
1568,2224,9.88144448,13.09930453,27.98641,120.68048,27.98445,120.67253,4,97,0
1529,2684,-36.78901148,-62.96115986,28.10206,120.54994,28.09082,120.54809,9,219,0
1257,2182,10.23817059,-29.47342214,27.97868,120.57877,27.96515,120.61124,8,11,0
1908,2938,-19.69505612,-20.82715964,28.0141,120.60512,28.02158,120.59654,3,166,0
11,1874,33.14885573,32.13665643,27.99544,120.72251,27.98621,120.73466,-1,25,0
574,2788,31.23360636,-13.83639725,27.93368,120.71241,27.96243,120.65546,-1,2,0
745,803,-53.19062373,14.17847543,28.04541,120.65027,28.02715,120.65114,7,67,0
468,1713,-27.48012483,-12.24349972,28.02464,120.59155,28.01567,120.62619,-1,41,0
403,1679,26.92353093,42.49218405,27.98093,120.71034,27.99338,120.70875,7,34,0
1512,2086,-15.94831366,-53.98696053,28.04225,120.58748,28.03771,120.57585,9,135,0
982,2111,72.36949756,11.14828818,27.87452,120.79789,27.88503,120.79691,6,374,0
1509,1727,58.47555871,-8.709869884,27.9249,120.82617,27.91218,120.83617,6,324,0
956,2216,7.93326711,-4.917685454,27.97159,120.65547,27.97228,120.65066,5,27,0
1496,2802,19.86680626,3.537823056,27.97767,120.70127,27.98055,120.72944,-1,11,0
956,2481,12.92844725,-5.132697002,27.97159,120.65547,27.97265,120.66766,5,5677,0
1316,2149,16.40658053,22.18058061,27.97332,120.71019,27.98472,120.69611,-1,8,0
943,1496,33.4803099,41.9583507,27.98369,120.71502,27.97767,120.70127,-1,190,0
1293,2018,55.16837044,-1.87734129,27.93743,120.83414,27.92674,120.82518,6,37,0
1453,2703,-8.222698014,-17.63304862,27.99832,120.6366,27.99103,120.63464,-1,477,0
803,1416,-28.17867672,-4.707711053,28.02715,120.65114,28.01137,120.64581,-1,17,0
560,2125,12.90919067,44.75630737,28.016323,120.703784,28.005059,120.711717,7,58,0
661,2001,6.099436253,51.68104417,28.00053,120.6999,28.00031,120.69867,7,105,0
1263,2809,-18.98877662,34.03701486,28.02077,120.6738,28.022802,120.673347,3,12,0
956,1123,11.17124767,-16.73994268,27.97159,120.65547,27.96552,120.64757,5,371,0
341,2508,1.735918331,-11.3999594,27.98975,120.64468,27.96724,120.66561,-1,14,0
2506,2869,-50.24311077,1.020327956,28.02561,120.63825,28.025565,120.639291,7,2,0
1838,1870,-0.944345699,11.37925829,27.992551,120.66046,27.99576,120.6574,-1,48,0
448,1198,-23.39698243,-35.86082144,28.024644,120.599644,28.0332,120.591,-1,21,0
2405,2446,3.795045622,-0.081112134,27.96984,120.68551,27.98763,120.66308,-1,2,0
23,868,-34.6676181,42.19141646,28.015057,120.667466,28.01279,120.66871,3,227,0
906,2527,4.816852017,-7.154510098,28.01211,120.69386,28.018155,120.692285,7,14,0
652,1584,73.62403913,7.752759534,27.88623,120.80236,27.89209,120.81396,6,83,0
1601,2571,53.46029842,-11.89368515,27.94796,120.8414,27.95427,120.8335,6,3007,0
960,1442,-37.65043265,13.2841361,28.021679,120.650433,28.021742,120.649455,3,2,0
1170,2467,-36.60737261,-9.168103528,28.023333,120.636389,28.025613,120.638246,-1,13,0
172,1610,-44.42965277,-25.4484415,28.0428,120.62069,28.05249,120.60567,7,88,0
1796,2483,-57.72087357,3.368961038,28.04071,120.63988,28.02455,120.61196,-1,5,0
463,949,-14.02362217,-45.15378385,28.02702,120.57609,28.042263,120.582178,9,0,0
1837,2131,8.559850741,-4.590514784,27.98603,120.63754,27.97509,120.65593,-1,102,0
1285,1796,-37.04764398,-25.75777741,28.04108,120.61641,28.04071,120.63988,7,24,0
1547,2085,-39.61451859,-48.8467151,28.07752,120.5896,28.04973,120.58807,9,17,0
774,2041,69.69002672,13.07323734,27.88389,120.81707,27.896075,120.819675,6,18,0
810,1684,-5.944167992,-1.107605843,27.99652,120.629277,27.98796,120.61592,8,17,0
331,1416,-35.96158327,-7.025758154,28.03958,120.62042,28.01137,120.64581,-1,2,0
54,2542,-26.10533886,-20.58448763,28.018598,120.620672,28.01903,120.61189,-1,229,0
77,1049,-13.57669916,9.455161386,28.00743,120.64853,28.00814,120.66242,3,71,0
2124,2739,35.50597411,13.46080504,28.0048,120.764,27.9972,120.775,10,43,0
475,2185,5.386159693,-41.63025391,27.98226,120.62389,27.97251,120.60263,8,112,0
1394,1799,-1.843988064,23.30874468,27.99572,120.672658,27.99461,120.68409,4,54,0
636,1187,19.32209372,29.51224917,27.98612,120.70958,27.96331,120.66311,-1,0,0
2392,2628,-7.604703769,29.91434011,28.00878,120.68835,28.01511,120.67465,-1,14,0
1744,2085,-19.96220397,-57.7744454,28.049438,120.581163,28.04973,120.58807,9,557,0
1724,2125,24.10991881,54.15857512,28.00258,120.70728,28.005059,120.711717,7,1281,0
57,691,-15.34474815,-12.1741761,28.00954,120.61511,28.05782,120.58736,-1,0,0
98,389,-7.780052324,-3.260575397,27.996306,120.644374,28.01058,120.62116,-1,31,0
836,1424,-25.58056558,-26.99409906,28.02242,120.60801,28.02108,120.60101,3,1324,0
1667,2083,15.03108376,-40.78521071,27.93583,120.61337,27.95887,120.60962,-1,205,0
422,727,3.508098852,60.1633438,28.00525,120.70299,28.00933,120.69355,7,278,0
1178,2066,11.05643733,29.28072055,27.99689,120.69531,27.99912,120.69521,-1,3,0
916,2136,-39.26823352,31.60024077,28.01381,120.65692,28.01201,120.65481,3,344,0
3,2199,-21.61024774,-37.00265147,28.03927,120.5877,28.026587,120.594413,-1,33,0
1111,2406,-34.19100843,-0.470381448,28.02502,120.63963,28.01983,120.63469,-1,2,0
1457,2476,20.02399372,42.25591529,27.99566,120.715,27.99996,120.71136,7,72,0
224,415,-14.12376291,19.7880334,28.01492,120.66976,28.01975,120.65219,3,13,0
19,1688,3.903466259,5.999510838,27.98443,120.66958,27.983768,120.665796,4,1054,0
909,1794,17.89666333,-8.829867823,27.95992,120.64877,27.94302,120.67619,5,25,0
966,2062,54.79858832,0.821454048,27.918388,120.823666,27.92961,120.81073,6,3,0
608,1369,12.29719658,11.63064507,27.99367,120.69233,27.98473,120.6773,4,27,0
112,1424,-18.5678249,-19.45677456,28.01472,120.61007,28.02108,120.60101,3,296,0
1260,2171,62.82109016,-14.32401874,27.91444,120.83278,27.91955,120.83809,6,1933,0
36,1507,30.07927536,45.30411877,27.99005,120.70688,27.990045,120.706877,7,24,0
420,2616,11.07835883,45.9185793,28.019477,120.715049,28.018222,120.70197,7,96,0
293,1752,-56.23579312,-3.49595754,28.02476,120.635142,28.0312,120.63393,-1,67,0
487,893,0.43463357,17.30763938,27.98776,120.67428,28.00209,120.66254,-1,3,0
638,2094,-0.508203719,-49.71681888,27.99736,120.62159,27.992,120.60987,8,9172,0
1380,2385,-8.962994683,49.16196288,28.00675,120.68244,27.998,120.672205,4,69,0
477,1522,33.37666969,34.90872768,27.994763,120.731284,27.987423,120.723357,7,62,0
1409,1506,-34.54199872,8.142339858,28.02498,120.65306,28.02799,120.66168,7,13,0
556,1446,4.480401252,-25.2915849,27.99014,120.62903,27.98015,120.60519,8,10,0
2285,2621,-9.114040021,53.71500766,28.0089,120.67777,28.01036,120.67777,4,120,0
1799,2596,-4.348029423,50.1177214,27.99461,120.68409,27.99589,120.68364,4,191,0
123,142,-34.23612764,-46.89239181,28.08948,120.58851,28.07201,120.60483,9,12,0
270,1499,8.723889713,31.71944991,28.01764,120.68649,28.00636,120.69525,7,11,0
1717,1998,-3.499709856,-29.14964859,27.99375,120.61713,27.987217,120.623164,8,5963,0
438,2666,-56.74988343,-26.9598442,28.03933,120.62364,28.04116,120.62863,7,1697,0
741,2209,13.23862096,-11.30624798,27.95095,120.65688,27.96734,120.67106,5,28,0
510,2602,-21.32666578,-47.16984017,28.04567,120.60077,28.041463,120.586511,9,4,0
3,1031,-25.57972199,-45.67449856,28.03927,120.5877,28.036972,120.589166,9,4237,0
1771,2756,12.79409674,25.85996761,27.99855,120.69275,27.98645,120.68772,4,33,0
556,1916,-3.981509625,-24.38294114,27.99014,120.62903,27.988443,120.627578,8,1205,0
1205,2619,12.70777696,27.99068218,27.99429,120.69956,27.992814,120.696225,4,0,0
449,1037,42.02074052,-23.24896308,27.93173,120.70133,27.9231,120.70471,3,240,0
1022,1845,28.91185202,53.98276603,27.99539,120.7173,27.99406,120.72557,7,1030,0
504,2081,24.56724504,19.10538401,28.05578,120.81463,28.046257,120.803292,2,2809,0
1470,2564,26.33015864,0.513167974,27.97225,120.68006,27.96169,120.70433,-1,82,0
446,1024,2.616723981,-31.40792334,27.98581,120.61459,27.989558,120.6089,8,11,0
1589,2672,8.9850922,68.49512732,28.02956,120.75507,28.02026,120.69523,7,34,0
92,1230,-42.74660003,9.645629249,28.02774,120.65947,28.02816,120.65689,7,43,0
1913,2509,-26.06831095,-26.6656969,28.02588,120.60418,28.02225,120.60442,3,708,0
545,1582,12.56817326,-2.846078027,27.96676,120.65937,27.96936,120.67444,5,955,0
2385,2787,-6.761186116,36.66796394,27.998,120.672205,28.00461,120.6752,4,120,0
795,1706,30.43250169,-16.20253983,27.91839,120.66065,27.9208,120.70586,3,9,0
2467,2745,-56.94821014,-1.934270992,28.025613,120.638246,28.02921,120.62987,7,70,0
468,2453,-43.05890193,-34.25810081,28.02464,120.59155,28.04644,120.60417,-1,47,0
2300,2637,18.8330516,57.8415924,27.99832,120.72424,27.99476,120.73128,7,1067,0
148,905,71.17373828,18.23071025,27.87141,120.8205,27.86954,120.80506,6,478,0
437,2567,-0.317916317,6.203826899,27.98847,120.666286,27.992138,120.656444,4,59,0
549,1209,19.13039077,54.41595102,28.00025,120.7286,28.00032,120.72752,7,19,0
1398,2483,-28.58055445,-30.38356117,28.02438,120.60303,28.02455,120.61196,3,316,0
1094,2900,-20.00084728,-33.10444566,28.01845,120.59962,28.02464,120.59964,3,91,0
1138,2827,-33.74629798,-44.2562109,28.05708,120.58299,28.05657,120.60001,-1,10,0
2793,2798,37.85054541,36.94015221,27.96841,120.73048,27.96855,120.72659,10,654,0
2146,2575,-18.62040434,-40.3015509,28.051431,120.600469,28.02926,120.59028,-1,26,0
426,2890,-57.4906033,1.394915887,28.025933,120.641498,28.02424,120.6348,-1,223,0
673,1940,-45.04596988,-41.75830587,28.05464,120.60495,28.05756,120.60725,7,21477,0
384,2012,-48.76236371,6.742556153,28.01405,120.63301,28.02392,120.644412,-1,203,0
42,1340,-10.43840484,5.379111859,28.0014,120.65569,27.99419,120.65338,3,14,0
961,1900,-32.46946471,-56.67974956,28.06451,120.58223,28.06605,120.58485,9,24946,0
2226,2679,51.52394789,-8.389127081,27.95539,120.82859,27.96428,120.80753,-1,185,0
488,2300,15.61773502,45.30022447,28.01171,120.71924,27.99832,120.72424,7,53,0
42,613,-8.452551434,6.804825964,28.0014,120.65569,27.999,120.659,3,26,0
615,2619,5.061382954,18.21889432,27.99109,120.67677,27.992814,120.696225,4,14,0
576,2733,-49.86809083,-1.432842042,28.02002,120.63138,28.019524,120.631948,3,303,0
1699,2903,8.714133542,18.62175132,27.97659,120.67899,27.98648,120.68189,-1,48,0
1385,1620,-42.20326889,-4.883916662,28.05153,120.62762,28.01578,120.62194,-1,7,0
1794,2539,28.86661684,-13.50398256,27.94302,120.67619,27.97231,120.62724,-1,0,0
859,2842,19.22858385,0.7799533,27.95386,120.68203,27.98853,120.69743,-1,2,0
98,2942,-7.996014138,-0.824409499,27.996306,120.644374,27.99994,120.64617,3,2,0
1220,1380,-7.300794593,52.33980792,28.000812,120.679146,28.00675,120.68244,4,15,0
968,972,29.51420908,-30.29976886,27.92497,120.69109,27.94366,120.68317,-1,17,0
1560,1899,-43.9699643,-37.31491642,28.034241,120.588717,28.06248,120.60338,9,50,0
924,1796,-63.02400089,0.081946192,28.03883,120.63972,28.04071,120.63988,7,1418,0
1763,2254,64.50117184,-9.071545758,27.92159,120.82161,27.923401,120.816621,6,598,0
214,1419,-20.82440638,-10.21359502,28.01125,120.625528,28.01125,120.62553,4,3893,0
448,2900,-25.2628791,-34.72290864,28.024644,120.599644,28.02464,120.59964,3,7124,0
347,912,36.54463838,43.46347274,27.98785,120.71681,27.98324,120.72334,-1,3377,0
2331,2353,29.27546212,-34.22621347,27.92645,120.67635,27.973777,120.682079,-1,30,0
1565,1650,-52.6763596,-2.39588673,28.03749,120.6251,28.020022,120.631375,-1,13,0
578,2153,39.25934499,-38.44072508,27.91219,120.68358,27.91643,120.68875,3,1563,0
92,955,-41.99435069,8.059469221,28.02774,120.65947,28.04133,120.65311,7,23,0
502,663,7.030030202,0.942574803,27.975415,120.651576,27.97693,120.66377,5,150,0
1373,2424,-20.00862496,24.00608129,28.01793,120.66445,28.01008,120.67058,3,0,0
450,672,14.00904392,-50.27149509,27.96474,120.57156,27.96719,120.59359,8,278,0
1723,2952,-12.45833285,23.09145771,28.01437,120.67295,28.021681,120.670423,3,8,0
1110,2357,34.2482615,-9.284016711,27.946867,120.69923,27.92044,120.6689,-1,45,0
200,1613,12.14666569,39.36802122,28.00223,120.70203,28.00291,120.69868,7,50,0
1401,1433,-33.03321568,17.5225668,28.01999,120.65209,28.015196,120.648057,3,68,0
382,491,-17.65579949,19.85765973,28.01967,120.6623,28.014866,120.661141,3,66,0
133,160,20.55574166,2.096812313,27.9535,120.69621,27.97864,120.71467,-1,4,0
2012,2092,-34.98650913,-2.247121135,28.02392,120.644412,28.0195,120.63455,3,51,0
646,2044,-23.43555196,40.4870059,28.02101,120.67872,28.021,120.679,3,146,0
612,2444,-4.45748941,20.4120187,27.9917,120.678,27.99277,120.67775,4,65,0
2319,2330,5.337243935,-49.56784484,27.97631,120.60491,27.9967,120.60336,8,556,0
672,1704,1.127589044,-39.02939407,27.96719,120.59359,27.97611,120.56109,8,6,0
123,1465,-39.40326549,-53.73542763,28.08948,120.58851,28.090984,120.588938,9,36161,0
1661,1915,-29.44979836,-55.35829416,28.060416,120.573888,28.04515,120.55602,9,264,0
608,2099,0.077697795,46.62738515,27.99367,120.69233,27.99084,120.68506,4,3817,0
652,1362,73.03163494,8.128895437,27.88623,120.80236,27.89369,120.80917,6,20,0
91,1747,36.15731142,30.11301419,27.97831,120.74149,27.978667,120.735061,10,97,0
611,1297,67.27420737,15.76374346,27.867358,120.820794,27.87104,120.82114,6,158,0
1864,2460,2.726491459,-5.885289784,28.019861,120.664669,28.021791,120.665431,3,20,0
127,2272,42.7871323,-34.47721379,27.9207,120.68866,27.91974,120.69145,3,1270,0
35,1027,-32.70692779,-53.75569268,28.06905,120.57281,28.08394,120.58605,9,205,0
164,2405,20.40972494,-8.369332261,27.95724,120.65969,27.96984,120.68551,5,73,0
178,1731,-34.0165831,27.17344564,28.01444,120.65108,28.00652,120.64463,3,6,0
755,2237,44.50872361,-15.91185473,27.928,120.698,27.92797,120.69797,3,39634,0
1621,2049,-31.35250059,-6.701235915,28.016871,120.633719,28.01711,120.63167,4,19,0
309,1607,14.85476516,-29.11343675,27.95804,120.59516,27.95079,120.59932,10,62,0
1445,2662,25.66281869,30.15313884,27.99263,120.7145,27.9944,120.7017,-1,0,0
1082,2087,-28.04906268,23.23042427,28.016688,120.655528,28.02363,120.66164,3,106,0
603,2096,7.183478964,-41.84740533,27.97164,120.62661,27.97745,120.61375,8,1321,0
4,1624,7.248760622,-44.66488929,27.98663,120.61963,27.971715,120.608414,8,68,0
801,1295,33.14522218,-52.9399743,27.87582,120.66951,27.87791,120.67133,3,29082,0
1855,2508,8.160502644,14.56511057,27.98606,120.67631,27.96724,120.66561,-1,81,0
1088,2318,-33.30224794,13.92225451,28.016654,120.650607,28.0217,120.647,3,111,0
328,655,-49.99174264,-13.96039478,28.05929,120.65781,28.03962,120.71918,7,13,0
25,2418,19.64822544,-8.385477435,27.976204,120.667973,27.93672,120.67951,5,2,0
172,2921,-52.80559613,-25.16071708,28.0428,120.62069,28.04626,120.62812,7,90,0
545,1021,11.58587972,-27.84998467,27.96676,120.65937,27.96668,120.62461,-1,29,0
238,2279,29.39035999,41.81315811,27.985024,120.706695,27.98388,120.70501,-1,14,0
770,1036,45.19931391,-20.51019033,27.921591,120.704296,27.92406,120.70335,3,236,0
343,609,-55.23227275,-27.82575043,28.03943,120.62365,28.02096,120.62016,-1,407,0
1391,2612,22.07067429,2.147924455,27.95467,120.69939,27.97238,120.685041,-1,23,0
343,2450,-54.19766766,-25.97495404,28.03943,120.62365,28.04901,120.63968,7,18,0
606,2170,-17.26935615,-2.514526232,28.004829,120.6409,28.00475,120.642741,3,2908,0
237,2372,-27.03506256,-36.39753228,28.023421,120.592786,28.023805,120.597166,3,3233,0
15,287,-4.25032187,-21.77845918,27.97664,120.63227,27.986822,120.630326,8,558,0
2149,2366,20.58223594,11.26983297,27.98472,120.69611,27.97973,120.67677,-1,1325,0
117,2509,-26.22662958,-37.92729588,28.026108,120.592702,28.02225,120.60442,3,77,0
339,915,-16.47847437,29.71739057,28.022694,120.675534,28.024778,120.671965,3,5,0
183,2531,-8.959329617,-0.573750011,27.995578,120.650046,27.99591,120.64416,3,13,0
2147,2300,20.25793429,55.57073002,28.00191,120.72282,27.99832,120.72424,7,321,0
1623,1668,13.80365437,46.75675132,28.01771,120.71787,28.014884,120.718151,7,71,0
332,2535,3.779613949,28.68118332,28.00341,120.68731,28.01377,120.68309,-1,0,0
673,1051,-45.01529319,-36.56661925,28.05464,120.60495,28.04252,120.60963,7,440,0
981,2047,32.2712636,-48.40292405,27.89495,120.67037,27.8738,120.67228,3,772,0
1799,2392,-2.061163055,46.94517411,27.99461,120.68409,28.00878,120.68835,-1,114,0
5,548,-22.64654834,34.66115702,28.05615,120.67115,28.02569,120.66766,-1,48,0
343,1398,-52.61970584,-29.36126435,28.03943,120.62365,28.02438,120.60303,-1,48,0
1804,2198,-15.76648461,-13.2058836,28.00502,120.61628,28.01139,120.622331,4,9,0
42,2620,-15.92797548,39.40707692,28.0014,120.65569,28.005401,120.667985,3,22,0
1755,2331,38.8286284,-33.99005672,27.916499,120.696973,27.92645,120.67635,3,63,0
773,1470,3.779807148,18.35522639,27.989406,120.673557,27.97225,120.68006,-1,184,0
318,2901,8.654355508,-9.117580435,27.97271,120.64743,27.97339,120.7071,-1,6,0
1009,1458,31.02371789,12.84288685,28.029342,120.785869,28.023603,120.80906,2,60,0
609,2840,-34.27601405,-8.428433329,28.02096,120.62016,28.04323,120.58656,-1,11,0
367,2790,1.068296059,-50.43144372,27.99233,120.60381,27.99273,120.60679,8,22225,0
955,2816,-65.27499427,3.972056897,28.04133,120.65311,28.04411,120.63996,7,634,0
1194,1391,28.12493618,-2.782603519,27.9573,120.67705,27.95467,120.69939,-1,180,0
2300,2822,27.05160898,32.71553293,27.99832,120.72424,27.97743,120.73394,-1,25,0
111,2131,10.98919357,-13.27085987,27.95612,120.65155,27.97509,120.65593,5,23,0
1051,1736,-46.02351692,-35.67199627,28.04252,120.60963,28.029592,120.6244,7,98,0
608,2561,9.943264612,25.76901308,27.99367,120.69233,28.00155,120.68023,4,17,0
2182,2668,17.729223,-40.81261167,27.96515,120.61124,27.94903,120.59549,-1,6,0
758,2317,-1.253612983,35.08735526,27.99542,120.68153,27.996143,120.682468,4,69,0
828,1848,26.80289936,-10.94973934,27.96168,120.677789,27.96164,120.66747,5,88,0
202,2220,-32.24298477,34.36898808,28.0087,120.65515,28.00312,120.65703,3,576,0
2150,2330,0.431941658,-43.72598307,27.99711,120.58895,27.9967,120.60336,-1,9,0
865,2847,-36.81728981,-39.25072577,28.0464,120.604,28.041041,120.588459,-1,291,0
708,2824,31.95066868,-23.52625165,27.9343,120.7072,27.92444,120.70304,3,45,0
318,2209,8.293656081,-13.00586797,27.97271,120.64743,27.96734,120.67106,5,26,0
672,1021,12.86571677,-43.20467208,27.96719,120.59359,27.96668,120.62461,8,66,0
889,1605,-23.40916072,-1.748780902,28.01038,120.64104,28.01353,120.6398,3,34,0
1376,2750,12.06365344,36.12964774,27.99176,120.72451,28.00455,120.70115,7,4,0
338,2186,34.56169633,27.1408815,27.978332,120.738888,27.99188,120.7165,-1,17,0
1380,1742,6.714411214,27.77901742,28.00675,120.68244,28.010383,120.6909,-1,24,0
181,1794,18.49999982,1.50594695,27.97517,120.69185,27.94302,120.67619,-1,0,0
508,955,-65.39251797,8.993338428,28.04337,120.65572,28.04133,120.65311,7,1522,0
1236,1605,-36.85351475,-1.311382546,28.02581,120.63956,28.01353,120.6398,-1,8,0
477,549,18.73968013,57.48827902,27.994763,120.731284,28.00025,120.7286,7,366,0
1003,2586,26.59984004,11.13091038,28.01839,120.82983,28.02241,120.81161,2,1609,0
859,1308,18.69309268,-5.880971737,27.95386,120.68203,27.98404,120.68203,-1,3,0
1241,2899,-26.2384168,18.62793174,28.01972,120.656976,28.02802,120.65472,-1,7,0
387,617,-11.07722683,-31.33621245,28.0246,120.58292,28.013371,120.594287,-1,55,0
1150,1233,-8.911235599,-30.84050195,28.00906,120.58854,28.01428,120.58353,-1,359,0
1058,1575,-39.81794461,-12.52787812,28.04752,120.63044,28.03973,120.6399,7,24,0
92,1034,-52.63022272,17.72752547,28.02774,120.65947,28.027685,120.65985,7,117,0
2420,2432,6.318282523,-22.49648685,27.98362,120.61785,27.99839,120.59856,8,39,0
529,2878,-10.32051467,27.81492254,28.01174,120.68077,28.01298,120.67892,3,22,0
1122,2913,59.9670224,-2.086853691,27.9304,120.80754,27.92081,120.81459,6,56,0
124,2531,-4.219407582,-14.13316992,27.99261,120.62341,27.99591,120.64416,-1,14,0
727,2535,-21.72993274,46.57962522,28.00933,120.69355,28.01377,120.68309,-1,40,0
1700,2452,-37.97705601,36.53925144,28.01007,120.66068,28.0105,120.66068,3,217,0
1931,2556,16.40141869,42.78375692,28.00622,120.72256,28.00322,120.7122,7,70,0
790,2307,14.49771167,-6.607954644,27.95053,120.66517,27.957377,120.682574,5,6,0
797,2793,46.66283212,26.2919714,27.97373,120.74409,27.96841,120.73048,10,253,0
246,823,22.81595906,-13.35731853,27.95634,120.66596,27.9511,120.66043,5,3901,0
1129,2037,59.195783,-8.487141521,27.91593,120.8267,27.9208,120.84047,6,536,0
9,705,-5.030690371,-13.44079793,27.99378,120.6501,28.00227,120.63088,3,6,0
893,1833,-15.04683019,45.32335713,28.00209,120.66254,28.004724,120.662825,3,312,0
729,1400,-24.19569162,-23.36618444,28.02336,120.60588,28.01833,120.60806,3,650,0
109,1455,-36.24633703,-30.92675024,28.03316,120.59087,28.03905,120.62757,-1,31,0
25,828,24.2729216,-4.663711191,27.976204,120.667973,27.96168,120.677789,5,106,0
1247,1289,-20.72259766,11.61384496,28.00929,120.65212,28.0114,120.65314,3,42,0
1098,2379,-50.00459672,-21.88293996,28.0475,120.62333,28.04982,120.6511,7,69,0
273,1015,-37.09918756,1.650969952,28.02613,120.64691,28.02245,120.61239,-1,43,0
1118,1666,59.53616635,3.957785805,27.91208,120.83609,27.90314,120.82835,6,33,0
627,2816,-68.64267718,3.807864449,28.0494,120.66193,28.04411,120.63996,7,310,0
314,2516,36.29225515,27.85130998,27.97965,120.74458,27.97841,120.73883,10,11,0
229,914,65.27945193,-5.675137094,27.93122,120.80706,27.93088,120.80284,6,114,0
482,1511,42.48011982,33.64869945,27.97359,120.74776,27.97302,120.73654,10,975,0
2080,2715,-10.45879439,43.29835262,27.994449,120.671107,27.99435,120.66326,4,6043,0
1093,1159,-22.0656031,-42.3643162,28.03228,120.58055,28.02791,120.59925,-1,272,0
27,1573,15.86805648,47.79102993,28.00949,120.71444,28.007298,120.715423,7,5,0
1157,2416,-36.51150796,-62.91105003,28.10471,120.55387,28.101941,120.550401,9,35,0
149,1978,-25.16897374,21.78692741,28.01646,120.65935,28.01665,120.65909,3,115,0
600,1416,-38.30209393,25.99325908,28.00892,120.64776,28.01137,120.64581,3,2584,0
41,603,9.595983537,-43.98050381,27.95746,120.61208,27.97164,120.62661,-1,567,0
1455,1565,-59.85073855,-4.492327151,28.03905,120.62757,28.03749,120.6251,7,595,0
2666,2743,-52.01039757,-22.3457698,28.04116,120.62863,28.049957,120.622963,7,85,0
1549,1911,26.70514106,41.95087738,27.98966,120.70619,27.97773,120.72673,-1,42,0
2207,2234,33.8735502,-43.77691694,27.890556,120.636418,27.8815,120.63331,3,29,0
149,1596,-34.84381881,7.216289562,28.01646,120.65935,28.027266,120.655901,-1,33,0
1020,2149,16.0257146,23.18035337,28.00029,120.70357,27.98472,120.69611,-1,49,0
893,1156,-7.35876684,11.10812199,28.00209,120.66254,28.01027,120.66077,3,70,0
29,664,-1.571692953,19.35268693,27.9926,120.671,27.99313,120.67216,4,41,0
2116,2588,-21.84583352,-41.06435615,28.04925,120.60197,28.02213,120.5743,-1,12,0
1870,1991,1.957993089,13.00560948,27.99576,120.6574,28.00104,120.67237,3,70,0
911,1709,40.64133056,5.934282614,27.96141,120.73461,27.97034,120.76311,10,9,0
1110,2237,40.10294394,-12.95716428,27.946867,120.69923,27.92797,120.69797,-1,1271,0
907,2624,30.70734807,25.73553115,27.9842,120.72674,27.97603,120.71773,-1,14,0
2509,2602,-20.65448618,-45.18743261,28.02225,120.60442,28.041463,120.586511,-1,9,0
1535,2197,-52.34842793,-21.24827715,28.03768,120.63277,28.04449,120.62163,7,211,0
1994,2385,-9.424345659,44.35754076,27.992378,120.669665,27.998,120.672205,4,34,0
672,1337,20.30306192,-31.94787643,27.96719,120.59359,27.9422,120.581,-1,95,0
954,1162,-17.7868379,24.59787145,28.018214,120.672196,28.01597,120.66415,3,84,0
734,2509,-20.41743259,-21.76131652,28.01097,120.60609,28.02225,120.60442,3,357,0
257,1981,-35.12048271,-26.4412133,28.076984,120.602335,28.04382,120.61146,-1,30,0
202,2801,-31.78038548,25.84986112,28.0087,120.65515,28.01569,120.65545,3,43,0
1005,1238,-34.12191367,32.70610474,28.00628,120.65332,28.00439,120.65275,3,3969,0
857,1129,59.09843837,-5.770099324,27.93632,120.80777,27.91593,120.8267,6,18,0
779,1654,-30.41476815,-34.62220187,28.03387,120.594038,28.02792,120.60131,-1,59,0
1308,2928,8.260799251,18.4807346,27.98404,120.68203,27.99271,120.68075,4,26,0
159,2961,22.1921069,-15.55863749,27.94833,120.66804,27.94751,120.66136,5,858,0
1549,2149,28.553461,44.98272997,27.98966,120.70619,27.98472,120.69611,-1,167,0
549,1422,28.32872046,33.98432112,28.00025,120.7286,28.00506,120.71172,7,46,0
2594,2725,-40.862096,-55.58812158,28.08581,120.59066,28.08578,120.59077,9,27256,0
650,1133,36.63546924,35.90053597,27.980495,120.729412,27.97533,120.72453,10,52,0
1803,1833,-7.203139285,13.76116579,28.01235,120.66512,28.004724,120.662825,3,0,0
160,1911,38.27159897,38.77350473,27.97864,120.71467,27.97773,120.72673,10,9935,0
1767,2214,8.981384021,-5.885776804,27.97914,120.65482,27.9598,120.68203,5,14,0
188,2772,3.689040725,-40.03450926,27.97988,120.63103,27.979611,120.629271,8,1977,0
1164,2316,-41.52938081,-11.28031058,28.04057,120.64705,28.0271,120.60091,-1,3,0
684,1706,34.13228014,-12.80034218,27.88258,120.62827,27.9208,120.70586,3,57,0
1104,2787,-2.002476845,26.16866565,27.99923,120.67458,28.00461,120.6752,4,18,0
1204,1481,13.01002341,-38.57050642,27.94777,120.6125,27.96111,120.6227,-1,88,0
194,1342,-8.373358266,50.71426808,28.0005,120.67726,28.00491,120.67627,4,335,0
1594,1926,-23.37488015,25.84051309,28.013672,120.663632,28.01239,120.67322,3,8,0
1089,1618,-13.12701159,-41.85949687,28.02804,120.57818,28.00977,120.60049,-1,19,0
644,2258,-43.20720968,33.74203897,28.01278,120.65944,28.01658,120.65764,3,344,0
292,1443,-24.31437204,41.73862854,28.02857,120.65898,28.02212,120.67074,-1,558,0
1653,2749,-16.03684183,12.62509767,28.00714,120.65555,28.00945,120.65652,3,70,0
544,2602,-20.72649066,-49.95416079,28.05007,120.58709,28.041463,120.586511,9,59,0
422,1443,-17.59624933,30.31795497,28.00525,120.70299,28.02212,120.67074,-1,3,0
9,1238,-32.4343815,33.58050728,27.99378,120.6501,28.00439,120.65275,3,43,0
268,1049,-9.745008927,13.38574414,28.002086,120.662539,28.00814,120.66242,3,0,0
659,2823,10.50589812,-51.06254624,27.98025,120.58452,27.94947,120.55856,-1,346,0
2241,2408,27.95113021,30.12822862,27.98751,120.72346,27.97638,120.75557,-1,5,0
654,1700,-11.28850384,15.19435947,28.009166,120.662222,28.01007,120.66068,3,19,0
312,1110,25.24070111,-7.890710557,27.97483,120.67456,27.946867,120.69923,5,75,0
1936,1958,-45.23240461,32.29257891,28.0164,120.657,28.01842,120.65967,3,93,0
224,2164,-34.49353115,41.71722605,28.01492,120.66976,28.01286,120.66582,3,540,0
2223,2805,60.79249637,-11.18776998,27.922663,120.824735,27.92301,120.8262,6,458,0
1323,1729,72.81300858,20.16157084,27.85707,120.81238,27.855613,120.81738,6,678,0
1976,2391,24.55380956,14.18866695,28.04558,120.80338,28.034242,120.80361,2,68,0
2456,2507,-23.74572657,36.24784468,28.022125,120.670739,28.02519,120.66642,3,296,0
1256,1731,-35.72954348,28.29796667,28.01222,120.65195,28.00652,120.64463,3,10,0
1247,1731,-35.53890581,28.61193835,28.00929,120.65212,28.00652,120.64463,3,21,0
2415,2581,-41.2268554,16.68032508,28.02,120.655,28.020019,120.648575,3,154,0
1301,2053,-22.52984836,-7.235379054,28.00843,120.62111,28.01003,120.63016,4,2,0
563,1608,-60.0892526,8.780499753,28.03956,120.65442,28.0453,120.65749,7,76,0
671,758,0.2608178,26.721208,27.99588,120.681383,27.99542,120.68153,4,4,0
361,378,49.12729625,-9.700473586,27.95277,120.79908,27.96458,120.79525,2,26553,0
221,488,14.77218812,59.13975924,28.00742,120.71768,28.01171,120.71924,7,1632,0
335,2961,16.95893116,-9.844664762,27.93483,120.66784,27.94751,120.66136,5,75,0
292,426,-38.45563591,7.642911994,28.02857,120.65898,28.025933,120.641498,7,6,0
2067,2575,-20.57582829,-42.57722538,28.028224,120.587166,28.02926,120.59028,9,5560,0
1930,1939,5.241423921,26.71871133,27.99704,120.68015,28.00197,120.68016,4,28,0
483,637,-11.84148362,32.10207622,28.015482,120.68332,28.01522,120.68916,-1,67,0
740,2198,-50.03760483,-9.852470756,28.011421,120.622423,28.01139,120.622331,4,3645,0
291,426,-35.14354484,-12.19863798,28.023257,120.659016,28.025933,120.641498,-1,53,0
1103,2229,-15.66985031,40.7852945,27.97694,120.62826,27.99852,120.65649,-1,35,0
1015,1618,-19.94166406,-23.95085104,28.02245,120.61239,28.00977,120.60049,3,703,0
1267,1935,10.71857672,-2.429793953,27.969489,120.657672,27.97505,120.67499,5,13,0
390,2263,-35.36129855,33.02459244,28.00489,120.65665,28.00726,120.65848,3,225,0
1015,1510,-51.37082367,-1.096534732,28.02245,120.61239,28.023269,120.632426,-1,21,0
837,1608,-41.99904726,-15.68886236,28.040151,120.648416,28.0453,120.65749,7,9,0
188,515,3.666948362,-38.68712142,27.97988,120.63103,27.96781,120.62801,8,1360,0
2180,2420,-2.130389338,-15.84589276,27.98333,120.65125,27.98362,120.61785,-1,24,0
1021,2209,15.79717103,-25.366347,27.96668,120.62461,27.96734,120.67106,-1,0,0
845,1789,-30.98036261,-50.86026385,28.06506,120.57549,28.09369,120.58816,9,37,0
318,647,-0.208142428,-15.79455837,27.97271,120.64743,27.9749,120.63133,-1,7,0
1722,2057,67.48495844,20.20626858,27.87744,120.7991,27.86515,120.79611,6,152,0
1239,2080,-1.575875415,13.69494482,27.87124,120.64996,27.994449,120.671107,-1,6,0
729,1618,-13.97580152,-27.27104493,28.02336,120.60588,28.00977,120.60049,3,46,0
1484,2012,-44.36229735,2.396718266,28.024192,120.638141,28.02392,120.644412,-1,156,0
560,848,11.81553385,39.35175292,28.016323,120.703784,28.00742,120.70274,7,13,0
202,987,-17.16430356,46.43775898,28.0087,120.65515,28.00626,120.66415,3,56,0
1958,2528,-39.74470349,14.40645662,28.01842,120.65967,28.023744,120.653645,-1,155,0
1806,2173,35.97748735,17.05778488,27.971111,120.759166,28.01765,120.74361,-1,19,0
609,841,-48.1717603,3.097596724,28.02096,120.62016,28.0171,120.63698,3,288,0
2003,2409,-2.864071765,33.99769097,28.00191,120.67862,28.001286,120.679136,4,64,0
1412,1454,39.7864719,-26.92082672,27.92129,120.70489,27.92271,120.7068,3,271,0
1753,2214,16.89396614,-5.105844478,27.96526,120.65283,27.9598,120.68203,5,11,0
54,293,-31.46109224,-11.04138697,28.018598,120.620672,28.02476,120.635142,-1,2,0
1416,1969,-35.9199518,19.44907622,28.01137,120.64581,28.00303,120.63895,3,26,0
780,2385,-6.39366657,36.71763867,28.01006,120.68043,27.998,120.672205,4,51,0
1680,2539,27.71574897,-14.17810252,27.96413,120.67139,27.97231,120.62724,-1,6,0
864,1823,-15.16476863,-57.7615632,28.03948,120.56891,28.037123,120.578514,9,1254,0
1968,2602,-29.807068,-52.45844852,28.054156,120.560569,28.041463,120.586511,9,103,0
167,819,52.18548159,1.471866889,27.94045,120.7928,27.91736,120.79806,-1,46,0
936,2890,-50.26287659,3.025504539,28.02145,120.63334,28.02424,120.6348,3,4194,0
48,1182,-16.31127702,31.08508362,28.01947,120.67661,28.02301,120.68076,3,69,0
1256,1286,-38.89917181,27.28614374,28.01222,120.65195,28.01117,120.65006,3,4046,0
789,2428,7.360418427,-8.269706372,27.99022,120.63948,27.98819,120.6531,-1,10,0
845,2568,-29.26119737,-57.38819023,28.06506,120.57549,28.04901,120.58582,9,359,0
1794,2357,32.50872134,-11.16320261,27.94302,120.67619,27.92044,120.6689,-1,39,0
983,1123,8.470265808,-17.59868314,27.97699,120.64991,27.96552,120.64757,5,1213,0
454,2715,7.617809692,4.58609584,27.98,120.66708,27.99435,120.66326,-1,37,0
111,464,14.58389263,-21.02873617,27.95612,120.65155,27.9659,120.64111,-1,157,0
475,528,1.318179474,-22.86307666,27.98226,120.62389,27.987113,120.628219,8,78,0
1793,2300,15.92425681,42.65565201,28.00591,120.71482,27.99832,120.72424,7,13,0
154,1578,19.68208931,-31.99261647,27.9473,120.56566,27.97058,120.5853,-1,56,0
270,2852,-18.10280386,36.96729682,28.01764,120.68649,28.0076,120.724,7,12,0
307,1082,-43.66979707,32.99352865,28.01573,120.65876,28.016688,120.655528,3,1602,0
308,2860,-38.04868359,-44.98154981,28.07118,120.58698,28.0702,120.62208,9,42,0
260,1578,11.81630672,-49.68673876,27.970062,120.58163,27.97058,120.5853,8,1161,0
234,1646,-30.46990696,-11.55733023,28.01828,120.62547,28.03083,120.63755,-1,0,0
1944,2150,13.23318078,-51.42791038,27.97112,120.57378,27.99711,120.58895,-1,341,0
111,2872,16.0113681,-15.98393372,27.95612,120.65155,27.957813,120.652308,5,539,0
362,1626,-20.34569967,-22.29315553,28.01738,120.60605,28.01389,120.60169,3,327,0
1572,2085,-38.83310603,-39.56379417,28.02693,120.60664,28.04973,120.58807,-1,35,0
234,556,-13.56234582,-8.366488369,28.01828,120.62547,27.99014,120.62903,-1,3,0
860,2587,-38.86438714,1.261227444,28.03044,120.64309,28.025858,120.64343,7,35,0
599,1582,26.16714007,-2.539842019,27.97321,120.72684,27.96936,120.67444,-1,71,0
455,2142,26.5717612,39.5946106,27.992983,120.713162,27.98684,120.71242,7,23,0
552,2624,33.25078068,6.22786781,27.96536,120.74141,27.97603,120.71773,10,19,0
901,945,63.34655439,24.27555874,27.86601,120.77885,27.87922,120.78748,6,2815,0
152,2865,65.51234808,4.163187907,27.91139,120.82389,27.90471,120.82127,6,2012,0
909,2564,30.24990374,1.419493022,27.95992,120.64877,27.96169,120.70433,-1,2,0
1839,2408,48.5373582,16.299704,27.97706,120.75192,27.97638,120.75557,10,9483,0
7,1605,-36.20971982,20.42914582,28.0131,120.641,28.01353,120.6398,3,16,0
2554,2561,-3.485947578,34.32518475,28.001666,120.680277,28.00155,120.68023,4,124,0
42,1998,-3.972328702,-5.907365476,28.0014,120.65569,27.987217,120.623164,-1,4,0
2131,2353,7.023219424,-1.84947477,27.97509,120.65593,27.973777,120.682079,5,22,0
46,176,-48.35016924,-31.79087462,28.04917,120.61056,28.02521,120.6105,-1,69,0
547,590,9.081214292,19.04106851,27.98521,120.67877,27.98463,120.68406,4,11,0
53,2180,-1.657926263,-15.15851029,27.98833,120.64222,27.98333,120.65125,-1,44,0
551,2057,64.97545306,20.96276082,27.86131,120.79032,27.86515,120.79611,6,109,0
72,672,12.10216582,-47.7506019,27.97367,120.59704,27.96719,120.59359,8,8586,0
389,1015,-24.81216714,-14.78146659,28.01058,120.62116,28.02245,120.61239,-1,18,0
669,1923,-7.907842953,-6.493159696,28.01255,120.63174,27.99631,120.64437,-1,0,0
1022,1457,28.45955621,54.6899708,27.99539,120.7173,27.99566,120.715,7,4471,0
273,609,-59.56733157,-0.176322409,28.02613,120.64691,28.02096,120.62016,-1,44,0
636,1782,26.34317081,41.90459562,27.98612,120.70958,27.997236,120.700653,7,21,0
1653,1977,-19.96543306,7.977020933,28.00714,120.65555,27.99753,120.67522,-1,0,0
329,1905,28.5414335,-51.41780508,27.86838,120.6556,27.86345,120.67392,3,192,0
1285,1736,-50.27323481,-35.58393624,28.04108,120.61641,28.029592,120.6244,7,1058,0
1722,1922,65.63014642,18.13432873,27.87744,120.7991,27.85558,120.80096,6,114,0
60,255,68.70171959,1.614744356,27.89629,120.80392,27.91211,120.79786,6,73,0
518,1482,-18.87161021,30.51592317,28.025347,120.666909,28.02168,120.67042,3,6,0
529,1628,-24.38906286,47.61253519,28.01174,120.68077,28.01497,120.68572,-1,2399,0
457,1795,10.16608604,46.46515765,28.01851,120.70462,28.05247,120.66674,7,0,0
479,684,36.12328582,-46.79726786,27.89857,120.63091,27.88258,120.62827,3,277,0
1276,2963,1.753337788,-45.61210416,28.00066,120.58221,27.98802,120.61588,8,98,0
1217,2528,-29.97542065,-1.038242985,28.02385,120.64132,28.023744,120.653645,-1,11,0
76,2694,10.82862533,37.01746931,27.99619,120.71034,28.00118,120.70197,7,18,0
911,2342,46.2773558,25.30560209,27.96141,120.73461,27.96902,120.74658,10,330,0
487,1840,-5.171427029,4.819710133,27.98776,120.67428,27.9981,120.6541,-1,8,0
403,507,29.87234318,42.05008459,27.98093,120.71034,27.98393,120.7051,-1,142,0
1620,2198,-49.77925016,-9.503194086,28.01578,120.62194,28.01139,120.622331,4,2701,0
1143,2875,38.4028777,-23.32192329,27.92288,120.70458,27.92368,120.70347,3,69,0
449,1143,42.48878502,-24.19984747,27.93173,120.70133,27.92288,120.70458,3,113,0
1380,1447,-5.791943682,56.0538188,28.00675,120.68244,28.0035,120.6833,4,139,0
1225,1335,57.00468452,0.108249457,27.92421,120.82617,27.92006,120.82563,6,80,0
458,776,27.62891963,-48.21898524,27.87682,120.64507,27.86219,120.64959,3,55,0
1731,1955,-11.40740843,-2.549789135,28.00652,120.64463,28.00278,120.646,3,69,0
204,2330,8.862184025,-43.28504328,27.99015,120.62566,27.9967,120.60336,8,4,0
1591,1950,23.2336394,42.98139133,28.00528,120.70899,27.99139,120.71952,7,61,0
305,2614,-42.5191683,-6.382402471,28.008511,120.618079,28.01688,120.6293,4,19,0
1391,1872,40.57577898,-17.9289073,27.95467,120.69939,27.92834,120.69922,-1,21,0
515,1895,14.08295079,-23.91667839,27.96781,120.62801,27.96905,120.70307,-1,29,0
651,961,-34.45298454,-43.00229041,28.05562,120.60146,28.06451,120.58223,-1,14,0
1549,2842,28.97744182,45.65211068,27.98966,120.70619,27.98853,120.69743,-1,701,0
552,2497,33.85856399,-2.319142634,27.96536,120.74141,27.92371,120.73494,-1,0,0
523,813,-21.74350187,-30.52707177,28.01991,120.60428,28.01833,120.607999,3,13,0
1103,1939,-4.747263601,33.35788058,27.97694,120.62826,28.00197,120.68016,-1,65,0
515,1749,14.03683597,-26.14127076,27.96781,120.62801,27.97581,120.57281,8,5,0
1782,2359,6.804065868,57.04355829,27.997236,120.700653,28.00191,120.70463,7,406,0
653,1012,-13.94771123,-58.95403741,28.03924,120.56603,28.04376,120.56894,9,5590,0
708,1563,38.58758541,-10.50196523,27.9343,120.7072,27.92204,120.69661,3,212,0
291,391,-28.88715694,5.082436802,28.023257,120.659016,28.02273,120.64301,3,54,0
1761,2255,-7.949909376,51.07592621,27.99851,120.67952,27.99861,120.67972,4,1423,0
964,1912,-57.1931971,-16.96557533,28.065834,120.64764,28.05972,120.64548,7,1438,0
627,2954,-70.1204646,10.02648401,28.0494,120.66193,28.05735,120.66573,7,2404,0
1210,1978,-23.19251133,21.05032454,28.016806,120.659334,28.01665,120.65909,3,3,0
446,2185,5.093280233,-47.82614856,27.98581,120.61459,27.97251,120.60263,8,56,0
357,1031,-13.8385181,-51.04923891,28.03643,120.57447,28.036972,120.589166,9,10,0
1232,1494,-61.35921137,-12.98660162,28.04357,120.651564,28.04977,120.64759,7,437,0
1260,2303,49.68981044,5.425042773,27.91444,120.83278,27.90821,120.80227,6,16,0
666,1896,-35.63400103,-52.95283538,28.07352,120.58467,28.10296,120.57827,9,81,0
2517,2547,-39.57429099,-56.77740352,28.08227,120.59052,28.077515,120.5896,9,2548,0
609,2473,-27.69328198,-20.8075707,28.02096,120.62016,28.022523,120.620372,3,583,0
1255,2446,-12.29145284,44.41621382,27.9997,120.67055,27.98763,120.66308,-1,175,0
709,1865,42.09931819,33.92905858,27.97153,120.73361,27.97506,120.73909,10,4047,0
958,1900,-35.0337097,-58.92221916,28.04944,120.58116,28.06605,120.58485,9,364,0
741,1870,-29.78916125,33.8849927,27.95095,120.65688,27.99576,120.6574,-1,39,0
723,1605,-22.8200871,0.001381169,28.01311,120.6415,28.01353,120.6398,3,81,0
46,2594,-39.27681043,-50.09825869,28.04917,120.61056,28.08581,120.59066,-1,55,0
1844,2824,33.00983198,-23.55159713,27.92562,120.70294,27.92444,120.70304,3,117,0
841,2431,-26.54591776,-1.885785706,28.0171,120.63698,28.0053,120.633,3,45,0
608,2354,10.87470582,30.25658389,27.99367,120.69233,28.005487,120.689347,4,32,0
702,2481,32.03952762,-12.01806023,27.94104,120.72061,27.97265,120.66766,-1,2,0
2005,2075,36.12338285,-10.0508827,27.92325,120.6878,27.94054,120.69195,-1,4449,0
989,1502,-9.519408193,39.30497884,27.987092,120.667981,27.991292,120.664871,4,36,0
2362,2520,31.88634742,-22.25354631,27.92159,120.70412,27.92895,120.69631,3,63,0
1589,2173,11.64468507,68.46961923,28.02956,120.75507,28.01765,120.74361,7,1751,0
46,814,-48.46213636,-43.16143373,28.04917,120.61056,28.06065,120.61145,7,1364,0
1014,2542,-25.44954436,-20.51808158,28.0197,120.61522,28.01903,120.61189,3,271,0
2032,2353,14.75849301,1.948172323,27.971743,120.676601,27.973777,120.682079,5,75,0
1863,1905,31.1008128,-51.49346888,27.8606,120.69133,27.86345,120.67392,3,635,0
2092,2318,-29.91183112,-4.606111051,28.0195,120.63455,28.0217,120.647,3,52,0
201,2049,-26.97817684,-5.38259061,28.0203,120.625,28.01711,120.63167,4,2,0
1015,2847,-15.49700907,-35.68654262,28.02245,120.61239,28.041041,120.588459,-1,58,0
267,2336,69.29061045,22.08234038,27.87206,120.80251,27.87937,120.8036,6,17287,0
895,2930,9.563964704,67.89776119,28.03688,120.73858,28.021655,120.71483,7,23,0
1160,1803,-19.32765637,21.11227056,28.01525,120.66252,28.01235,120.66512,3,80,0
454,2758,9.436041132,12.31901581,27.98,120.66708,27.98519,120.67735,-1,90,0
247,399,-15.68946054,31.56719843,28.04031,120.70544,28.02201,120.67908,-1,43,0
653,958,-18.94735014,-55.82783953,28.03924,120.56603,28.04944,120.58116,9,192,0
1415,2189,-29.4477388,-7.708680461,28.01447,120.64201,28.01722,120.63141,-1,96,0
735,1923,-7.709975239,-17.87217925,27.993371,120.637184,27.99631,120.64437,-1,356,0
2400,2429,-14.17427742,49.27587176,28.005055,120.670694,28.005,120.67051,3,12,0
1367,2881,16.57277312,48.63286798,28.005911,120.714816,28.00606,120.714808,7,23,0
312,437,9.129645413,-3.157694578,27.97483,120.67456,27.98847,120.666286,-1,6,0
669,1130,-41.40906866,-4.328119906,28.01255,120.63174,28.02327,120.63423,-1,67,0
1433,2617,-38.34400934,18.00854696,28.015196,120.648057,28.02136,120.65561,3,83,0
677,2729,-55.81579344,-19.70636789,28.040628,120.619569,28.05359,120.63947,7,62,0
2736,2750,4.077662942,55.53332608,28.008768,120.696683,28.00455,120.70115,7,106,0
2536,2762,-0.672620735,29.38959338,28.00726,120.6775,28.01919,120.67036,-1,10,0
1877,2237,40.34523609,-13.60853627,27.928215,120.695478,27.92797,120.69797,3,1623,0
23,919,-34.80160902,42.34902339,28.015057,120.667466,28.01517,120.66789,3,683,0
1218,1469,51.91308489,3.824802201,27.91539,120.8198,27.93568,120.7957,6,79,0
950,2059,4.809617959,-44.87446342,27.98069,120.61263,27.987233,120.614505,8,155,0
666,1275,-36.28105505,-58.45205327,28.07352,120.58467,28.1014,120.58443,9,286,0
1154,2934,31.07316102,-30.3670832,27.92365,120.69173,27.92333,120.69182,3,14,0
745,1535,-37.35070366,-15.74937871,28.04541,120.65027,28.03768,120.63277,7,75,0
1338,2085,-18.49496259,-54.06393983,28.056963,120.625239,28.04973,120.58807,-1,13,0
1148,2847,-19.53235795,-49.87110767,28.0466,120.58511,28.041041,120.588459,9,15,0
872,1840,-6.908203611,6.252399609,27.98477,120.64882,27.9981,120.6541,-1,26,0
595,906,-16.6120375,35.40920531,28.01681,120.67808,28.01211,120.69386,-1,63,0
2046,2789,61.27868722,15.40200921,27.88702,120.81085,27.87222,120.79381,6,40,0
2460,2955,-25.82938746,38.09769501,28.021791,120.665431,28.02188,120.66555,3,1148,0
784,936,-33.15364312,-2.642805097,28.020289,120.63671,28.02145,120.63334,3,50,0
1080,1999,33.99388394,-28.72385881,27.92057,120.7039,27.91395,120.70028,3,45,0
525,2297,47.68176515,-25.14387952,27.92276,120.70713,27.92659,120.71116,3,494,0
111,2264,17.2844568,-17.16909129,27.95612,120.65155,27.95241,120.64911,5,27167,0
1829,2057,65.19504778,21.04500222,27.86907,120.79115,27.86515,120.79611,6,212,0
1650,1713,-51.03892243,-6.445145843,28.020022,120.631375,28.01567,120.62619,4,788,0
751,2483,-27.69925421,-23.73942058,28.02449,120.61195,28.02455,120.61196,3,14318,0
669,876,-31.9878452,-2.45303906,28.01255,120.63174,28.01851,120.63892,-1,44,0
405,1758,4.851665761,21.22588201,27.989232,120.680662,27.99447,120.68038,4,132,0
738,2891,35.54562134,11.66843635,27.9652,120.81554,27.99425,120.83053,2,5,0
1419,1650,-50.40725154,-4.217263253,28.01125,120.62553,28.020022,120.631375,4,127,0
173,1647,45.77356307,-20.16817169,27.92548,120.70387,27.92515,120.70447,3,398,0
59,756,56.76565341,8.582579781,27.90238,120.80278,27.90472,120.82388,6,48,0
91,2822,36.5751182,29.6866821,27.97831,120.74149,27.97743,120.73394,10,95,0
1351,2316,-11.54865699,-33.47580904,28.04387,120.63355,28.0271,120.60091,-1,19,0
426,643,-56.07317588,3.240246284,28.025933,120.641498,28.04355,120.65147,7,13,0
2087,2952,-19.96127215,35.67393128,28.02363,120.66164,28.021681,120.670423,3,147,0
1113,2433,-17.19748992,27.22516815,28.02313,120.66916,28.02202,120.66394,3,0,0
690,2842,1.59672323,52.46894322,28.0021,120.68989,27.98853,120.69743,4,0,0
1911,2889,31.27321114,25.62647158,27.97773,120.72673,27.97509,120.72769,10,32,0
68,1428,-55.23745439,-7.412944419,28.02467,120.61708,28.02259,120.62662,-1,100,0
1673,1955,-15.77672359,0.285041609,28.00217,120.64577,28.00278,120.646,3,894,0
1284,1794,24.47717944,3.307612858,27.94439,120.71319,27.94302,120.67619,-1,20,0
1387,2488,28.0910378,12.88544585,28.0238,120.80688,28.01749,120.80122,2,307,0
1599,1603,16.98125078,-37.47932658,27.955208,120.625696,27.94403,120.59556,-1,26,0
603,1667,9.405983562,-40.90461031,27.97164,120.62661,27.93583,120.61337,8,66,0
407,2568,-21.32650766,-49.93757447,28.026727,120.58226,28.04901,120.58582,9,8,0
1273,1610,-44.57010451,-36.1047979,28.02347,120.61544,28.05249,120.60567,-1,186,0
644,1946,-16.15989165,17.74427248,28.01278,120.65944,28.015216,120.662524,3,5,0
1874,2305,45.32893083,34.59138234,27.98621,120.73466,27.98543,120.73922,10,326,0
446,2445,4.811985411,-49.79976796,27.98581,120.61459,27.992515,120.595201,8,226,0
1005,1938,-45.24542299,24.60747498,28.00628,120.65332,28.01832,120.65141,3,59,0
152,581,61.92876778,-1.709533124,27.91139,120.82389,27.93237,120.77134,-1,4,0
259,2644,-61.48656245,14.44981595,28.05022,120.66531,28.019199,120.784475,-1,4,0
1767,2089,7.561163866,-16.89525417,27.97914,120.65482,27.970224,120.651685,5,322,0
828,859,25.85977962,-6.276568302,27.96168,120.677789,27.95386,120.68203,5,1183,0
501,1447,-7.008624263,54.4689072,28.004176,120.686025,28.0035,120.6833,4,33,0
1027,1084,-39.86460452,-54.35940371,28.08394,120.58605,28.09096,120.5847,9,917,0
816,1955,-12.28481186,-0.488167777,28.000546,120.645436,28.00278,120.646,3,290,0
2488,2958,28.85208209,17.34239915,28.01749,120.80122,28.01508,120.78821,2,1737,0
2092,2294,-29.06798525,-3.305986659,28.0195,120.63455,28.017358,120.65303,3,0,0
126,2686,6.696289514,62.44584757,28.014957,120.696342,28.0508,120.683,7,6,0
595,2557,-24.58730295,44.94660104,28.01681,120.67808,28.014329,120.680824,3,792,0
331,1590,-35.81888306,-21.77321084,28.03958,120.62042,28.02239,120.59436,-1,65,0
685,1487,10.63658026,-58.87839019,27.97822,120.56591,27.9731,120.55136,8,3627,0
2307,2405,25.12137399,-2.57125077,27.957377,120.682574,27.96984,120.68551,5,739,0
850,2010,-4.650343084,46.47454953,27.99186,120.67498,27.99742,120.68104,4,133,0
760,975,-4.67737036,29.28309089,28.00837,120.6755,28.00397,120.67029,3,0,0
1342,2767,-5.014227217,2.126382557,28.00491,120.67627,28.00293,120.64916,-1,4,0
924,1692,-40.45911486,-13.00384003,28.03883,120.63972,28.0404,120.64565,7,54,0
341,2295,-4.802525653,-16.27726603,27.98975,120.64468,27.99006,120.64119,-1,155,0
117,2938,-26.318138,-38.7602009,28.026108,120.592702,28.02158,120.59654,3,344,0
1164,1501,-45.51274738,-17.86517883,28.04057,120.64705,28.05557,120.61784,7,34,0
799,2664,65.52821124,-6.312371363,27.93368,120.81563,27.93035,120.81024,6,227,0
94,340,5.495505334,26.4420623,28.00246,120.68241,27.99961,120.68514,4,4,0
828,2261,23.46633564,-1.339407872,27.96168,120.677789,27.97054,120.68557,5,390,0
2055,2188,-44.80160856,-4.367846594,28.02288,120.63142,28.02031,120.62527,-1,51,0
2153,2405,28.54731619,-28.69300394,27.91643,120.68875,27.96984,120.68551,-1,46,0
912,2802,40.40664762,42.13809236,27.98324,120.72334,27.98055,120.72944,10,4487,0
49,109,-16.42935417,-41.47236072,28.02104,120.58411,28.03316,120.59087,9,133,0
580,2167,-42.46183409,8.671958135,28.02797,120.6552,28.0438,120.65797,7,0,0
1295,2218,33.04247004,-52.14134374,27.87791,120.67133,27.878176,120.67654,3,1136,0
656,2185,16.142092,-34.8545511,27.96161,120.59217,27.97251,120.60263,-1,31,0
1398,1626,-17.49816923,-28.36629398,28.02438,120.60303,28.01389,120.60169,3,79,0
347,2160,45.27821389,20.322208,27.98785,120.71681,27.9668,120.7548,-1,20,0
46,2926,-53.72071012,-31.73226847,28.04917,120.61056,28.04361,120.61806,7,1689,0
1092,1860,12.4310728,-9.500666953,27.96187,120.66042,27.97729,120.68651,-1,11,0
555,1576,7.187847435,-34.91961362,27.97023,120.61084,27.970529,120.613192,8,102,0
1155,2171,58.57536423,2.58325967,27.9164,120.82583,27.91955,120.83809,6,8,0
372,1244,-5.23908066,23.71607362,27.99629,120.68028,28.00503,120.67134,-1,79,0
1376,1589,8.476991635,69.61069582,27.99176,120.72451,28.02956,120.75507,7,34,0
2774,2864,45.53705881,18.68176909,27.96407,120.76438,27.9665,120.76112,10,9241,0
1007,1679,18.65495315,30.26134204,27.96558,120.68672,27.99338,120.70875,-1,2,0
1005,1416,-36.76919985,28.32175815,28.00628,120.65332,28.01137,120.64581,3,165,0
468,1900,-27.09907592,-52.20083347,28.02464,120.59155,28.06605,120.58485,-1,41,0
32,895,4.269982664,45.30258025,28.02917,120.77439,28.03688,120.73858,-1,223,0
623,755,27.46810637,-23.34807501,27.94373,120.68649,27.928,120.698,-1,8,0
36,1982,27.29832407,40.92659127,27.99005,120.70688,27.98851,120.70899,7,18,0
611,2130,67.82856098,16.88499595,27.867358,120.820794,27.85823,120.80871,6,64,0
2096,2319,6.716216695,-45.08678781,27.97745,120.61375,27.97631,120.60491,8,10369,0
1378,2342,38.52275133,29.33525994,27.9833,120.74401,27.96902,120.74658,10,33,0
994,2117,-17.80164403,11.85148307,28.01318,120.65352,28.0167,120.6534,3,66,0
1799,1991,0.139719119,22.78864683,27.99461,120.68409,28.00104,120.67237,-1,24,0
11,2637,38.55780151,45.84916498,27.99544,120.72251,27.99476,120.73128,7,115,0
528,1125,-1.352885615,-23.0962982,27.987113,120.628219,27.987701,120.628236,8,170,0
638,2023,8.175568015,-35.03164117,27.99736,120.62159,27.97172,120.61373,8,20,0
1619,2447,31.12106217,-42.63270974,27.920381,120.683202,27.907332,120.673448,3,33,0
1444,2602,2.279535673,-4.68892916,28.019216,120.588125,28.041463,120.586511,9,13,0
2170,2932,-11.46845221,-2.973519245,28.00475,120.642741,28.003843,120.643621,3,60,0
1276,1446,8.413405489,-47.80365964,28.00066,120.58221,27.98015,120.60519,8,147,0
230,1166,17.47999212,-42.90590447,27.956312,120.600096,27.95794,120.60138,10,2113,0
634,670,-27.53510678,-26.60820085,28.02449,120.60873,28.026927,120.60664,3,1317,0
227,609,-56.40308753,-18.75581625,28.05333,120.63083,28.02096,120.62016,-1,40,0
1980,2074,21.42635082,31.20584633,27.9546,120.667,27.986124,120.709577,-1,0,0
217,2631,-18.58015475,-26.37289199,28.01578,120.59444,28.01956,120.60229,3,84,0
623,2848,26.1300813,-1.040889919,27.94373,120.68649,27.965369,120.686131,5,365,0
937,2691,53.90096881,-8.62711504,27.94444,120.83533,27.93204,120.83665,6,203,0
1455,2784,-51.49025793,-27.86424394,28.03905,120.62757,28.05184,120.61542,7,215,0
2392,2405,3.08494774,-2.142233721,28.00878,120.68835,27.96984,120.68551,-1,0,0
468,2575,-27.981769,-37.49297158,28.02464,120.59155,28.02926,120.59028,-1,8201,0
412,2490,31.2422004,-43.49363842,27.91108,120.67813,27.88534,120.6674,3,44,0
869,1852,46.90779782,1.172219582,27.94864,120.77547,27.96059,120.7497,-1,25,0
104,1424,-24.82629928,-32.81327662,28.0211,120.601,28.02108,120.60101,3,1397,0
824,1731,-16.62739297,-2.127358029,28.002956,120.643807,28.00652,120.64463,3,404,0
912,1110,30.25125826,26.09052817,27.98324,120.72334,27.946867,120.69923,-1,2,0
1021,2788,11.45398331,-28.30296947,27.96668,120.62461,27.96243,120.65546,-1,18,0
32,2382,26.89357206,19.23326467,28.02917,120.77439,28.02789,120.77649,2,2446,0
331,353,-43.76574144,-35.01545638,28.03958,120.62042,28.04744,120.60876,7,331,0
552,1571,4.566596685,-5.197356069,27.96536,120.74141,27.97334,120.75738,10,12,0
1620,2396,-45.00097998,-8.476601261,28.01578,120.62194,28.03985,120.62173,-1,12,0
331,1331,-40.0124303,-24.4676204,28.03958,120.62042,28.07361,120.61293,-1,86,0
1020,2693,25.24365846,46.74949769,28.00029,120.70357,27.989197,120.703236,7,64,0
2359,2815,6.755911859,57.34233075,28.00191,120.70463,28.00165,120.70452,7,238,0
80,389,-50.24091065,-8.550428034,28.01143,120.62756,28.01058,120.62116,4,689,0
1841,2330,4.597090053,-49.30468514,27.980151,120.605199,27.9967,120.60336,8,261,0
293,874,-37.60417722,-10.98350398,28.02476,120.635142,28.04411,120.64767,-1,3,0
949,1093,-24.05563809,-51.84202722,28.042263,120.582178,28.03228,120.58055,9,263,0
563,2816,-40.45453637,-14.04213926,28.03956,120.65442,28.04411,120.63996,7,10,0
1313,2020,64.03539183,23.17032446,27.86156,120.7809,27.87833,120.79361,6,52,0
1003,2891,34.67345801,10.42016205,28.01839,120.82983,27.99425,120.83053,2,85,0
2092,2393,-48.62523176,1.977919399,28.0195,120.63455,28.02026,120.63522,3,298,0
1502,2089,7.134819324,-2.81678498,27.991292,120.664871,27.970224,120.651685,-1,12,0
257,2760,-33.78438654,-51.32921246,28.076984,120.602335,28.093393,120.555994,9,58,0
755,2325,30.13548252,-27.65902193,27.928,120.698,27.91782,120.69607,3,55,0
84,2451,13.59619316,52.14457131,28.01988,120.68913,28.01596,120.72171,7,161,0
2633,2756,13.88200239,20.53728651,27.98511,120.67531,27.98645,120.68772,4,163,0
869,1709,47.09043672,4.559488647,27.94864,120.77547,27.97034,120.76311,-1,34,0
966,1440,63.24275444,-4.60826154,27.918388,120.823666,27.92653,120.78661,6,138,0
539,2893,-34.312591,15.30959218,28.01516,120.65303,28.01724,120.64719,3,20,0
2628,2792,-27.95751317,39.92709366,28.01511,120.67465,28.02302,120.66759,3,195,0
40,2368,27.55914564,-53.14870422,27.85902,120.65677,27.86075,120.6532,3,11301,0
874,2812,-42.37129701,-13.93207413,28.04411,120.64767,28.03998,120.64414,7,29,0
2099,2224,13.9111857,18.45146215,27.99084,120.68506,27.98445,120.67253,4,32,0
804,1528,-39.87644517,21.31658022,28.012923,120.642857,28.01484,120.64575,3,388,0
566,904,-6.943187652,55.45488189,28.0085,120.68531,28.006121,120.686436,4,584,0
1046,1369,15.27082845,14.55990087,27.984567,120.677031,27.98473,120.6773,4,0,0
8,2920,8.637168795,-26.33677504,27.91704,120.56917,27.85731,120.58608,-1,8,0
2021,2325,43.38127722,-33.72928793,27.92043,120.68424,27.91782,120.69607,3,932,0
1709,1911,35.66973093,21.68556558,27.97034,120.76311,27.97773,120.72673,10,58,0
2505,2823,18.85128707,-48.86439666,27.94729,120.54847,27.94947,120.55856,10,3610,0
330,2343,30.30418096,-47.97066128,27.8779,120.688,27.866719,120.675409,3,36,0
142,1856,-41.9229565,-48.33449639,28.07201,120.60483,28.07457,120.58762,9,89,0
308,353,-35.13677242,-46.37189473,28.07118,120.58698,28.04744,120.60876,-1,20,0
1930,2255,-2.470359921,35.3233194,27.99704,120.68015,27.99861,120.67972,4,8,0
950,2260,5.164002677,-41.36633091,27.98069,120.61263,27.97853,120.62639,8,1787,0
1855,2655,3.397962686,18.65043616,27.98606,120.67631,27.986872,120.673376,4,49,0
883,1821,40.25792103,45.46632967,27.99238,120.73064,27.98011,120.74803,-1,414,0
1983,2128,74.95194647,7.817904558,27.88689,120.80628,27.8883,120.80901,6,4989,0
2007,2627,33.79171157,13.23320584,27.99715,120.77526,28.01826,120.7953,-1,57,0
566,1628,-22.0612436,47.14339479,28.0085,120.68531,28.01497,120.68572,-1,109,0
2307,2353,21.25669337,-2.129620583,27.957377,120.682574,27.973777,120.682079,5,80,0
438,2396,-55.97107446,-28.12052917,28.03933,120.62364,28.03985,120.62173,7,4688,0
1552,2811,22.40822919,56.56295385,28.00524,120.72204,28.00595,120.72062,7,1062,0
1110,1956,29.88482908,-5.218833837,27.946867,120.69923,27.96946,120.72066,-1,2703,0
1088,1433,-31.46345736,14.74198335,28.016654,120.650607,28.015196,120.648057,3,44,0
2248,2519,23.18346727,6.643024496,27.97512,120.69186,27.99715,120.70087,-1,93,0
850,2089,0.600497132,18.0159765,27.99186,120.67498,27.970224,120.651685,-1,0,0
976,2921,-44.99486489,-21.24004513,28.044851,120.648285,28.04626,120.62812,7,10,0
292,2968,-53.97088559,16.91850976,28.02857,120.65898,28.02802,120.6546,7,652,0
1458,2627,27.46203794,12.69920281,28.023603,120.80906,28.01826,120.7953,2,338,0
756,2171,61.213638,6.827557474,27.90472,120.82388,27.91955,120.83809,6,2,0
1082,2914,-43.63234405,20.41747013,28.016688,120.655528,28.01922,120.64427,3,646,0
2149,2633,16.55402917,20.29979467,27.98472,120.69611,27.98511,120.67531,4,250,0
9,31,-34.0325923,-5.133717562,27.99378,120.6501,28.02343,120.63235,3,6,0
636,1950,31.42471385,47.22194324,27.98612,120.70958,27.99139,120.71952,7,60,0
594,2236,-9.117813617,46.01053989,27.99348,120.67357,27.9946,120.674,4,284,0
461,2187,64.23433199,9.024907357,27.8974,120.81737,27.89058,120.80958,6,41,0
149,916,-43.06247977,32.16321205,28.01646,120.65935,28.01381,120.65692,3,662,0
609,2467,-37.94403566,-2.391387124,28.02096,120.62016,28.025613,120.638246,-1,32,0
1239,1393,34.12889583,-50.20790773,27.87124,120.64996,27.88797,120.67287,3,139,0
257,691,-43.0560737,-49.74024005,28.076984,120.602335,28.05782,120.58736,9,647,0
182,2900,-27.83593391,-16.72177346,28.01939,120.61656,28.02464,120.59964,3,61,0
495,707,34.00789504,9.196782583,27.994253,120.830533,28.0008,120.84201,2,552,0
1352,1791,63.17763034,16.57184808,27.878333,120.793611,27.86862,120.78313,6,9,0
1129,2183,59.53285829,8.834577849,27.91593,120.8267,27.89444,120.81353,6,157,0
1873,2164,-21.37969428,22.81176395,28.01486,120.66325,28.01286,120.66582,3,47,0
273,382,-16.27203713,20.95771946,28.02613,120.64691,28.01967,120.6623,-1,12,0
652,1363,62.81008027,16.90226486,27.88623,120.80236,27.87025,120.79516,6,85,0
2452,2939,-16.56184412,14.5205903,28.0105,120.66068,28.011397,120.653141,3,56,0
54,1650,-43.73604141,-6.570383487,28.018598,120.620672,28.020022,120.631375,4,128,0
234,1134,-10.90662754,-8.055065684,28.01828,120.62547,27.99644,120.63354,-1,12,0
1427,1821,45.91589986,28.80377733,27.98011,120.74983,27.98011,120.74803,10,18244,0
860,2323,-39.14187522,2.551008488,28.03044,120.64309,28.02463,120.6447,7,30,0
76,940,19.61327601,39.67011102,27.99619,120.71034,28.00288,120.71024,7,35,0
73,1354,-26.0357029,-8.809329843,28.01003,120.63314,28.01757,120.6318,-1,55,0
623,1848,29.93874825,-8.787281615,27.94373,120.68649,27.96164,120.66747,5,81,0
1020,2060,7.113467719,55.43897426,28.00029,120.70357,28.00115,120.70351,7,389,0
1679,2901,30.45621114,5.104326457,27.99338,120.70875,27.97339,120.7071,-1,19,0
943,2279,33.10834795,42.09832109,27.98369,120.71502,27.98388,120.70501,-1,46,0
1922,1924,63.72042539,16.11047425,27.85558,120.80096,27.86419,120.81517,6,18,0
1651,2708,38.70512794,27.8014696,27.97707,120.74717,27.975,120.745833,10,124,0
353,2396,-35.92576113,-23.76097699,28.04744,120.60876,28.03985,120.62173,7,13,0
319,746,23.34357877,-16.17341796,27.93831,120.66539,27.94545,120.66986,5,22982,0
2316,2568,-17.07105927,-33.08598253,28.0271,120.60091,28.04901,120.58582,-1,48,0
763,922,36.94290174,26.66176993,27.97775,120.74248,27.97842,120.75478,10,21,0
1563,1895,29.6719276,-24.18479129,27.92204,120.69661,27.96905,120.70307,-1,9,0
1622,2846,-4.150068656,53.22857504,28.00126,120.6875,28.00084,120.68266,4,1215,0
744,1187,14.70246194,-4.517984621,27.96358,120.66496,27.96331,120.66311,5,1141,0
491,1691,-24.18089477,22.06770815,28.014866,120.661141,28.01519,120.66268,3,36,0
64,916,-40.26920771,31.70307788,28.01276,120.65434,28.01381,120.65692,3,487,0
1070,1821,46.55523951,15.91353762,27.97374,120.7589,27.98011,120.74803,10,60,0
407,2150,-14.83435174,-40.95157754,28.026727,120.58226,27.99711,120.58895,-1,106,0
186,1228,65.77428019,15.11269212,27.8721,120.81802,27.873505,120.818568,6,21,0
384,1938,-30.20279329,9.318151009,28.01405,120.63301,28.01832,120.65141,-1,67,0
1328,1394,-7.228361866,38.79792743,27.99862,120.67265,27.99572,120.672658,4,25,0
227,1927,-58.52620544,-21.34556356,28.05333,120.63083,28.04626,120.62785,7,4192,0
1755,2362,40.78034657,-30.76315777,27.916499,120.696973,27.92159,120.70412,3,357,0
1228,2046,68.35707111,13.9452251,27.873505,120.818568,27.88702,120.81085,6,33,0
369,1129,60.18768377,-13.50367329,27.9277,120.83323,27.91593,120.8267,6,266,0
1871,2216,8.653076477,-7.718976959,27.96874,120.65488,27.97228,120.65066,5,82,0
46,490,-16.17969314,-9.978425171,28.04917,120.61056,28.00307,120.6298,-1,15,0
515,1481,12.89745391,-42.10042743,27.96781,120.62801,27.96111,120.6227,8,3380,0
1839,2687,8.916527962,67.28486567,27.97706,120.75192,28.0443,120.70804,-1,4,0
2020,2138,63.33801076,23.14195153,27.87833,120.79361,27.87481,120.78795,6,6338,0
656,659,18.99338203,-29.86186293,27.96161,120.59217,27.98025,120.58452,-1,27,0
46,2568,-43.90975695,-38.01956185,28.04917,120.61056,28.04901,120.58582,-1,98,0
488,1486,14.44738071,44.72610379,28.01171,120.71924,28.008255,120.719639,7,10,0
1456,2301,43.91331731,13.4429875,27.9905,120.76564,27.97211,120.77582,10,18,0
1348,2331,28.82349451,-18.4763891,27.92776,120.69408,27.92645,120.67635,3,12,0
2058,2398,31.1759747,-33.65135455,27.87238,120.65735,27.923249,120.687804,3,4,0
2272,2418,28.4291612,-27.33119232,27.91974,120.69145,27.93672,120.67951,-1,25,0
1053,1769,24.95497336,48.54960619,27.99068,120.7167,27.998722,120.707177,7,301,0
1054,2129,-8.351106425,-11.21977895,27.99918,120.641648,27.98951,120.64774,-1,333,0
1474,1626,-9.662043323,-36.20717451,28.02436,120.58545,28.01389,120.60169,-1,43,0
865,1455,-45.36755443,-35.40592689,28.0464,120.604,28.03905,120.62757,7,55,0
994,1687,-41.08725141,28.53457638,28.01318,120.65352,28.0134,120.65344,3,1905,0
2407,2622,-59.97248108,-15.88585964,28.06561,120.63194,28.0547,120.64565,7,942,0
1124,2223,60.60746701,-12.19417258,27.92529,120.82185,27.922663,120.824735,6,1574,0
1480,2913,50.29153073,4.560858227,27.96194,120.78881,27.92081,120.81459,-1,20,0
1514,2642,-41.80358118,-12.52590513,28.039838,120.650314,28.03965,120.64593,7,12,0
464,1876,12.46421521,-25.20113726,27.9659,120.64111,27.954186,120.587915,-1,8,0
1052,1747,41.32370917,37.63966568,27.97486,120.72843,27.978667,120.735061,10,2587,0
1074,1958,-19.25700758,20.70798905,28.014943,120.655064,28.01842,120.65967,3,2,0
1612,2096,-0.987866383,-36.796454,27.9938,120.57017,27.97745,120.61375,8,2,0
860,2200,-39.30667745,-10.41698864,28.03044,120.64309,28.03746,120.65611,7,4,0
1213,1496,20.48781381,4.402403101,27.97513,120.69553,27.97767,120.70127,-1,20,0
2544,2559,-37.58134727,24.26233429,28.01046,120.64997,28.01104,120.64986,3,164,0
1204,2185,11.82583494,-33.76648405,27.94777,120.6125,27.97251,120.60263,-1,14,0
1571,2774,39.92204908,18.60516489,27.97334,120.75738,27.96407,120.76438,10,2,0
169,1626,-16.4523715,-23.39766844,28.01257,120.6053,28.01389,120.60169,3,23,0
638,1453,-5.786408494,-13.28890762,27.99736,120.62159,27.99832,120.6366,-1,128,0
565,1291,-4.244499541,12.3988486,28.00841,120.66454,28.0021,120.6664,3,8,0
1769,1973,8.496906038,56.06691923,27.998722,120.707177,27.99978,120.70721,7,354,0
954,1506,-24.79103173,38.18324784,28.018214,120.672196,28.02799,120.66168,-1,255,0
2641,2927,31.40811995,13.2383791,28.00624,120.82807,28.02026,120.79958,2,67,0
500,1483,20.22873481,46.44335982,27.99978,120.7112,27.9897,120.71206,7,51,0
66,1285,-36.87902237,-26.05807497,28.0485,120.6088,28.04108,120.61641,7,24,0
1449,2686,7.334698423,61.81156057,28.01592,120.69364,28.0508,120.683,7,13,0
173,770,44.07119561,-19.94277669,27.92548,120.70387,27.921591,120.704296,3,43,0
2005,2021,45.47057803,-32.45141202,27.92325,120.6878,27.92043,120.68424,3,25125,0
455,1679,30.74818704,48.29134147,27.992983,120.713162,27.99338,120.70875,7,248,0
1106,2199,-24.45005431,-34.69002046,28.02311,120.59937,28.026587,120.594413,3,139,0
213,876,-47.74274057,4.69712638,28.01009,120.63564,28.01851,120.63892,3,297,0
534,746,23.60245559,-16.35786528,27.93767,120.66978,27.94545,120.66986,5,3053,0
561,1100,-33.72422632,-4.921530381,28.02374,120.641626,28.00741,120.61911,-1,4,0
178,1760,-24.13595091,6.408953282,28.01444,120.65108,28.01143,120.64969,3,31,0
2149,2236,3.262849409,22.13130622,27.98472,120.69611,27.9946,120.674,4,29,0
147,668,-19.17065912,-20.65353183,28.01625,120.60085,28.0105,120.60976,3,107,0
410,1440,51.83138544,-4.903287092,27.95123,120.82795,27.92653,120.78661,6,45,0
32,1589,32.9488849,16.02310712,28.02917,120.77439,28.02956,120.75507,-1,79,0
2009,2486,-47.53162378,-16.16918258,28.04976,120.647462,28.04854,120.66293,7,43,0
651,2085,-40.79410694,-41.80269676,28.05562,120.60146,28.04973,120.58807,-1,395,0
1154,1858,31.11899414,-28.13098256,27.92365,120.69173,27.92336,120.69364,3,24,0
1979,2599,-6.843451067,17.41492323,28.00367,120.67052,28.00304,120.66839,3,13,0
283,2301,42.44688897,14.23117042,27.98338,120.744,27.97211,120.77582,10,0,0
1650,2733,-51.62523137,-5.450732493,28.020022,120.631375,28.019524,120.631948,-1,1168,0
159,2901,22.20645797,2.591867994,27.94833,120.66804,27.97339,120.7071,-1,2,0
2078,2577,35.66829461,-21.91680531,27.92125,120.70678,27.92101,120.70502,3,51,0
1557,1660,69.27725099,0.064127203,27.90165,120.81193,27.91134,120.80988,6,1836,0
325,1859,64.67935559,15.1311952,27.867766,120.811222,27.87212,120.80789,6,91,0
1215,2059,4.62493947,-46.69296792,27.98702,120.60848,27.987233,120.614505,8,1271,0
1061,2237,46.98350512,-22.1626671,27.92415,120.70545,27.92797,120.69797,3,2990,0
1045,1958,-26.35828115,21.65583392,28.0167,120.656,28.01842,120.65967,3,201,0
746,973,37.38401552,-14.97967416,27.94545,120.66986,27.93169,120.70193,-1,54,0
2085,2132,-20.92711428,-49.46007582,28.04973,120.58807,28.043908,120.588971,9,26,0
46,1899,-46.9940926,-42.7458428,28.04917,120.61056,28.06248,120.60338,-1,1016,0
709,1053,27.01211298,30.11522363,27.97153,120.73361,27.99068,120.7167,-1,42,0
2162,2300,22.03326907,58.09804593,27.99836,120.72046,27.99832,120.72424,7,576,0
54,234,-47.79544272,-10.18732677,28.018598,120.620672,28.01828,120.62547,4,4456,0
279,1714,35.74503006,31.50643475,27.98465,120.73383,27.98008,120.74344,10,85,0
1994,2120,-4.13655342,5.705093246,27.992378,120.669665,28.00312,120.65388,-1,15,0
87,546,33.14159674,-34.19479071,27.92144,120.6877,27.92076,120.68433,3,52,0
1150,2179,-10.91466972,-28.73864132,28.00906,120.58854,28.0058,120.593,3,971,0
443,1415,-36.89528517,16.64677049,28.01674,120.64688,28.01447,120.64201,3,31,0
473,2835,49.27911674,-2.635678129,27.94738,120.78177,27.94411,120.78597,2,87,0
1199,1521,-15.79686217,49.14155611,28.009766,120.667542,28.00551,120.66263,3,39,0
1276,1481,11.0740009,-37.7275353,28.00066,120.58221,27.96111,120.6227,8,7,0
1685,2048,-38.10221095,-55.8882766,28.08692,120.5856,28.07875,120.58356,9,4613,0
189,2190,16.33844937,19.58303385,27.98396,120.69007,27.98235,120.67423,-1,110,0
23,1289,-17.67158428,7.219114906,28.015057,120.667466,28.0114,120.65314,3,0,0
1428,2379,-43.06395552,-4.085910505,28.02259,120.62662,28.04982,120.6511,7,11,0
89,1593,-43.89478406,16.73733041,28.0164,120.65703,28.02516,120.64698,-1,59,0
2183,2826,63.87618455,12.3148192,27.89444,120.81353,27.86957,120.81322,6,18,0
1422,2841,23.05765082,48.20679083,28.00506,120.71172,28.000286,120.70749,7,21,0
1911,2279,30.95017782,47.5193165,27.97773,120.72673,27.98388,120.70501,-1,24,0
772,1138,-40.4251113,-46.88966816,28.05187,120.61117,28.05708,120.58299,-1,6,0
758,2928,-4.009567851,46.43390212,27.99542,120.68153,27.99271,120.68075,4,325,0
2373,2715,-13.03113905,42.08296731,27.99672,120.65264,27.99435,120.66326,-1,561,0
291,1329,-51.84351006,19.23032227,28.023257,120.659016,28.02655,120.65947,-1,117,0
1885,2182,12.90485996,-42.67494721,27.96887,120.61609,27.96515,120.61124,8,1917,0
959,1416,-32.17773177,26.70934599,28.009115,120.657413,28.01137,120.64581,3,35,0
1209,1845,18.32691076,57.1660862,28.00032,120.72752,27.99406,120.72557,7,39,0
772,2594,-38.17595852,-49.65341084,28.05187,120.61117,28.08581,120.59066,-1,14,0
2526,2742,-7.194149583,51.25561944,27.999585,120.679713,27.99959,120.67971,4,2,0
1969,2344,-17.20288768,-2.169358124,28.00303,120.63895,28.000843,120.64058,3,2390,0
1593,2914,-34.87375619,2.745933409,28.02516,120.64698,28.01922,120.64427,-1,42,0
58,2408,38.36414951,17.01477005,27.97969,120.74181,27.97638,120.75557,10,81,0
2004,2784,-38.33702556,-46.43743982,28.05469,120.58692,28.05184,120.61542,-1,3,0
1254,1569,19.67794456,6.453220435,27.97964,120.68734,27.984146,120.678225,-1,32,0
47,279,41.25662457,15.56552213,27.97433,120.75967,27.98465,120.73383,10,60,0
1950,2802,34.86880019,33.51298968,27.99139,120.71952,27.98055,120.72944,-1,236,0
1244,1606,-5.646278895,21.3176396,28.00503,120.67134,28.01492,120.67488,3,37,0
79,476,37.63657243,-29.22632337,27.921889,120.696181,27.92198,120.70229,3,112,0
2118,2870,-0.087922629,12.42562923,27.99228,120.66244,27.993073,120.660361,4,12,0
234,1246,-46.74919645,-2.694375773,28.01828,120.62547,28.018796,120.628228,4,28,0
908,912,31.67707944,28.31807246,27.971495,120.733406,27.98324,120.72334,10,38,0
925,2239,-5.515974365,19.10956587,28.00554,120.66603,28.00222,120.68192,-1,6,0
221,2367,22.55521655,55.85267964,28.00742,120.71768,28.008302,120.718349,7,479,0
42,1072,-10.51687869,9.800939751,28.0014,120.65569,28.00679,120.65524,3,53,0
831,2224,6.428144066,11.2527143,27.9762,120.668,27.98445,120.67253,-1,12,0
415,2701,-15.23915994,17.47752619,28.01975,120.65219,28.0144,120.6591,3,39,0
2214,2298,30.11724024,-7.187623853,27.9598,120.68203,27.92952,120.68107,5,158,0
60,1218,58.40364593,7.469446413,27.89629,120.80392,27.91539,120.8198,6,9,0
896,1337,33.18730798,26.15234903,27.93874,120.62121,27.9422,120.581,-1,50,0
1814,2458,31.21449383,-51.98574508,27.88108,120.671,27.85734,120.67149,3,86,0
41,450,9.089982288,-31.20583208,27.95746,120.61208,27.96474,120.57156,-1,0,0
1794,1956,28.70023719,-5.377284106,27.94302,120.67619,27.96946,120.72066,-1,46,0
874,2197,-42.22004021,-18.81057535,28.04411,120.64767,28.04449,120.62163,7,108,0
775,2021,38.04749304,-43.54405098,27.9189,120.64478,27.92043,120.68424,3,41,0
281,473,49.32903522,-0.947253939,27.94397,120.77876,27.94738,120.78177,2,48,0
686,2568,-14.55930479,-51.41777968,28.035763,120.57132,28.04901,120.58582,9,14,0
1380,1939,-10.59827336,56.12611776,28.00675,120.68244,28.00197,120.68016,4,3096,0
403,1911,33.4829546,40.84600643,27.98093,120.71034,27.97773,120.72673,-1,111,0
545,2142,19.46294948,26.01795939,27.96676,120.65937,27.98684,120.71242,-1,8,0
1779,2294,-18.86427911,11.04068209,28.01179,120.65261,28.017358,120.65303,3,58,0
868,2010,1.436869115,26.82570548,28.01279,120.66871,27.99742,120.68104,-1,25,0
260,2423,12.0761069,-49.70605984,27.970062,120.58163,27.97046,120.58316,8,135,0
178,2899,-42.4243875,15.92533379,28.01444,120.65108,28.02802,120.65472,-1,12,0
740,2049,-24.92235459,-9.357478047,28.011421,120.622423,28.01711,120.63167,4,18,0
1058,1501,-60.29180155,-22.97012157,28.04752,120.63044,28.05557,120.61784,7,1003,0
955,1273,-37.96087898,-16.9560501,28.04133,120.65311,28.02347,120.61544,-1,2,0
2571,2891,34.49012814,9.584098565,27.95427,120.8335,27.99425,120.83053,-1,52,0
1446,1885,10.45983403,-43.20181226,27.98015,120.60519,27.96887,120.61609,8,804,0
2214,2901,26.3132971,2.258171329,27.9598,120.68203,27.97339,120.7071,-1,201,0
876,1388,-48.12037973,8.060780577,28.01851,120.63892,28.01822,120.64711,3,173,0
1126,2124,34.21241359,13.11401644,28.00232,120.79736,28.0048,120.764,10,28,0
952,2154,45.60148347,17.37610017,27.97169,120.76145,27.96748,120.75293,10,241,0
1939,2935,-9.480304205,53.98667491,28.00197,120.68016,28.00437,120.68004,4,546,0
943,1911,35.97932642,42.65771634,27.98369,120.71502,27.97773,120.72673,-1,1540,0
279,1376,41.03220718,41.70849595,27.98465,120.73383,27.99176,120.72451,-1,1021,0
709,2802,42.23530154,35.7192478,27.97153,120.73361,27.98055,120.72944,10,1569,0
369,1293,58.96028117,-12.05721035,27.9277,120.83323,27.93743,120.83414,6,909,0
9,2287,-13.69240542,0.668890782,27.99378,120.6501,28.002169,120.645773,3,60,0
1177,2671,7.156814793,32.1585563,28.00586,120.69435,28.00505,120.694054,7,0,0
1374,2468,-32.48497978,13.67550015,28.01676,120.64987,28.022717,120.632107,3,13,0
382,1506,-52.70776731,20.43821586,28.01967,120.6623,28.02799,120.66168,-1,1239,0
84,1963,-61.55011712,13.40404176,28.01988,120.68913,28.050194,120.692298,7,19,0
25,487,9.192170153,9.434842644,27.976204,120.667973,27.98776,120.67428,-1,24,0
420,2225,13.33217878,61.03570853,28.019477,120.715049,28.01963,120.71371,7,3230,0
2144,2967,39.70367565,-22.92236928,27.92809,120.70577,27.92614,120.70507,3,44,0
1574,2802,40.7115839,38.91681358,27.980622,120.731705,27.98055,120.72944,10,409,0
247,457,10.42088252,61.41655433,28.04031,120.70544,28.01851,120.70462,7,23,0
80,876,-29.23733945,-4.860539956,28.01143,120.62756,28.01851,120.63892,-1,25,0
414,1103,12.41816124,-35.47203915,27.96162,120.59686,27.97694,120.62826,-1,41,0
1053,2186,33.88552274,50.87356827,27.99068,120.7167,27.99188,120.7165,7,562,0
418,748,35.88859205,-21.63499068,27.925833,120.705277,27.9266,120.711,3,14,0
178,2703,-37.35954592,18.79754756,28.01444,120.65108,27.99103,120.63464,-1,29,0
1743,2200,-39.98218216,-0.356337073,28.02983,120.63357,28.03746,120.65611,7,5,0
1122,2254,60.54985125,-2.547442615,27.9304,120.80754,27.923401,120.816621,6,84,0
2125,2386,12.12858684,42.73754092,28.005059,120.711717,28.01849,120.70996,7,4,0
1354,1650,-30.16788193,-5.034398559,28.01757,120.6318,28.020022,120.631375,4,40,0
278,2736,8.224866305,35.10402163,28.00309,120.69882,28.008768,120.696683,7,0,0
1586,2010,4.056867666,24.87411166,27.993909,120.679255,27.99742,120.68104,4,19,0
293,1130,-50.52536323,-0.56430698,28.02476,120.635142,28.02327,120.63423,3,178,0
1226,1416,-33.27800718,28.27274965,28.01039,120.65256,28.01137,120.64581,3,15,0
16,2784,-47.97247232,-44.79526486,28.07646,120.62205,28.05184,120.61542,-1,198,0
11,687,13.7822346,32.02384545,27.99544,120.72251,28.006318,120.696659,7,9,0
149,2801,-43.5018161,31.94711431,28.01646,120.65935,28.01569,120.65545,3,660,0
47,2408,47.74743046,16.15333723,27.97433,120.75967,27.97638,120.75557,10,10678,0
408,1535,-55.68160453,-3.597373837,28.05042,120.6339,28.03768,120.63277,7,59,0
535,2904,49.31406816,1.354450161,27.96456,120.79906,27.95985,120.77797,2,100,0
1494,1912,-53.93991848,-16.49051142,28.04977,120.64759,28.05972,120.64548,7,62,0
574,2342,32.17138305,-6.832361374,27.93368,120.71241,27.96902,120.74658,-1,2,0
1571,2360,42.85590907,15.69863133,27.97334,120.75738,27.97589,120.75072,10,85,0
1596,2840,-32.2724344,-32.5992726,28.027266,120.655901,28.04323,120.58656,-1,3,0
1082,2712,-32.92748201,15.2731443,28.016688,120.655528,28.01694,120.64891,3,28,0
335,972,26.59886107,-9.468899903,27.93483,120.66784,27.94366,120.68317,5,317,0
1588,2120,-33.21683518,33.86141682,28.00248,120.65588,28.00312,120.65388,3,267,0
128,273,-47.1139896,16.26919867,28.0248,120.64971,28.02613,120.64691,7,143,0
545,972,17.48653116,-6.607706169,27.96676,120.65937,27.94366,120.68317,5,5,0
1187,1624,6.091789613,-29.82223514,27.96331,120.66311,27.971715,120.608414,-1,2,0
14,2656,-39.16907821,6.194866436,28.02496,120.66541,28.024797,120.649708,-1,0,0
599,1386,23.1015747,5.151885729,27.97321,120.72684,27.98557,120.68544,-1,41,0
174,2831,-42.65503495,-11.32619795,28.04894,120.64323,28.04021,120.64658,7,47,0
145,643,-65.70642007,7.275315836,28.044045,120.652283,28.04355,120.65147,7,696,0
1194,1683,25.33532551,-12.73574525,27.9573,120.67705,27.95708,120.67304,5,33519,0
392,1557,67.93527189,0.389894275,27.90266,120.80723,27.90165,120.81193,6,632,0
864,958,-19.15054638,-56.36826349,28.03948,120.56891,28.04944,120.58116,9,645,0
715,2089,7.400845475,-14.01871662,27.970689,120.65028,27.970224,120.651685,5,2538,0
14,906,-21.9228414,35.07760185,28.02496,120.66541,28.01211,120.69386,-1,15,0
1680,2224,10.70181271,9.408980826,27.96413,120.67139,27.98445,120.67253,-1,0,0
306,1956,32.39060461,-7.092164174,27.93177,120.67802,27.96946,120.72066,-1,31,0
786,1058,-54.54784002,-17.47985686,28.065163,120.642463,28.04752,120.63044,7,50,0
761,2031,-33.73306462,2.365954372,28.02569,120.64175,28.024044,120.64407,-1,26,0
946,1764,15.81851318,-29.48136078,27.94117,120.60038,27.96875,120.60619,-1,17,0
317,1689,-41.60544495,17.37700723,28.01994,120.655,28.02095,120.64389,3,168,0
637,2557,-11.72390041,33.20559685,28.01522,120.68916,28.014329,120.680824,-1,68,0
1357,2085,-41.33042307,-41.84181308,28.05143,120.60047,28.04973,120.58807,-1,569,0
1595,2506,-40.59054439,-0.410182426,28.03104,120.63718,28.02561,120.63825,7,0,0
142,1981,-44.83272201,-44.38262382,28.07201,120.60483,28.04382,120.61146,-1,114,0
562,755,43.03741657,-19.27850904,27.92439,120.70333,27.928,120.698,3,111,0
1600,2721,42.71363421,-25.21071355,27.92162,120.70502,27.92299,120.70473,3,1045,0
464,1460,2.517172274,-11.70562102,27.9659,120.64111,27.985304,120.632788,8,9,0
1667,2330,10.75164679,-33.43463359,27.93583,120.61337,27.9967,120.60336,8,0,0
2200,2644,-59.91841552,9.396981635,28.03746,120.65611,28.019199,120.784475,-1,3,0
1455,2146,-49.02078288,-25.33466827,28.03905,120.62757,28.051431,120.600469,7,33,0
4,1643,-1.486858409,-28.90590485,27.98663,120.61963,27.98054,120.61279,8,534,0
1444,2776,-9.319639816,-32.74978741,28.019216,120.588125,28.01919,120.588,9,8,0
623,1794,29.21827037,-8.506809423,27.94373,120.68649,27.94302,120.67619,5,2970,0
394,1572,-29.79173201,-34.26751063,28.029211,120.593311,28.02693,120.60664,3,115,0
1080,2325,37.05940777,-30.36863058,27.92057,120.7039,27.91782,120.69607,3,337,0
2153,2331,40.31812171,-37.46520875,27.91643,120.68875,27.92645,120.67635,3,232,0
1022,2119,14.87172706,32.10345923,27.99539,120.7173,27.97513,120.74591,-1,7,0
584,1885,9.13816768,-36.38595891,27.99383,120.62841,27.96887,120.61609,8,0,0
1308,2214,18.50641184,10.92641202,27.98404,120.68203,27.9598,120.68203,-1,96,0
1729,2324,63.99926407,13.27084996,27.855613,120.81738,27.8722,120.8266,6,0,0
1020,1178,3.204212182,52.54079369,28.00029,120.70357,27.99689,120.69531,-1,30,0
436,1506,-7.201116661,21.38778259,28.01004,120.66769,28.02799,120.66168,-1,6,0
504,1974,24.51158479,18.64071157,28.05578,120.81463,28.04339,120.81815,2,666,0
943,1682,36.88536543,34.53331201,27.98369,120.71502,27.96568,120.73665,-1,320,0
655,2687,11.06854471,67.18813432,28.03962,120.71918,28.0443,120.70804,7,659,0
331,936,-55.05280136,-5.854516843,28.03958,120.62042,28.02145,120.63334,-1,617,0
2092,2189,-50.34049596,-5.323808868,28.0195,120.63455,28.01722,120.63141,-1,2516,0
2379,2745,-36.41336486,-4.677071256,28.04982,120.6511,28.02921,120.62987,7,0,0
584,1416,-3.498236869,-6.311612467,27.99383,120.62841,28.01137,120.64581,-1,13,0
574,1755,35.04207998,-21.1811245,27.93368,120.71241,27.916499,120.696973,3,45,0
745,1098,-46.60663863,-19.76387154,28.04541,120.65027,28.0475,120.62333,7,78,0
149,761,-19.6580426,8.934925056,28.01646,120.65935,28.02569,120.64175,-1,12,0
422,1759,-23.13179539,43.47478962,28.00525,120.70299,28.018481,120.682668,-1,44,0
1552,2469,18.56500737,54.44205306,28.00524,120.72204,28.00923,120.72917,7,82,0
281,2254,50.64700357,3.931871306,27.94397,120.77876,27.923401,120.816621,-1,30,0
2396,2840,-33.08199709,-33.94990696,28.03985,120.62173,28.04323,120.58656,-1,2,0
729,2199,-20.0942895,-34.2012736,28.02336,120.60588,28.026587,120.594413,3,4,0
1768,2324,66.49667846,13.04839648,27.87577,120.82258,27.8722,120.8266,6,76,0
446,2023,9.882593563,-40.31895599,27.98581,120.61459,27.97172,120.61373,8,32,0
258,2790,1.273031853,-48.5718611,27.986706,120.608952,27.99273,120.60679,8,238,0
1457,1769,21.99694823,43.52629541,27.99566,120.715,27.998722,120.707177,7,310,0
1187,2032,12.06315508,-1.410615843,27.96331,120.66311,27.971743,120.676601,5,78,0
119,1769,24.73647367,46.48024408,27.994472,120.703061,27.998722,120.707177,7,84,0
98,2431,-7.952866306,-1.731162539,27.996306,120.644374,28.0053,120.633,3,46,0
1699,2149,18.49351221,7.977236231,27.97659,120.67899,27.98472,120.69611,-1,191,0
576,2055,-44.35929417,-2.259863625,28.02002,120.63138,28.02288,120.63142,-1,0,0
1468,2617,-27.66076197,22.90109196,28.02255,120.66078,28.02136,120.65561,3,72,0
227,2888,-60.25379955,-20.09497289,28.05333,120.63083,28.05349,120.61286,7,282,0
1166,1242,14.50887772,-38.2221113,27.95794,120.60138,27.94889,120.61987,-1,88,0
1054,2344,-10.00152976,-11.95634161,27.99918,120.641648,28.000843,120.64058,3,1812,0
1061,1633,35.18239615,-28.20209344,27.92415,120.70545,27.921943,120.703398,3,110,0
824,1528,-25.87557907,7.488131152,28.002956,120.643807,28.01484,120.64575,3,2,0
1608,1807,-64.25541293,5.738262983,28.0453,120.65749,28.040568,120.63282,7,130,0
464,1837,4.004522308,-19.29251351,27.9659,120.64111,27.98603,120.63754,8,54,0
133,2357,32.58339032,-7.499305673,27.9535,120.69621,27.92044,120.6689,-1,4,0
1460,1717,0.216683619,-28.01122931,27.985304,120.632788,27.99375,120.61713,8,0,0
2445,2817,0.035045834,-43.03284592,27.992515,120.595201,27.98271,120.56368,8,12,0
2366,2564,29.84380384,1.567412806,27.97973,120.67677,27.96169,120.70433,-1,16,0
2052,2689,30.07517765,-22.77501624,27.92832,120.69785,27.92812,120.69806,3,70,0
394,729,-19.428181,-34.21530105,28.029211,120.593311,28.02336,120.60588,3,5,0
1563,2325,43.31253843,-32.78388471,27.92204,120.69661,27.91782,120.69607,3,4118,0
2146,2484,-35.71292284,-45.61765118,28.051431,120.600469,28.07449,120.5874,-1,14,0
566,595,-8.422197364,33.27465017,28.0085,120.68531,28.01681,120.67808,-1,72,0
1209,2873,20.71542025,58.0623875,28.00032,120.72752,28.000323,120.727524,7,183,0
81,2618,11.82757478,44.9832808,28.003179,120.699031,28.016323,120.704,7,5,0
4,541,8.889526787,-30.22530911,27.98663,120.61963,27.96193,120.60948,-1,64,0
1324,2551,26.7113271,11.28577161,28.0278,120.808,28.0259,120.81296,2,768,0
2261,2307,21.11693368,-1.510526374,27.97054,120.68557,27.957377,120.682574,5,22,0
603,1885,11.27826733,-43.73531391,27.97164,120.62661,27.96887,120.61609,8,4912,0
167,914,51.4843569,-0.9194248,27.94045,120.7928,27.93088,120.80284,-1,187,0
120,2609,-18.42842438,-23.7379584,28.0183,120.607999,28.01418,120.59753,3,142,0
1428,2745,-53.95014676,-3.530923513,28.02259,120.62662,28.02921,120.62987,7,67,0
1298,1428,-49.36761206,2.786194159,28.01943,120.636564,28.02259,120.62662,-1,742,0
1841,2083,3.927307101,-31.44835016,27.980151,120.605199,27.95887,120.60962,-1,64,0
1238,2580,-33.85066226,32.53013622,28.00439,120.65275,28.00603,120.65454,3,169,0
959,2136,-20.00491449,13.46869183,28.009115,120.657413,28.01201,120.65481,3,121,0
925,2229,-14.77620217,41.75828101,28.00554,120.66603,27.99852,120.65649,3,67,0
860,1455,-38.80592661,-9.906938326,28.03044,120.64309,28.03905,120.62757,7,2,0
902,1765,-1.276430029,-36.86966168,27.99381,120.57017,27.9931,120.58597,8,20,0
338,866,34.98228845,25.82346187,27.978332,120.738888,27.97155,120.73972,10,23,0
2551,2589,29.79628577,11.91468305,28.0259,120.81296,28.02612,120.83038,2,6,0
25,1855,10.28535538,10.31321524,27.976204,120.667973,27.98606,120.67631,-1,37,0
835,1811,30.98609307,-46.10488843,27.87789,120.68776,27.89896,120.665197,3,67,0
2214,2398,28.82830781,-32.65747232,27.9598,120.68203,27.923249,120.687804,-1,6,0
1021,2849,10.54151883,-39.49858342,27.96668,120.62461,27.92064,120.57853,-1,20,0
758,1801,-0.027525103,22.40436646,27.99542,120.68153,27.99838,120.67269,4,7,0
159,623,28.60616389,-8.156768722,27.94833,120.66804,27.94373,120.68649,5,635,0
1400,1802,-25.04171718,-20.81993475,28.01833,120.60806,28.0172,120.61454,3,3090,0
1584,2274,73.74513765,14.34442483,27.89209,120.81396,27.87983,120.81482,6,2882,0
709,1950,27.8059128,36.83617675,27.97153,120.73361,27.99139,120.71952,-1,26,0
742,964,-54.75167125,-17.13003001,28.069541,120.641029,28.065834,120.64764,7,66,0
2809,2843,-13.96697797,28.7162776,28.022802,120.673347,28.01538,120.6731,3,0,0
273,563,-42.249552,4.394474997,28.02613,120.64691,28.03956,120.65442,7,11,0
748,2110,35.65001345,-19.30712355,27.9266,120.711,27.92408,120.70403,3,56,0
464,2481,14.64930097,-24.50558557,27.9659,120.64111,27.97265,120.66766,-1,0,0
61,1977,-8.958707463,48.05573974,28.00969,120.67408,27.99753,120.67522,-1,78,0
389,2198,-20.21231708,-12.09910173,28.01058,120.62116,28.01139,120.622331,4,4600,0
2156,2602,-21.01670892,-36.55554425,28.02454,120.591434,28.041463,120.586511,-1,2,0
232,1094,-17.83151223,-27.22032511,28.0199,120.59592,28.01845,120.59962,3,42,0
759,2813,40.94528262,25.41934151,27.97238,120.74249,27.96972,120.74326,10,161,0
710,1867,11.57911346,20.23817665,27.99012,120.680523,27.9905,120.6805,4,2,0
5,2507,-56.68756889,17.65624707,28.05615,120.67115,28.02519,120.66642,-1,228,0
1572,1654,-28.18559007,-33.69154081,28.02693,120.60664,28.02792,120.60131,3,4429,0
31,1015,-28.17262735,-16.7107018,28.02343,120.63235,28.02245,120.61239,3,0,0
662,2024,-23.66095947,6.698716234,28.011023,120.643553,28.01102,120.64355,3,2,0
574,2325,32.35427042,-16.32165806,27.93368,120.71241,27.91782,120.69607,3,59,0
567,2577,43.8831756,-29.43547064,27.92073,120.70491,27.92101,120.70502,3,2216,0
449,2539,29.38228377,-15.86089262,27.93173,120.70133,27.97231,120.62724,-1,0,0
1911,2545,40.4380291,38.57682365,27.97773,120.72673,27.977701,120.73082,10,1287,0
644,2528,-16.40027262,18.56556318,28.01278,120.65944,28.023744,120.653645,-1,9,0
1388,2323,-43.84530043,17.52934781,28.01822,120.64711,28.02463,120.6447,-1,99,0
512,1086,13.51145496,-13.87250924,27.96138,120.66311,27.960187,120.662923,5,100,0
2114,2961,21.61586249,-15.28797033,27.94806,120.66035,27.94751,120.66136,5,319,0
1309,2208,-45.52726647,-14.14141748,28.0834,120.6882,28.047396,120.656783,-1,20,0
1717,1841,3.854467581,-31.50371696,27.99375,120.61713,27.980151,120.605199,8,23,0
454,2508,7.554033061,3.228114387,27.98,120.66708,27.96724,120.66561,5,599,0
2248,2508,22.49379569,6.751437662,27.97512,120.69186,27.96724,120.66561,-1,163,0
1169,1273,-16.48026829,-23.66215693,28.01606,120.6036,28.02347,120.61544,3,5,0
1316,1470,15.89144928,-0.045565724,27.97332,120.71019,27.97225,120.68006,-1,5,0
1571,2301,38.39091145,15.20433137,27.97334,120.75738,27.97211,120.77582,10,0,0
344,2682,-8.598321376,0.58103332,27.99981,120.62687,27.99605,120.64769,3,5,0
12,774,64.52416914,12.70525862,27.8751,120.81027,27.88389,120.81707,6,24,0
1439,1931,15.94035734,43.01038478,28.005515,120.719495,28.00622,120.72256,7,57,0
164,1092,15.16557177,-16.7785261,27.95724,120.65969,27.96187,120.66042,5,24966,0
963,1810,72.64278065,-8.439688484,27.93043,120.76147,27.934862,120.767714,10,740,0
705,2344,-14.55501899,-6.309643186,28.00227,120.63088,28.000843,120.64058,3,31,0
448,1150,-13.55440643,-30.00132858,28.024644,120.599644,28.00906,120.58854,3,86,0
45,1373,-25.63978696,21.80906644,28.019513,120.658462,28.01793,120.66445,3,35,0
1023,1164,-59.91726376,8.225345822,28.046787,120.661963,28.04057,120.64705,7,60,0
537,2297,33.80340498,-27.57092671,27.91572,120.69582,27.92659,120.71116,3,65,0
2422,2496,58.87273112,-13.82694255,27.93079,120.82979,27.94412,120.76969,-1,2181,0
149,640,-25.66335587,21.3223908,28.01646,120.65935,28.01677,120.65806,3,110,0
1667,1764,11.87099385,-37.57692958,27.93583,120.61337,27.96875,120.60619,8,140,0
1680,2593,22.23032397,-4.56227332,27.96413,120.67139,27.96314,120.66947,5,24592,0
184,1329,-50.96702757,18.60092942,28.02537,120.66038,28.02655,120.65947,7,452,0
2085,2146,-40.10796653,-42.11394897,28.04973,120.58807,28.051431,120.600469,-1,663,0
436,780,-11.01388778,53.04041466,28.01004,120.66769,28.01006,120.68043,-1,43,0
196,955,-63.44782112,8.648904279,28.04336,120.653,28.04133,120.65311,7,214,0
1199,1803,-7.997569098,19.50288833,28.009766,120.667542,28.01235,120.66512,3,49,0
9,202,-31.46967596,33.49418996,27.99378,120.6501,28.0087,120.65515,3,51,0
2229,2294,-30.60440471,12.56030758,27.99852,120.65649,28.017358,120.65303,3,34,0
349,697,44.06812419,-23.0963178,27.92317,120.70288,27.92414,120.70279,3,2795,0
1130,1528,-36.2848553,-2.269308382,28.02327,120.63423,28.01484,120.64575,3,4,0
1232,2831,-42.68975053,-14.25541242,28.04357,120.651564,28.04021,120.64658,7,54,0
243,440,-14.74846396,1.002481154,28.000291,120.647161,28.00029,120.64716,3,123,0
2019,2081,25.2588894,14.8110887,28.03308,120.81353,28.046257,120.803292,2,55,0
1394,2683,-3.631654472,14.21478078,27.99572,120.672658,27.9994,120.66709,-1,53,0
391,1689,-49.02888208,8.27296405,28.02273,120.64301,28.02095,120.64389,3,186,0
489,1799,-3.178330574,39.44693638,27.99167,120.67799,27.99461,120.68409,4,209,0
1433,1812,-43.57051868,23.73831791,28.015196,120.648057,28.01671,120.64947,3,546,0
1991,2597,1.056581801,16.80405118,28.00104,120.67237,27.993358,120.671015,-1,69,0
688,868,-7.818762139,22.42564584,28.008405,120.68283,28.01279,120.66871,-1,0,0
2149,2279,28.66814244,43.93265501,27.98472,120.69611,27.98388,120.70501,4,374,0
1296,1834,69.9817667,9.184773597,27.89897,120.79855,27.87957,120.7999,6,103,0
178,1452,-26.41662024,8.249021065,28.01444,120.65108,28.01491,120.64805,3,97,0
1625,2374,52.83408078,0.847938777,27.91671,120.81301,27.93982,120.7985,6,110,0
347,2643,35.34842024,44.44634974,27.98785,120.71681,27.98611,120.71722,7,8810,0
438,772,-51.2172193,-27.11877933,28.03933,120.62364,28.05187,120.61117,7,33,0
312,1369,10.5233541,13.08902297,27.97483,120.67456,27.98473,120.6773,-1,30,0
1020,2125,17.60259038,38.98653223,28.00029,120.70357,28.005059,120.711717,7,31,0
1840,2703,-4.19483556,-5.630275193,27.9981,120.6541,27.99103,120.63464,-1,7,0
574,2144,41.11250829,-22.9272624,27.93368,120.71241,27.92809,120.70577,3,155,0
314,1427,44.92364612,29.59308062,27.97965,120.74458,27.98011,120.74983,10,258,0
1881,2179,-11.76105948,-28.79695707,28.01337,120.59429,28.0058,120.593,3,141,0
1082,2189,-27.40077557,-8.349214961,28.016688,120.655528,28.01722,120.63141,-1,31,0
1726,2344,-13.38994806,-0.663681691,28.000738,120.643235,28.000843,120.64058,3,131,0
1052,1511,41.10261842,35.37856321,27.97486,120.72843,27.97302,120.73654,10,800,0
936,2656,-30.54864,-3.161667093,28.02145,120.63334,28.024797,120.649708,-1,40,0
207,959,-10.35812604,6.906401912,27.99871,120.65225,28.009115,120.657413,3,2,0
1830,2653,-24.64825815,-45.76916745,28.0362,120.58118,28.03697,120.58917,9,1960,0
539,1812,-24.87227254,6.617348987,28.01516,120.65303,28.01671,120.64947,3,5,0
1203,2911,-30.97004275,-54.29234848,28.05676,120.57495,28.0692,120.57826,9,94,0
410,1099,51.89413942,-5.629775709,27.95123,120.82795,27.92578,120.79581,6,81,0
330,1368,29.49182992,-46.48872254,27.8779,120.688,27.88111,120.671061,3,31,0
372,1758,-4.834670615,47.55428713,27.99629,120.68028,27.99447,120.68038,4,492,0
1084,2906,-37.5576351,-53.52194623,28.09096,120.5847,28.08007,120.56796,9,145,0
539,2200,-33.68833569,9.926648307,28.01516,120.65303,28.03746,120.65611,-1,12,0
464,1895,13.38454573,-24.9827434,27.9659,120.64111,27.96905,120.70307,-1,3,0
1230,1646,-36.71310661,-12.77725982,28.02816,120.65689,28.03083,120.63755,7,2,0
1398,2213,-46.29403091,-34.51438734,28.02438,120.60303,28.0397,120.63304,-1,51,0
19,318,7.935979495,7.703779814,27.98443,120.66958,27.97271,120.64743,-1,14,0
619,1891,-27.2709686,26.33370948,28.01319,120.65921,28.01081,120.65992,3,87,0
382,1230,-52.10936535,16.75345962,28.01967,120.6623,28.02816,120.65689,-1,92,0
1273,1512,-34.65520216,-38.92502102,28.02347,120.61544,28.04225,120.58748,-1,33,0
102,150,-31.66992983,22.67282024,27.868881,120.579219,27.8537,120.5556,0,400,0
1794,2190,20.35869564,-7.227760108,27.94302,120.67619,27.98235,120.67423,5,2,0
619,1175,-18.3725972,14.1019175,28.01319,120.65921,28.00978,120.65422,3,52,0
768,2781,24.87758372,18.95056764,28.04837,120.78107,28.04723,120.76804,2,4589,0
1347,2180,-12.35132983,8.764945286,28.01058,120.65406,27.98333,120.65125,-1,5,0
11,385,20.3493426,54.47782257,27.99544,120.72251,28.00125,120.72481,7,70,0
812,1958,-44.91686349,31.94800412,28.01375,120.6551,28.01842,120.65967,3,349,0
3,986,-31.28802106,-48.21415517,28.03927,120.5877,28.077531,120.587363,9,86,0
1394,1676,-9.278138506,43.47677983,27.99572,120.672658,27.99435,120.67119,4,137,0
1134,1717,-1.212154081,-51.91533301,27.99644,120.63354,27.99375,120.61713,8,946,0
1331,1357,-40.01292002,-28.30521351,28.07361,120.61293,28.05143,120.60047,-1,48,0
124,1717,-4.024289207,-28.0956821,27.99261,120.62341,27.99375,120.61713,8,844,0
147,185,-18.85914692,-32.16948732,28.01625,120.60085,28.021498,120.59653,3,34,0
488,2225,13.59423948,59.87975425,28.01171,120.71924,28.01963,120.71371,7,483,0
2263,2580,-34.5086649,32.24390313,28.00726,120.65848,28.00603,120.65454,3,313,0
1129,1727,64.2169864,-14.25232631,27.91593,120.8267,27.91218,120.83617,6,2250,0
64,415,-20.97010086,12.65251952,28.01276,120.65434,28.01975,120.65219,3,9,0
73,606,-15.21950163,-8.116613688,28.01003,120.63314,28.004829,120.6409,3,26,0
140,592,-34.37609717,-56.0902619,28.076,120.58589,28.07596,120.58581,9,72,0
1085,2602,-32.99522951,-30.09990618,28.0257,120.6129,28.041463,120.586511,-1,27,0
1385,1912,-52.26153496,-17.10267813,28.05153,120.62762,28.05972,120.64548,7,103,0
1999,2159,31.32661101,-24.09055644,27.91395,120.70028,27.9283,120.69546,3,98,0
836,2840,-16.02353921,-35.97943592,28.02242,120.60801,28.04323,120.58656,-1,43,0
1089,1938,-42.97611993,17.65147553,28.02804,120.57818,28.01832,120.65141,-1,271,0
931,1682,37.62008969,25.02043599,27.96517,120.7458,27.96568,120.73665,10,6,0
1369,1582,10.62054589,12.59612469,27.98473,120.6773,27.96936,120.67444,-1,19,0
686,2371,-14.37892777,-55.43376711,28.035763,120.57132,28.03981,120.57351,9,534,0
156,1948,44.38432188,23.41044359,27.965975,120.749599,27.96583,120.74971,10,1787,0
1026,2149,12.77292042,8.476500033,27.981479,120.677436,27.98472,120.69611,-1,0,0
367,659,0.944143075,-43.60271803,27.99233,120.60381,27.98025,120.58452,8,37,0
947,1870,0.160813298,7.786673023,27.98614,120.65644,27.99576,120.6574,-1,23,0
115,1544,52.14296698,-6.586270987,27.94565,120.83188,27.94688,120.81569,6,31,0
916,2968,-21.08386993,16.64392413,28.01381,120.65692,28.02802,120.6546,-1,2,0
369,951,58.3475206,-8.527385955,27.9277,120.83323,27.90882,120.83189,6,87,0
2359,2750,7.33370598,58.17486007,28.00191,120.70463,28.00455,120.70115,7,6865,0
349,1824,43.95105681,-23.7013236,27.92317,120.70288,27.9227,120.70332,3,862,0
130,458,35.89517663,-50.19116044,27.90369,120.65562,27.87682,120.64507,3,807,0
80,1923,-7.889034115,-7.989998971,28.01143,120.62756,27.99631,120.64437,-1,0,0
2125,2142,20.22839872,33.04618713,28.005059,120.711717,27.98684,120.71242,7,4,0
1433,2180,-34.22167318,17.27829109,28.015196,120.648057,27.98333,120.65125,-1,12,0
487,1244,3.611601492,16.62041977,27.98776,120.67428,28.00503,120.67134,-1,28,0
1528,2294,-26.42354001,3.935875565,28.01484,120.64575,28.017358,120.65303,3,26,0
486,1942,39.70127721,26.25817553,27.97508,120.74612,27.97292,120.74185,10,4,0
1347,2136,-38.84628855,31.2882463,28.01058,120.65406,28.01201,120.65481,3,378,0
1612,1995,9.08446598,-54.68393621,27.9938,120.57017,27.98625,120.5825,8,3482,0
273,1416,-26.95771637,3.300277746,28.02613,120.64691,28.01137,120.64581,-1,4,0
608,2080,-10.90149522,42.58137527,27.99367,120.69233,27.994449,120.671107,4,419,0
347,1839,48.35641466,29.71183747,27.98785,120.71681,27.97706,120.75192,-1,67,0
1136,1441,-61.49037917,12.10373304,28.04624,120.66456,28.04381,120.65767,7,62,0
149,1416,-24.09619672,16.88457095,28.01646,120.65935,28.01137,120.64581,3,10,0
421,1581,63.46005579,4.317010216,27.91626,120.8268,27.90633,120.81918,6,97,0
1108,1116,34.59232332,-23.66975441,27.924685,120.69711,27.92366,120.70449,3,71,0
249,966,57.10706572,1.13687113,27.91719,120.84188,27.918388,120.823666,6,12,0
657,1811,34.92626771,-45.99319714,27.878795,120.706921,27.89896,120.665197,3,35,0
322,1360,12.86053272,28.12874049,27.994,120.695,27.993854,120.698744,4,3,0
924,1646,-62.24835212,-0.416515479,28.03883,120.63972,28.03083,120.63755,7,123,0
584,2682,-4.138138035,-7.432960815,27.99383,120.62841,27.99605,120.64769,-1,9,0
1383,2621,-22.43246939,46.32907749,28.01169,120.67885,28.01036,120.67777,-1,46,0
1732,2168,-23.31350945,-33.00982857,28.027103,120.600906,28.02265,120.60445,3,91,0
1041,1218,59.49436689,4.857657892,27.909,120.82147,27.91539,120.8198,6,22,0
314,2360,36.26204918,25.49218944,27.97965,120.74458,27.97589,120.75072,10,2,0
401,1845,23.91233181,36.96632509,27.994305,120.719787,27.99406,120.72557,7,42,0
2150,2365,-18.16873991,-27.69870149,27.99711,120.58895,28.01894,120.59618,3,33,0
2057,2723,65.48503624,21.29296396,27.86515,120.79611,27.856201,120.797741,6,55,0
500,1448,21.35724758,45.6308859,27.99978,120.7112,27.99567,120.715,7,95,0
1619,2021,37.99812078,-36.78409229,27.920381,120.683202,27.92043,120.68424,3,2072,0
745,976,-60.82213456,-13.09935099,28.04541,120.65027,28.044851,120.648285,7,565,0
1005,2939,-34.04702419,29.66862128,28.00628,120.65332,28.011397,120.653141,3,238,0
647,2185,8.33030514,-39.36027989,27.9749,120.63133,27.97251,120.60263,8,10,0
2581,2657,-46.2221615,20.75339249,28.020019,120.648575,28.02002,120.64857,3,379,0
1582,2562,16.38968004,0.798639311,27.96936,120.67444,27.96972,120.68472,5,20,0
57,2609,-17.30836718,-20.1551568,28.00954,120.61511,28.01418,120.59753,-1,88,0
1008,1338,-47.51655345,-30.01177514,28.06212,120.60705,28.056963,120.625239,-1,18,0
955,2087,-63.04304853,12.41776657,28.04133,120.65311,28.02363,120.66164,-1,66,0
1578,2668,20.98311411,-43.73744007,27.97058,120.5853,27.94903,120.59549,-1,419,0
133,2848,26.46128685,-0.59315809,27.9535,120.69621,27.965369,120.686131,5,2031,0
1156,2452,-38.26809186,35.86191761,28.01027,120.66077,28.0105,120.66068,3,1437,0
1692,2642,-61.30090351,3.734866279,28.0404,120.64565,28.03965,120.64593,7,265,0
1660,2946,68.48859158,-0.789459839,27.91134,120.80988,27.91587,120.81258,6,2692,0
1879,2444,-2.372416773,34.61290861,27.999526,120.680665,27.99277,120.67775,4,68,0
16,434,-48.18250139,-45.95434515,28.07646,120.62205,28.07246,120.62056,9,2578,0
545,1470,13.03753718,-3.524240589,27.96676,120.65937,27.97225,120.68006,5,354,0
285,2303,70.10659987,1.288175331,27.90175,120.80936,27.90821,120.80227,6,3742,0
2052,2237,41.57918238,-13.68299492,27.92832,120.69785,27.92797,120.69797,3,1337,0
912,2771,32.12741683,29.86201008,27.98324,120.72334,27.98254,120.72768,10,11,0
584,1923,-5.927946037,-16.00906141,27.99383,120.62841,27.99631,120.64437,-1,90,0
1282,2118,-2.06138452,12.86934575,27.99298,120.66592,27.99228,120.66244,4,28,0
779,2576,-30.05618184,-35.81116483,28.03387,120.594038,28.02963,120.5999,-1,6,0
803,936,-47.72143568,2.294498604,28.02715,120.65114,28.02145,120.63334,-1,172,0
79,2298,33.6981104,-18.1241698,27.921889,120.696181,27.92952,120.68107,-1,57,0
648,1348,41.8479864,-16.10104724,27.92779,120.69413,27.92776,120.69408,3,77,0
1521,1833,-15.58765497,47.04475051,28.00551,120.66263,28.004724,120.662825,3,1043,0
1407,2176,12.35645609,-23.16665987,27.97235,120.62717,27.95843,120.65338,-1,33,0
565,1691,-37.70996263,40.17453027,28.00841,120.66454,28.01519,120.66268,3,1282,0
2176,2180,9.747982633,-11.07610659,27.95843,120.65338,27.98333,120.65125,5,4,0
890,2078,43.1610464,-26.87571518,27.92123,120.70681,27.92125,120.70678,3,2701,0
477,1656,36.90750737,-0.196276281,27.994763,120.731284,27.94263,120.73736,-1,19,0
863,1660,55.816756,5.597705238,27.91319,120.81612,27.91134,120.80988,6,8,0
539,2294,-45.69101832,26.26700581,28.01516,120.65303,28.017358,120.65303,3,1846,0
1401,2167,-39.45324787,11.70386544,28.01999,120.65209,28.0438,120.65797,-1,6,0
868,2620,-7.292252896,19.7728857,28.01279,120.66871,28.005401,120.667985,3,55,0
879,1503,-13.43395194,-51.8376224,28.03093,120.59305,28.0363,120.5857,9,60,0
556,827,-2.460170302,-9.254070401,27.99014,120.62903,27.989718,120.637748,8,28,0
384,1587,-46.50625095,6.538953497,28.01405,120.63301,28.00917,120.64028,-1,245,0
1223,2793,46.24877268,-0.512232261,27.960593,120.741204,27.96841,120.73048,10,22,0
1999,2214,33.2273697,-15.80296441,27.91395,120.70028,27.9598,120.68203,-1,115,0
2270,2874,25.28044954,16.77453627,28.05695,120.78536,28.068889,120.756389,2,25,0
492,2300,20.79016839,54.35416559,27.99261,120.71419,27.99832,120.72424,7,50,0
693,720,35.21978423,28.72083729,27.97736,120.73532,27.97976,120.74186,10,21,0
565,1870,-14.75275691,38.33017542,28.00841,120.66454,27.99576,120.6574,3,14,0
704,1186,-10.78139317,-1.59540926,28.001326,120.643433,28.00302,120.64575,3,22,0
1500,2666,-55.50256346,-23.31928183,28.05006,120.62061,28.04116,120.62863,7,268,0
2146,2292,-37.35325473,-41.28989725,28.051431,120.600469,28.04572,120.58643,-1,112,0
1094,2653,-16.96789493,-36.88865767,28.01845,120.59962,28.03697,120.58917,-1,101,0
58,2822,43.69806006,33.35986374,27.97969,120.74181,27.97743,120.73394,10,1566,0
615,1867,10.63049451,16.31532739,27.99109,120.67677,27.9905,120.6805,4,158,0
1948,2154,47.03574651,21.12731298,27.96583,120.74971,27.96748,120.75293,10,19284,0
1100,1713,-50.60150987,-8.314992114,28.00741,120.61911,28.01567,120.62619,4,220,0
574,1844,37.97502913,-21.66559593,27.93368,120.71241,27.92562,120.70294,3,27,0
2209,2848,24.48601311,-0.666285779,27.96734,120.67106,27.965369,120.686131,5,300,0
247,655,10.42070468,66.70043323,28.04031,120.70544,28.03962,120.71918,7,132,0
1284,2356,36.2081274,-1.762284126,27.94439,120.71319,27.95672,120.7251,10,62,0
284,2123,33.84281067,-14.53352278,27.92764,120.69437,27.92383,120.67387,3,158,0
73,1298,-29.51372326,-4.200590222,28.01003,120.63314,28.01943,120.636564,3,69,0
167,360,49.8797403,-0.012525348,27.94045,120.7928,27.93627,120.80128,-1,34,0
1391,2519,24.06095133,1.855595579,27.95467,120.69939,27.99715,120.70087,-1,4,0
2081,2093,24.98129275,15.01442169,28.046257,120.803292,28.02905,120.78585,2,39,0
491,1548,-17.950716,18.47808378,28.014866,120.661141,28.01442,120.66161,3,31,0
1308,2758,14.11172379,15.43333533,27.98404,120.68203,27.98519,120.67735,4,41,0
26,2153,29.04952543,-40.60359062,27.91714,120.66023,27.91643,120.68875,3,79,0
2714,2789,62.87927694,16.88794248,27.8832,120.80518,27.87222,120.79381,6,69,0
570,917,-29.9346385,-51.76757637,28.0722,120.5703,28.06499,120.57527,9,49,0
2236,2424,-4.487524214,22.20419778,27.9946,120.674,28.01008,120.67058,-1,40,0
541,1242,13.35347332,-36.1729206,27.96193,120.60948,27.94889,120.61987,-1,337,0
1688,2190,3.546532417,7.881221086,27.983768,120.665796,27.98235,120.67423,-1,58,0
195,1098,-55.76515801,-24.56628548,28.041109,120.62863,28.0475,120.62333,7,125,0
148,2449,72.85622658,15.68978153,27.87141,120.8205,27.8763,120.82073,6,636,0
111,1092,16.00953444,-16.70894986,27.95612,120.65155,27.96187,120.66042,5,836,0
59,2033,65.7357567,-2.979479166,27.90238,120.80278,27.9196,120.81824,6,185,0
1638,1939,4.665602322,22.95889061,27.99258,120.67111,28.00197,120.68016,4,15,0
147,2631,-19.74847109,-26.2982056,28.01625,120.60085,28.01956,120.60229,3,46,0
2244,2663,26.12103095,33.18455107,27.985555,120.71778,27.99627,120.72691,7,0,0
575,728,1.666790595,7.848523285,27.98117,120.66776,27.98895,120.65771,4,9,0
343,2352,-39.67911244,-21.75698672,28.03943,120.62365,28.048507,120.618708,7,10,0
1728,2380,29.61966517,-53.16940206,27.85412,120.66711,27.87032,120.66347,3,896,0
915,2333,-17.23662223,26.70025595,28.024778,120.671965,28.02407,120.66508,3,50,0
631,2094,-2.369977246,-43.37798453,27.98274,120.56357,27.992,120.60987,8,40,0
1399,2197,-38.03449588,-23.52400242,28.024487,120.608733,28.04449,120.62163,-1,31,0
1166,1576,13.88646773,-34.35465436,27.95794,120.60138,27.970529,120.613192,-1,113,0
1160,1179,-39.88258612,39.99660838,28.01525,120.66252,28.01715,120.66124,3,125,0
696,2103,18.06849527,-29.20990782,27.960958,120.569257,27.98211,120.59701,-1,19,0
1845,2301,41.32728382,14.46052632,27.99406,120.72557,27.97211,120.77582,-1,7,0
189,2017,21.77494795,9.74269094,27.98396,120.69007,27.97928,120.68909,4,992,0
1560,1736,-50.4368619,-35.00286403,28.034241,120.588717,28.029592,120.6244,-1,150,0
4,2330,0.962509522,-47.55777633,27.98663,120.61963,27.9967,120.60336,8,13,0
420,1718,14.89886607,48.03062174,28.019477,120.715049,28.001831,120.717278,7,48,0
22,2254,60.32139497,-0.785216997,27.921557,120.82208,27.923401,120.816621,6,57,0
314,759,37.67741943,26.74079019,27.97965,120.74458,27.97238,120.74249,10,47,0
361,410,53.23582761,-10.2046899,27.95277,120.79908,27.95123,120.82795,-1,359,0
1763,2223,61.8630546,-11.69651948,27.92159,120.82161,27.922663,120.824735,6,6366,0
606,669,-16.65393707,-7.322334222,28.004829,120.6409,28.01255,120.63174,-1,104,0
382,2801,-44.76616616,32.39317343,28.01967,120.6623,28.01569,120.65545,3,413,0
581,2913,49.61960166,3.30395663,27.93237,120.77134,27.92081,120.81459,-1,33,0
1406,2089,-1.231320167,21.05287987,27.99845,120.67286,27.970224,120.651685,-1,0,0
1582,2508,12.67307517,1.581593186,27.96936,120.67444,27.96724,120.66561,5,6130,0
252,883,31.08588753,35.4322189,27.9874,120.73534,27.99238,120.73064,-1,4,0
1753,1848,27.19956721,-11.50266169,27.96526,120.65283,27.96164,120.66747,5,76,0
817,1503,-11.48223314,-42.80543147,28.02382,120.58085,28.0363,120.5857,9,18,0
6,1136,-64.05826607,19.37056857,28.0635,120.68056,28.04624,120.66456,7,40,0
1988,2914,-49.53200201,9.558419205,28.01854,120.63879,28.01922,120.64427,3,2786,0
454,858,11.12104739,12.90081038,27.98,120.66708,27.985,120.676,-1,129,0
2118,2446,-11.70575625,42.60211878,27.99228,120.66244,27.98763,120.66308,4,1169,0
546,1754,33.89602069,-34.96195585,27.92076,120.68433,27.920858,120.682988,3,40,0
15,1774,-3.667096534,-18.32843179,27.97664,120.63227,27.99094,120.65242,-1,45,0
438,1338,-53.14960609,-26.93446068,28.03933,120.62364,28.056963,120.625239,7,120,0
1824,2237,38.69881412,-22.63905091,27.9227,120.70332,27.92797,120.69797,3,48,0
54,1093,-27.47851339,-11.79769039,28.018598,120.620672,28.03228,120.58055,-1,0,0
483,2557,-10.65872527,32.88974187,28.015482,120.68332,28.014329,120.680824,3,61,0
780,2935,-0.788964066,30.0443269,28.01006,120.68043,28.00437,120.68004,4,88,0
279,1378,44.82464095,33.59912094,27.98465,120.73383,27.9833,120.74401,10,212,0
619,2417,-26.78618825,26.78057203,28.01319,120.65921,28.01324,120.6611,3,237,0
566,2604,4.260741468,32.72725159,28.0085,120.68531,28.00339,120.6913,-1,5,0
176,1506,-39.80696419,-9.822662152,28.02521,120.6105,28.02799,120.66168,-1,18,0
502,1103,-0.334118061,-16.33434653,27.975415,120.651576,27.97694,120.62826,-1,17,0
112,2396,-50.13263453,-29.76460585,28.01472,120.61007,28.03985,120.62173,-1,30,0
1519,2007,43.47544717,13.3770695,27.97433,120.75966,27.99715,120.77526,10,211,0
1082,1938,-45.77509267,27.03041216,28.016688,120.655528,28.01832,120.65141,3,1565,0
1548,2897,-24.5316468,20.92513937,28.01442,120.66161,28.01385,120.66008,3,175,0
318,2567,-0.458794333,3.77144794,27.97271,120.64743,27.992138,120.656444,-1,171,0
2778,2932,-10.10575327,-1.581440896,27.99859,120.64039,28.003843,120.643621,3,18,0
19,2176,13.51425775,13.32326141,27.98443,120.66958,27.95843,120.65338,-1,14,0
2149,2842,32.23275755,42.61247004,27.98472,120.69611,27.98853,120.69743,4,14834,0
1606,2952,-20.27872155,28.85441727,28.01492,120.67488,28.021681,120.670423,3,0,0
807,1679,24.72838001,49.34185834,27.994444,120.7075,27.99338,120.70875,7,115,0
2009,2323,-38.8743699,3.020949196,28.04976,120.647462,28.02463,120.6447,7,90,0
1682,2414,39.29965111,24.68807463,27.96568,120.73665,27.96391,120.75937,10,5,0
455,1457,22.45379424,39.4246099,27.992983,120.713162,27.99566,120.715,7,79,0
1351,2407,-58.34724853,-17.78505355,28.04387,120.63355,28.06561,120.63194,7,868,0
1700,2767,-15.87980799,6.565756145,28.01007,120.66068,28.00293,120.64916,3,70,0
530,1290,8.251937654,32.64222988,28.001624,120.691201,28.003203,120.691994,-1,72,0
1020,2288,13.22198611,52.13414018,28.00029,120.70357,28.014173,120.713536,7,123,0
77,2801,-34.22394734,26.73565757,28.00743,120.64853,28.01569,120.65545,3,19,0
32,1842,26.9655179,19.93319546,28.02917,120.77439,28.02971,120.77817,2,16772,0
2560,2775,68.8071175,19.3431962,27.86448,120.80129,27.88321,120.80518,6,77,0
1759,2456,-25.06956674,40.0432234,28.018481,120.682668,28.022125,120.670739,3,242,0
466,2682,-3.455019636,-12.90074303,27.993,120.6404,27.99605,120.64769,-1,35,0
434,698,-41.61738234,-25.93260918,28.07246,120.62056,28.07126,120.60869,9,12,0
2536,2787,-9.142734442,52.80334717,28.00726,120.6775,28.00461,120.6752,4,41,0
820,1195,12.31911133,48.0484558,28.00789,120.70721,28.008888,120.709166,7,13,0
1421,2682,-3.73325401,-12.55595654,27.98936,120.6427,27.99605,120.64769,-1,146,0
331,1100,-51.33925406,-3.34771013,28.03958,120.62042,28.00741,120.61911,-1,4,0
1678,2842,17.51417556,34.24516117,27.99551,120.70595,27.98853,120.69743,4,34,0
1411,2559,-37.82704217,22.92283334,28.0124,120.650632,28.01104,120.64986,3,9,0
502,1848,5.734219226,-13.91985012,27.975415,120.651576,27.96164,120.66747,5,4,0
2162,2556,22.1651817,35.27452804,27.99836,120.72046,28.00322,120.7122,7,12,0
1230,2528,-40.02787979,10.36993117,28.02816,120.65689,28.023744,120.653645,7,33,0
1607,2668,21.03357971,-41.08436005,27.95079,120.59932,27.94903,120.59549,10,1036,0
2,389,-13.69581213,-11.55533369,28.00506,120.63866,28.01058,120.62116,-1,12,0
922,1651,42.62333157,28.26417131,27.97842,120.75478,27.97707,120.74717,10,147,0
257,408,-35.53578102,-47.38728154,28.076984,120.602335,28.05042,120.6339,-1,20,0
130,2298,30.1786151,-41.480497,27.90369,120.65562,27.92952,120.68107,-1,28,0
1008,1572,-32.80229642,-32.10726729,28.06212,120.60705,28.02693,120.60664,-1,7,0
494,857,62.56850448,-5.787713085,27.93506,120.80445,27.93632,120.80777,6,159,0
984,2556,24.03771876,53.51070412,28.002192,120.710532,28.00322,120.7122,7,387,0
1166,1495,12.77974418,-36.00658749,27.95794,120.60138,27.95745,120.62666,-1,73,0
1273,2743,-44.90448689,-23.53726113,28.02347,120.61544,28.049957,120.622963,-1,42,0
396,2058,29.1167062,-45.36320208,27.85425,120.65996,27.87238,120.65735,3,31,0
281,1440,70.30765372,-8.65728862,27.94397,120.77876,27.92653,120.78661,-1,384,0
380,1754,34.98133304,-35.80929071,27.92086,120.68299,27.920858,120.682988,3,2,0
1040,1523,16.60045496,48.17727999,28.00744,120.72163,28.00705,120.72174,7,5,0
117,979,-25.69089818,-38.34356342,28.026108,120.592702,28.02921,120.59331,-1,23,0
746,2264,19.48016016,-13.43698444,27.94545,120.66986,27.95241,120.64911,5,24,0
2086,2177,-12.73941099,-47.14199728,28.03771,120.57585,28.024786,120.575538,9,61,0
859,2261,20.87976489,0.967609284,27.95386,120.68203,27.97054,120.68557,5,17,0
1008,2921,-45.49025469,-21.88886797,28.06212,120.60705,28.04626,120.62812,-1,55,0
2351,2420,12.90928831,-31.90012792,27.95215,120.60432,27.98362,120.61785,-1,4,0
2180,2531,-9.710300725,-12.05244516,27.98333,120.65125,27.99591,120.64416,-1,465,0
1289,1779,-40.89089457,26.09269683,28.0114,120.65314,28.01179,120.65261,3,361,0
749,2303,51.37070588,2.164914874,27.9345,120.76993,27.90821,120.80227,-1,0,0
1308,2099,-0.5317826,44.81769004,27.98404,120.68203,27.99084,120.68506,4,6311,0
384,2213,-39.22084562,-3.652769686,28.01405,120.63301,28.0397,120.63304,-1,4,0
1253,1350,22.03995365,16.89167946,28.08997,120.75321,28.09375,120.77395,2,124,0
1692,2831,-41.4426126,-13.26437794,28.0404,120.64565,28.04021,120.64658,7,24,0
694,1759,-20.93714961,45.28339285,28.015,120.686,28.018481,120.682668,-1,142,0
682,1170,-54.14717507,1.238578162,28.0412,120.629,28.023333,120.636389,-1,17,0
1402,1742,-20.84646637,46.39610366,28.014576,120.681581,28.010383,120.6909,-1,37,0
619,2899,-29.22240218,26.11859171,28.01319,120.65921,28.02802,120.65472,-1,4,0
1058,1510,-53.33099677,-2.287087794,28.04752,120.63044,28.023269,120.632426,7,19,0
46,1058,-58.33846462,-29.18957395,28.04917,120.61056,28.04752,120.63044,7,2874,0
1580,2822,37.80654451,33.8686963,27.97711,120.72623,27.97743,120.73394,10,133,0
1765,2150,4.802002658,-53.53188065,27.9931,120.58597,27.99711,120.58895,-1,785,0
936,1127,-30.29864553,-5.618484034,28.02145,120.63334,28.01,120.62972,-1,73,0
1520,2362,44.0265622,-24.25714171,27.92287,120.7033,27.92159,120.70412,3,833,0
1689,2712,-37.67805534,17.8097883,28.02095,120.64389,28.01694,120.64891,3,170,0
77,1319,0.163937925,-2.459237927,28.00743,120.64853,28.01152,120.65068,3,3,0
310,2801,-24.0625167,18.73296309,28.01428,120.65834,28.01569,120.65545,3,117,0
143,832,-62.41470809,13.48902396,28.04546,120.65895,28.05231,120.68005,7,34,0
746,2214,37.57978691,-14.48932411,27.94545,120.66986,27.9598,120.68203,5,33,0
369,409,57.24547946,-5.31399504,27.9277,120.83323,27.95855,120.75661,-1,0,0
1560,1807,-40.34483227,-19.58128499,28.034241,120.588717,28.040568,120.63282,-1,7,0
1273,2092,-33.36231927,-7.00145225,28.02347,120.61544,28.0195,120.63455,3,66,0
399,1149,-12.36271709,29.10881012,28.02201,120.67908,28.02051,120.67683,3,21,0
1679,2099,26.67832366,43.2968879,27.99338,120.70875,27.99084,120.68506,-1,24,0
2287,2531,-7.76928076,-1.241566472,28.002169,120.645773,27.99591,120.64416,3,0,0
1680,2176,18.91431851,-13.96515083,27.96413,120.67139,27.95843,120.65338,5,42,0
1502,2373,-0.923374435,9.962686583,27.991292,120.664871,27.99672,120.65264,-1,108,0
467,1622,3.276922464,31.48567235,28.012398,120.68848,28.00126,120.6875,-1,45,0
1767,1837,-2.971288125,-18.27876833,27.97914,120.65482,27.98603,120.63754,-1,354,0
57,669,-16.0992213,-12.00498941,28.00954,120.61511,28.01255,120.63174,4,60,0
1496,1680,21.21776114,0.236449029,27.97767,120.70127,27.96413,120.67139,-1,0,0
25,533,8.77442711,3.072309058,27.976204,120.667973,27.97788,120.66759,5,266,0
633,984,17.52864587,37.15469742,27.98491,120.70392,28.002192,120.710532,-1,6,0
57,734,-16.03700202,-21.43484443,28.00954,120.61511,28.01097,120.60609,-1,118,0
466,638,-2.427895913,-13.4856374,27.993,120.6404,27.99736,120.62159,8,2,0
1329,2792,-18.02972359,28.20393618,28.02655,120.65947,28.02302,120.66759,-1,51,0
1087,2460,-24.1808259,38.00179402,28.02274,120.66726,28.021791,120.665431,3,254,0
2157,2841,13.23675963,32.41421355,28.01324,120.69695,28.000286,120.70749,7,13,0
152,1218,71.81516224,-0.859583625,27.91139,120.82389,27.91539,120.8198,6,8623,0
1843,2099,13.10230105,24.62003165,27.983923,120.680378,27.99084,120.68506,4,19,0
1257,2445,11.49953649,-52.72519592,27.97868,120.57877,27.992515,120.595201,8,125,0
556,2220,-29.45321569,32.67946613,27.99014,120.62903,28.00312,120.65703,-1,97,0
885,2820,40.92199266,24.3534866,27.96805,120.74305,27.96861,120.74333,10,634,0
770,1633,41.40075191,-29.50125801,27.921591,120.704296,27.921943,120.703398,3,776,0
670,979,-20.34230213,-35.43413949,28.026927,120.60664,28.02921,120.59331,-1,5,0
1415,2323,-27.22139185,3.1551437,28.01447,120.64201,28.02463,120.6447,-1,24,0
592,1856,-33.68559123,-54.55935203,28.07596,120.58581,28.07457,120.58762,9,75,0
1407,2703,3.576285837,-20.38628485,27.97235,120.62717,27.99103,120.63464,8,2,0
617,2602,-14.05913591,-25.64190776,28.013371,120.594287,28.041463,120.586511,-1,9,0
1399,1429,-25.7085841,-24.89154447,28.024487,120.608733,28.019912,120.604277,3,344,0
2229,2682,-31.40141046,35.45372468,27.99852,120.65649,27.99605,120.64769,3,541,0
2028,2592,59.23648044,-3.536159036,27.92122,120.80887,27.93254,120.82423,6,73,0
510,1512,-20.25801549,-47.91466861,28.04567,120.60077,28.04225,120.58748,9,17,0
2028,2498,48.22862056,2.587503995,27.92122,120.80887,27.93632,120.80837,6,48,0
50,2064,61.6928427,20.00095063,27.86632,120.78925,27.889525,120.804362,6,114,0
2094,2150,-2.875500611,-42.68836342,27.992,120.60987,27.99711,120.58895,-1,6,0
48,1329,-42.82466072,11.38367075,28.01947,120.67661,28.02655,120.65947,-1,214,0
1591,2279,18.50152958,38.57151094,28.00528,120.70899,27.98388,120.70501,-1,6,0
234,1736,-52.8395923,-8.876795507,28.01828,120.62547,28.029592,120.6244,-1,642,0
666,2086,-14.24202239,-50.72505816,28.07352,120.58467,28.03771,120.57585,9,33,0
213,490,-16.73301128,-8.297866533,28.01009,120.63564,28.00307,120.6298,3,14,0
1769,2842,25.02759025,46.53928621,27.998722,120.707177,27.98853,120.69743,-1,128,0
49,1590,-9.84896947,-35.04410754,28.02104,120.58411,28.02239,120.59436,-1,54,0
719,2164,-10.70107323,21.47243665,28.013227,120.665719,28.01286,120.66582,3,24,0
331,643,-40.11753877,-1.956854819,28.03958,120.62042,28.04355,120.65147,7,70,0
832,1506,-56.12546354,17.31425835,28.05231,120.68005,28.02799,120.66168,7,65,0
1407,2083,13.03292473,-37.63372051,27.97235,120.62717,27.95887,120.60962,-1,36,0
954,2392,-14.76007386,27.54276516,28.018214,120.672196,28.00878,120.68835,-1,46,0
435,2169,10.30872187,35.73111034,28.00035,120.69777,28.002851,120.698951,7,5,0
2089,2229,-30.35114555,33.65186297,27.970224,120.651685,27.99852,120.65649,-1,26,0
1958,1990,-47.18731822,31.43878489,28.01842,120.65967,28.02045,120.65999,3,1238,0
1051,1577,-32.00682668,-38.20291799,28.04252,120.60963,28.04175,120.58651,-1,0,0
359,919,-14.50194777,16.76289707,28.0113,120.6614,28.01517,120.66789,3,17,0
1285,2926,-53.38312934,-31.60366397,28.04108,120.61641,28.04361,120.61806,7,2343,0
1801,2080,-1.009219911,21.63488044,27.99838,120.67269,27.994449,120.671107,4,3,0
597,2154,39.73476578,19.36685423,27.970046,120.755771,27.96748,120.75293,10,63,0
279,907,39.75625769,41.37168857,27.98465,120.73383,27.9842,120.72674,-1,354,0
2679,2759,49.71843749,-4.576968803,27.96428,120.80753,27.96648,120.78929,2,41,0
652,2966,60.14108627,11.36643267,27.88623,120.80236,27.90319,120.81717,6,25,0
694,1628,-22.17003866,48.9191042,28.015,120.686,28.01497,120.68572,7,493,0
1139,2703,-3.92344519,-23.05282919,27.988544,120.62822,27.99103,120.63464,8,47,0
702,1794,32.56455108,-12.29242975,27.94104,120.72061,27.94302,120.67619,-1,0,0
600,1347,-37.62523805,28.77229171,28.00892,120.64776,28.01058,120.65406,3,286,0
509,1402,-8.889034532,32.29694617,28.01374,120.68025,28.014576,120.681581,3,91,0
42,341,-3.921705387,-11.90267799,28.0014,120.65569,27.98975,120.64468,-1,41,0
123,2515,-38.51131241,-51.60050203,28.08948,120.58851,28.06853,120.60201,9,12,0
454,1855,15.6409757,14.88580409,27.98,120.66708,27.98606,120.67631,-1,220,0
684,2465,37.42885567,-50.20836329,27.88258,120.62827,27.88796,120.64935,3,2608,0
108,2817,9.103628227,-55.48887901,27.98228,120.5774,27.98271,120.56368,8,98,0
1651,2479,38.79631559,4.791525665,27.97707,120.74717,27.95756,120.72822,10,101,0
1774,2319,8.003767937,-41.09490822,27.99094,120.65242,27.97631,120.60491,-1,22,0
1092,1391,15.54525897,-9.054807291,27.96187,120.66042,27.95467,120.69939,-1,3,0
724,983,7.131603173,-11.90721082,27.99279,120.64931,27.97699,120.64991,-1,54,0
11,2305,45.96371649,35.24249548,27.99544,120.72251,27.98543,120.73922,-1,190,0
95,1859,63.5720834,14.87707876,27.871381,120.804451,27.87212,120.80789,6,100,0
52,2916,70.04560005,-9.300621734,27.93816,120.80145,27.93792,120.80154,6,817,0
1058,2407,-55.17843745,-18.21478306,28.04752,120.63044,28.06561,120.63194,7,154,0
923,2921,-52.51601199,-19.63253745,28.06101,120.62576,28.04626,120.62812,7,139,0
1167,2467,-56.52419719,2.310866235,28.03274,120.64129,28.025613,120.638246,7,47,0
1342,2099,3.299853885,27.44850606,28.00491,120.67627,27.99084,120.68506,4,16,0
2243,2374,50.20112029,-0.906387603,27.94879,120.80808,27.93982,120.7985,-1,37,0
585,1022,9.429235262,36.47724249,28.00115,120.70215,27.99539,120.7173,7,0,0
1407,2963,4.745829281,-27.12011939,27.97235,120.62717,27.98802,120.61588,8,26,0
2548,2842,28.32283288,41.54406874,27.98874,120.70314,27.98853,120.69743,-1,27,0
695,1138,-38.62167723,-45.21687395,28.054694,120.586916,28.05708,120.58299,9,154,0
2229,2939,-11.95555802,7.956071545,27.99852,120.65649,28.011397,120.653141,3,24,0
1134,2965,-2.119554756,-9.064898706,27.99644,120.63354,27.991469,120.622368,8,41,0
1022,2873,21.30051688,43.47498865,27.99539,120.7173,28.000323,120.727524,7,63,0
621,950,5.323689433,-44.86911137,27.98848,120.61075,27.98069,120.61263,8,6058,0
1761,2756,6.467433392,22.27347218,27.99851,120.67952,27.98645,120.68772,4,5,0
656,2853,21.11815248,-44.01678407,27.96161,120.59217,27.97599,120.59211,-1,407,0
234,669,-49.7693306,-7.199015537,28.01828,120.62547,28.01255,120.63174,4,493,0
562,1095,44.03386532,-19.64777631,27.92439,120.70333,27.92474,120.70282,3,432,0
25,2405,24.34434693,-4.16073989,27.976204,120.667973,27.96984,120.68551,5,62,0
213,1736,-24.93778653,-4.021598701,28.01009,120.63564,28.029592,120.6244,-1,12,0
1595,1650,-40.93604464,-3.116107102,28.03104,120.63718,28.020022,120.631375,-1,6,0
1085,2509,-19.42684878,-30.34017832,28.0257,120.6129,28.02225,120.60442,3,14,0
3,1661,-21.18877426,-46.2676014,28.03927,120.5877,28.060416,120.573888,9,24,0
219,1630,38.60309091,-20.36945941,27.92298,120.70731,27.92275,120.7073,3,232,0
1260,2678,59.8811077,3.879308956,27.91444,120.83278,27.911388,120.823888,6,22,0
319,2357,30.1999485,-13.73190695,27.93831,120.66539,27.92044,120.6689,-1,20,0
489,1867,-2.34957876,41.3116614,27.99167,120.67799,27.9905,120.6805,4,144,0
682,2688,-54.76804845,-24.77804012,28.0412,120.629,28.04277,120.62428,7,119,0
25,1123,-3.5891548,11.9526843,27.976204,120.667973,27.96552,120.64757,5,0,0
1286,1423,-22.53918372,6.004833148,28.01117,120.65006,28.0149,120.64587,3,44,0
803,1796,-62.39762175,-0.039482715,28.02715,120.65114,28.04071,120.63988,7,594,0
1478,2869,-28.41001734,-1.995954866,28.02333,120.63639,28.025565,120.639291,7,72,0
136,2506,-21.07166662,6.245269318,28.01434,120.65091,28.02561,120.63825,-1,0,0
868,1991,-7.182974663,36.54074604,28.01279,120.66871,28.00104,120.67237,3,84,0
749,1099,70.91017866,-8.55861357,27.9345,120.76993,27.92578,120.79581,-1,1335,0
1089,1433,-28.45966898,9.090200179,28.02804,120.57818,28.015196,120.648057,-1,16,0
1164,2009,-61.11874594,-13.5260144,28.04057,120.64705,28.04976,120.647462,7,862,0
1191,2264,17.49649604,-16.4772208,27.95227,120.64535,27.95241,120.64911,5,12222,0
188,1624,7.752799921,-37.93722594,27.97988,120.63103,27.971715,120.608414,8,30,0
1122,2537,52.61206499,-0.400285276,27.9304,120.80754,27.92328,120.80462,6,15,0
1022,2315,15.21715266,31.99530165,27.99539,120.7173,27.9939,120.72128,7,67,0
1448,1542,27.49111552,52.39730415,27.99567,120.715,27.99711,120.71331,7,291,0
188,1446,4.788716094,-41.36762419,27.97988,120.63103,27.98015,120.60519,8,135,0
1005,2778,-5.05836415,-1.86477077,28.00628,120.65332,27.99859,120.64039,3,16,0
2762,2899,-39.08371676,9.055504308,28.01919,120.67036,28.02802,120.65472,-1,30,0
603,1998,8.599610196,-39.04547189,27.97164,120.62661,27.987217,120.623164,8,80,0
865,2818,-36.55468304,-39.24396696,28.0464,120.604,28.04104,120.58846,-1,127,0
487,1761,-5.091156886,38.03341801,27.98776,120.67428,27.99851,120.67952,4,187,0
409,2119,39.28624556,21.00103162,27.95855,120.75661,27.97513,120.74591,10,0,0
424,2569,-22.23930116,35.62476253,28.025412,120.669507,28.025414,120.669513,3,48,0
1167,2890,-60.08376533,-0.967975692,28.03274,120.64129,28.02424,120.6348,-1,96,0
565,2599,-8.627589141,14.67271526,28.00841,120.66454,28.00304,120.66839,3,8,0
748,1706,45.57395596,-27.03211398,27.9266,120.711,27.9208,120.70586,3,6288,0
1763,2496,54.32447285,1.357616297,27.92159,120.82161,27.94412,120.76969,-1,89,0
9,936,-45.11160542,-2.542799029,27.99378,120.6501,28.02145,120.63334,3,12,0
708,2325,39.71969749,-32.67164176,27.9343,120.7072,27.91782,120.69607,3,73,0
722,1218,57.57167904,4.531371677,27.92889,120.82314,27.91539,120.8198,6,17,0
919,1342,-0.32485836,-0.78760574,28.01517,120.66789,28.00491,120.67627,-1,4,0
823,1698,22.6057019,-13.94950515,27.9511,120.66043,27.95861,120.665556,5,6434,0
469,2621,-8.035753003,31.44538767,28.00657,120.67892,28.01036,120.67777,4,19,0
1428,1981,-51.9639949,-3.69530436,28.02259,120.62662,28.04382,120.61146,7,0,0
1013,2169,9.184406802,37.41544435,28.00165,120.701,28.002851,120.698951,7,16,0
2562,2848,22.20294543,0.967743694,27.96972,120.68472,27.965369,120.686131,5,54,0
1322,2535,-15.19694724,33.96886224,28.00798,120.69032,28.01377,120.68309,-1,13,0
879,1031,-17.17083991,-37.13339777,28.03093,120.59305,28.036972,120.589166,9,26,0
19,2261,4.592659302,1.750289272,27.98443,120.66958,27.97054,120.68557,-1,2,0
565,2471,-16.04011357,48.66360063,28.00841,120.66454,28.00877,120.66836,3,13295,0
487,2129,7.818448824,13.06537707,27.98776,120.67428,27.98951,120.64774,-1,69,0
1370,2632,15.84303634,39.01674347,28.00092,120.7074,28.0072,120.71529,7,0,0
464,1194,18.20181267,-6.733901541,27.9659,120.64111,27.9573,120.67705,-1,0,0
62,567,40.82392874,-29.31751703,27.92028,120.70493,27.92073,120.70491,3,1023,0
1141,2058,33.07969656,-46.90816871,27.933084,120.674452,27.87238,120.65735,-1,20,0
515,1603,17.56999086,-38.01950096,27.96781,120.62801,27.94403,120.59556,-1,27,0
1082,1241,-27.02660678,18.9870249,28.016688,120.655528,28.01972,120.656976,3,131,0
79,1600,39.39795287,-28.90368715,27.921889,120.696181,27.92162,120.70502,3,163,0
2154,2644,37.50295181,19.57068854,27.96748,120.75293,28.019199,120.784475,-1,0,0
529,2424,-7.061824902,24.04457921,28.01174,120.68077,28.01008,120.67058,3,72,0
532,1996,33.2542162,25.5862062,27.972365,120.730631,27.96722,120.73585,10,53,0
1709,2414,41.0765488,18.92717354,27.97034,120.76311,27.96391,120.75937,10,19,0
224,2628,-28.98548555,45.77112405,28.01492,120.66976,28.01511,120.67465,3,1444,0
2117,2493,-38.88556035,18.32199649,28.0167,120.6534,28.01736,120.65303,3,29,0
125,204,-4.887895581,-26.8808083,27.98925,120.62584,27.99015,120.62566,8,1540,0
1858,1999,28.98116313,-27.12030845,27.92336,120.69364,27.91395,120.70028,3,116,0
982,1557,61.15591407,14.81488399,27.87452,120.79789,27.90165,120.81193,6,13,0
1025,1679,18.24582906,31.45813079,27.992,120.69598,27.99338,120.70875,-1,44,0
865,2725,-35.48734365,-48.56967555,28.0464,120.604,28.08578,120.59077,-1,0,0
2087,2899,-50.24765109,16.70444268,28.02363,120.66164,28.02802,120.65472,-1,169,0
15,1139,3.99542289,-23.2881507,27.97664,120.63227,27.988544,120.62822,8,30,0
2779,2913,64.70253381,-0.081838092,27.9069,120.82629,27.92081,120.81459,6,129,0
492,1445,30.5289793,50.15380575,27.99261,120.71419,27.99263,120.7145,7,2155,0
2336,2909,66.651527,15.67386857,27.87937,120.8036,27.86513,120.81613,6,194,0
600,2281,-21.74851752,12.33334289,28.00892,120.64776,28.00143,120.63625,3,2,0
142,673,-44.84784523,-45.78582842,28.07201,120.60483,28.05464,120.60495,-1,386,0
143,678,-62.69728468,8.369062876,28.04546,120.65895,28.04554,120.65654,7,188,0
53,2531,-4.674566745,-6.377395525,27.98833,120.64222,27.99591,120.64416,-1,18,0
367,1717,0.502158637,-47.82412352,27.99233,120.60381,27.99375,120.61713,8,35,0
803,1614,-14.90167145,22.2865212,28.02715,120.65114,28.02662,120.65948,7,30,0
2804,2809,-16.77671128,30.29582379,28.02126,120.68452,28.022802,120.673347,-1,42,0
1930,2236,3.128635961,24.65603862,27.99704,120.68015,27.9946,120.674,4,8,0
745,1807,-56.72569391,-11.65626846,28.04541,120.65027,28.040568,120.63282,7,282,0
508,1494,-47.80217442,-16.47576541,28.04337,120.65572,28.04977,120.64759,7,15,0
356,1003,28.93966778,12.02010968,28.03768,120.84172,28.01839,120.82983,2,357,0
318,1527,7.545595363,-13.17728366,27.97271,120.64743,27.97296,120.6485,5,3078,0
1112,1441,-43.80038383,-13.88129179,28.05274,120.62436,28.04381,120.65767,7,3,0
1376,2469,36.64012243,14.90900906,27.99176,120.72451,28.00923,120.72917,7,8,0
1871,2539,10.71037886,-20.05167008,27.96874,120.65488,27.97231,120.62724,-1,13,0
1284,1848,29.29083512,-16.7108736,27.94439,120.71319,27.96164,120.66747,-1,0,0
2153,2871,28.68010435,-27.68320727,27.91643,120.68875,27.92341,120.69408,3,28,0
1752,2467,-40.48004503,-1.418913368,28.0312,120.63393,28.025613,120.638246,7,4,0
1799,1977,-6.740850105,46.05444222,27.99461,120.68409,27.99753,120.67522,4,112,0
1401,1423,-32.31757209,12.13318439,28.01999,120.65209,28.0149,120.64587,3,12,0
1061,2418,31.5724848,-21.23473575,27.92415,120.70545,27.93672,120.67951,-1,27,0
1093,2568,-22.67110489,-50.69301698,28.03228,120.58055,28.04901,120.58582,9,121,0
42,2767,-32.21895216,36.65805133,28.0014,120.65569,28.00293,120.64916,3,4592,0
849,2289,-22.01559917,8.067071138,28.01215,120.65165,28.01476,120.65309,3,16,0
326,2556,15.31643063,34.84629688,28.0003,120.71557,28.00322,120.7122,7,54,0
1944,2059,2.680663321,-35.92035067,27.97112,120.57378,27.987233,120.614505,8,0,0
1625,2223,62.48471105,-10.39828937,27.91671,120.81301,27.922663,120.824735,6,1314,0
407,2640,-10.23723235,-43.17778145,28.026727,120.58226,28.02725,120.57841,9,2033,0
928,1950,24.13183743,43.78305043,27.99601,120.708,27.99139,120.71952,7,64,0
1400,2614,-26.81662234,-9.498559678,28.01833,120.60806,28.01688,120.6293,-1,7,0
2780,2873,17.13827853,43.38822019,28.00116,120.7232,28.000323,120.727524,7,17,0
1650,2197,-43.79383148,-4.529366957,28.020022,120.631375,28.04449,120.62163,-1,0,0
446,1311,4.450296362,-47.79692384,27.98581,120.61459,27.98966,120.57449,8,39,0
89,1691,-25.048092,15.76200477,28.0164,120.65703,28.01519,120.66268,3,2,0
584,2420,-4.503594527,-26.04772985,27.99383,120.62841,27.98362,120.61785,8,400,0
1737,2579,-17.31578749,-50.76870699,28.03968,120.57291,28.04541,120.57613,9,80,0
1008,1940,-46.73901195,-42.45574909,28.06212,120.60705,28.05756,120.60725,-1,12212,0
1117,2672,6.652030229,45.60745758,28.02055,120.68861,28.02026,120.69523,7,32,0
595,1904,-21.65249447,47.78612581,28.01681,120.67808,28.01361,120.68305,-1,192,0
2729,2743,-50.75110434,-18.92805829,28.05359,120.63947,28.049957,120.622963,7,27,0
795,2418,39.99831604,-47.72500738,27.91839,120.66065,27.93672,120.67951,-1,13,0
12,2183,67.13367046,10.52490623,27.8751,120.81027,27.89444,120.81353,6,163,0
949,1474,-24.94877063,-52.14164766,28.042263,120.582178,28.02436,120.58545,9,636,0
1433,2740,-36.5362905,18.97360866,28.015196,120.648057,28.015485,120.648218,3,74,0
415,1416,-36.19326709,17.46306551,28.01975,120.65219,28.01137,120.64581,3,57,0
2064,2303,69.81713543,2.038800316,27.889525,120.804362,27.90821,120.80227,6,1570,0
2086,2602,-15.81706698,-57.49687101,28.03771,120.57585,28.041463,120.586511,9,495,0
408,2763,-43.07904884,-24.90692515,28.05042,120.6339,28.06783,120.61801,-1,36,0
335,1895,22.50129326,-7.714200475,27.93483,120.66784,27.96905,120.70307,-1,35,0
442,680,54.55398919,-9.366813442,27.92124,120.83163,27.95109,120.83505,6,106,0
178,1088,-39.75627589,19.26443419,28.01444,120.65108,28.016654,120.650607,3,662,0
1430,1956,38.34767466,-0.951450482,27.9498,120.72544,27.96946,120.72066,10,1320,0
246,312,14.29302284,2.593733268,27.95634,120.66596,27.97483,120.67456,5,11,0
1859,2336,70.62594248,20.15754541,27.87212,120.80789,27.87937,120.8036,6,163,0
392,1581,56.72792626,6.749737298,27.90266,120.80723,27.90633,120.81918,6,13,0
1359,1935,15.05103109,5.374136679,27.97581,120.68459,27.97505,120.67499,5,20,0
2323,2617,-33.5902584,8.489947343,28.02463,120.6447,28.02136,120.65561,-1,43,0
343,1560,-53.03021877,-28.64773015,28.03943,120.62365,28.034241,120.588717,-1,6,0
331,1528,-39.15042983,-5.05287764,28.03958,120.62042,28.01484,120.64575,-1,13,0
412,513,31.37716991,-35.39882841,27.91108,120.67813,27.921152,120.682999,3,33,0
1557,2033,56.35485215,5.128319194,27.90165,120.81193,27.9196,120.81824,6,31,0
1763,2040,54.56029103,2.060478152,27.92159,120.82161,27.92457,120.81572,6,23,0
906,1449,4.677382067,62.15073647,28.01211,120.69386,28.01592,120.69364,7,6444,0
438,604,-50.13557719,-24.02794364,28.03933,120.62364,28.015777,120.594444,-1,5,0
603,2351,11.66052442,-35.20413054,27.97164,120.62661,27.95215,120.60432,-1,86,0
2487,2793,39.67492793,34.81107772,27.96889,120.72583,27.96841,120.73048,10,212,0
797,1865,45.21511079,31.39095833,27.97373,120.74409,27.97506,120.73909,10,10523,0
2279,2564,28.18033505,1.459768987,27.98388,120.70501,27.96169,120.70433,-1,42,0
819,1440,67.56732582,-4.720455951,27.91736,120.79806,27.92653,120.78661,6,591,0
1807,2622,-56.47973326,-13.0242206,28.040568,120.63282,28.0547,120.64565,7,49,0
1763,2537,53.63355558,4.425298696,27.92159,120.82161,27.92328,120.80462,6,21,0
1698,2418,24.12124285,-9.497290103,27.95861,120.665556,27.93672,120.67951,5,32,0
167,2072,70.0627816,-8.870773984,27.94045,120.7928,27.93734,120.77936,2,528,0
178,824,-32.72719189,16.39782149,28.01444,120.65108,28.002956,120.643807,3,2,0
1956,2793,38.81687397,1.133988127,27.96946,120.72066,27.96841,120.73048,10,14167,0
2156,2365,-22.92165221,-35.26147157,28.02454,120.591434,28.01894,120.59618,3,142,0
646,2686,9.577923777,63.83546499,28.02101,120.67872,28.0508,120.683,-1,53,0
735,1033,-9.446753386,-7.862669929,27.993371,120.637184,28.007951,120.626328,-1,6,0
814,2926,-39.64229664,-25.21008307,28.06065,120.61145,28.04361,120.61806,7,17,0
293,2055,-39.92077348,-3.992101043,28.02476,120.635142,28.02288,120.63142,-1,27,0
2142,2244,34.03428666,44.000722,27.98684,120.71242,27.985555,120.71778,7,250,0
2168,2575,-23.75789235,-34.2492917,28.02265,120.60445,28.02926,120.59028,-1,71,0
876,2012,-46.3686996,2.493693237,28.01851,120.63892,28.02392,120.644412,3,182,0
1615,1731,-22.53386634,8.697203137,28.01037,120.64773,28.00652,120.64463,3,2,0
47,2360,48.72039283,19.59699966,27.97433,120.75967,27.97589,120.75072,10,683,0
1792,2573,-2.706297729,-23.25648091,27.985149,120.627224,27.985516,120.627281,8,116,0
27,225,14.49878825,59.34669941,28.00949,120.71444,28.01417,120.71354,7,898,0
582,2046,68.19768676,13.61730334,27.86958,120.81319,27.88702,120.81085,6,60,0
1520,2237,36.68115083,-23.98307254,27.92287,120.7033,27.92797,120.69797,3,15,0
745,2304,-50.83301358,-17.64995521,28.04541,120.65027,28.04617,120.63678,7,78,0
397,1995,0.124050588,-38.69878518,27.98278,120.56366,27.98625,120.5825,8,101,0
72,2853,8.961948502,-49.66088661,27.97367,120.59704,27.97599,120.59211,8,18063,0
331,1094,-34.4699642,-21.73173129,28.03958,120.62042,28.01845,120.59962,-1,65,0
814,2515,-45.01234327,-47.41518939,28.06065,120.61145,28.06853,120.60201,-1,2097,0
211,617,-9.006163421,-29.66115675,28.01211,120.58988,28.013371,120.594287,-1,500,0
531,622,24.82588612,35.04218407,27.991394,120.71952,27.991878,120.718744,7,23,0
1514,2608,-42.23410451,-11.45794569,28.039838,120.650314,28.03899,120.65059,7,10,0
1879,2010,-4.100854865,50.12164831,27.999526,120.680665,27.99742,120.68104,4,1755,0
164,306,29.50284372,-15.56027209,27.95724,120.65969,27.93177,120.67802,5,15,0
2074,2142,32.47633324,44.71196001,27.986124,120.709577,27.98684,120.71242,7,14699,0
1140,2602,-16.37544363,-56.8250061,28.04193,120.57698,28.041463,120.586511,9,878,0
1727,1763,53.90433877,2.101031654,27.91218,120.83617,27.92159,120.82161,6,31,0
161,1164,-43.20518444,-14.44399506,28.043888,120.656111,28.04057,120.64705,7,117,0
803,1949,-37.509545,4.552425334,28.02715,120.65114,28.02608,120.646,7,46,0
1506,2381,-51.83517585,19.57813883,28.02799,120.66168,28.02682,120.66634,-1,166,0
708,1895,35.38024523,-4.18640109,27.9343,120.7072,27.96905,120.70307,-1,18,0
482,1948,47.85114378,22.47883984,27.97359,120.74776,27.96583,120.74971,10,2380,0
264,803,-25.22726423,20.89771183,28.01535,120.66232,28.02715,120.65114,-1,53,0
111,896,18.94452792,-13.45024824,27.95612,120.65155,27.93874,120.62121,5,2,0
1099,2303,68.16511253,-5.021147994,27.92578,120.79581,27.90821,120.80227,6,68,0
1082,1289,-29.40639377,18.43922975,28.016688,120.655528,28.0114,120.65314,3,8,0
224,954,-30.42715498,44.32378527,28.01492,120.66976,28.018214,120.672196,3,5576,0
741,896,18.75660639,-12.6219684,27.95095,120.65688,27.93874,120.62121,5,2,0
738,2606,48.71915714,-3.286089818,27.9652,120.81554,27.998592,120.80087,-1,19,0
1724,1950,26.43845091,49.81601432,28.00258,120.70728,27.99139,120.71952,7,74,0
1040,2852,16.09578904,44.57092978,28.00744,120.72163,28.0076,120.724,7,19,0
1717,2549,9.010188738,-36.95559573,27.99375,120.61713,27.98841,120.58255,8,48,0
878,2931,5.742847582,51.56346881,28.000355,120.697765,27.998552,120.692752,-1,16,0
1244,2512,-4.553542584,23.32706014,28.00503,120.67134,27.99935,120.67604,-1,21,0
531,2367,23.83921212,35.03727258,27.991394,120.71952,28.008302,120.718349,7,2,0
1699,1935,12.4172504,3.208657995,27.97659,120.67899,27.97505,120.67499,5,14974,0
927,1376,23.41294884,41.50783363,27.99224,120.72085,27.99176,120.72451,7,268,0
281,2592,57.90771925,-5.084593137,27.94397,120.77876,27.93254,120.82423,-1,116,0
735,2373,-5.452507109,-15.9366134,27.993371,120.637184,27.99672,120.65264,-1,24,0
554,2124,30.97063357,15.24648498,28.02289,120.80151,28.0048,120.764,-1,13,0
1923,2053,-8.527297281,-8.992666768,27.99631,120.64437,28.01003,120.63016,-1,70,0
160,1851,30.50863714,25.24978746,27.97864,120.71467,27.980051,120.702261,-1,5,0
522,1965,21.07624861,-42.53890628,27.95536,120.60011,27.94943,120.58007,10,796,0
1549,2265,18.80373441,30.78058897,27.98966,120.70619,27.99418,120.70931,7,81,0
291,1990,-47.62467712,31.1045297,28.023257,120.659016,28.02045,120.65999,3,597,0
353,1503,-37.44553643,-31.18103288,28.04744,120.60876,28.0363,120.5857,-1,8,0
605,2605,-8.38858883,-41.6434423,28.0258,120.57913,28.024882,120.580737,9,468,0
487,2755,0.511462712,31.0223889,27.98776,120.67428,27.99953,120.68067,4,4,0
370,909,15.64324709,-18.88049901,27.95455,120.65292,27.95992,120.64877,5,997,0
1560,2938,-17.74392969,-37.24680019,28.034241,120.588717,28.02158,120.59654,-1,296,0
1178,1886,4.905619637,35.41010734,27.99689,120.69531,28.010095,120.696678,-1,9,0
1165,2127,3.665358365,19.32229248,27.98951,120.67228,27.98869,120.6726,4,320,0
2498,2592,55.87438728,0.651852389,27.93632,120.80837,27.93254,120.82423,6,40,0
273,860,-60.55011349,-1.436334717,28.02613,120.64691,28.03044,120.64309,7,772,0
439,2415,-45.27138817,18.50376915,28.02332,120.64816,28.02,120.655,3,292,0
665,1748,-1.944948717,25.90246366,27.9992,120.675,27.99958,120.67043,-1,37,0
133,1698,17.13534481,-4.807584567,27.9535,120.69621,27.95861,120.665556,5,21,0
1156,2263,-29.80756024,28.39948734,28.01027,120.66077,28.00726,120.65848,3,454,0
627,1098,-46.20652214,-19.72988418,28.0494,120.66193,28.0475,120.62333,7,233,0
42,1347,-41.34178411,27.26428342,28.0014,120.65569,28.01058,120.65406,3,138,0
1506,1958,-27.27176344,23.53067899,28.02799,120.66168,28.01842,120.65967,-1,121,0
166,1601,53.59377194,-12.07826296,27.93672,120.83867,27.94796,120.8414,6,1681,0
1100,2094,-16.70861772,-16.77255771,28.00741,120.61911,27.992,120.60987,-1,4,0
309,2150,15.66831755,-33.7925212,27.95804,120.59516,27.99711,120.58895,-1,6,0
1699,1895,16.26468115,8.743862804,27.97659,120.67899,27.96905,120.70307,-1,103,0
1402,2424,-6.138138081,29.87452619,28.014576,120.681581,28.01008,120.67058,3,98,0
1723,2105,-29.68725166,44.18597795,28.01437,120.67295,28.01341,120.67225,3,1669,0
1844,2325,33.82285335,-25.19388056,27.92562,120.70294,27.91782,120.69607,3,43,0
1426,2968,-0.564486819,-2.685114448,28.02601,120.65011,28.02802,120.6546,7,39,0
464,2901,14.37837815,-24.77168319,27.9659,120.64111,27.97339,120.7071,-1,0,0
1576,2023,10.71456313,-44.99206489,27.970529,120.613192,27.97172,120.61373,8,444,0
401,2377,33.05553717,52.13839072,27.994305,120.719787,27.9934,120.719,7,234,0
1094,2631,-20.02363588,-26.25722867,28.01845,120.59962,28.01956,120.60229,3,207,0
420,2288,13.36864211,60.68445626,28.019477,120.715049,28.014173,120.713536,7,1852,0
684,1108,29.77634848,-16.89621296,27.88258,120.62827,27.924685,120.69711,3,0,0
389,2432,-0.331451539,-44.74297738,28.01058,120.62116,27.99839,120.59856,-1,36,0
865,2116,-45.165226,-39.63455547,28.0464,120.604,28.04925,120.60197,7,16290,0
1233,2372,-14.26858683,-32.23269281,28.01428,120.58353,28.023805,120.597166,-1,18,0
2053,2840,-42.30557638,-4.103022273,28.01003,120.63016,28.04323,120.58656,-1,16,0
74,2229,-31.8294136,34.68497354,28.00263,120.65852,27.99852,120.65649,3,217,0
46,2890,-55.45253733,-4.51386734,28.04917,120.61056,28.02424,120.6348,-1,83,0
2347,2865,64.9707937,4.439772575,27.91091,120.81602,27.90471,120.82127,6,145,0
450,1578,13.3851768,-51.10291444,27.96474,120.57156,27.97058,120.5853,8,519,0
1160,2442,-22.77112727,21.79289952,28.01525,120.66252,28.01459,120.66235,3,78,0
911,2303,50.76481953,6.17128155,27.96141,120.73461,27.90821,120.80227,-1,8,0
695,1830,-13.05568529,-49.18656359,28.054694,120.586916,28.0362,120.58118,9,0,0
47,599,31.67348594,24.15196237,27.97433,120.75967,27.97321,120.72684,10,4,0
104,836,-21.47066818,-31.3098483,28.0211,120.601,28.02242,120.60801,3,160,0
1446,1819,0.781170873,-44.94767159,27.98015,120.60519,27.996696,120.603355,8,74,0
1388,1889,-37.23275655,15.73223674,28.01822,120.64711,28.01442,120.65841,3,193,0
1710,2446,-1.398042142,16.86837541,27.99311,120.67011,27.98763,120.66308,4,34,0
195,1565,-47.80015227,-21.81975339,28.041109,120.62863,28.03749,120.6251,7,88,0
956,2209,10.42534468,2.006076889,27.97159,120.65547,27.96734,120.67106,5,165,0
174,2890,-56.61681877,6.065970803,28.04894,120.64323,28.02424,120.6348,-1,30,0
1400,1618,-12.66280777,-26.83048448,28.01833,120.60806,28.00977,120.60049,3,196,0
11,332,20.82692508,40.49934802,27.99544,120.72251,28.00341,120.68731,-1,16,0
1922,2472,72.4836764,20.67710584,27.85558,120.80096,27.86229,120.80734,6,1301,0
61,487,-2.458981855,41.84818366,28.00969,120.67408,27.98776,120.67428,-1,114,0
936,2483,-52.32749268,-2.944502691,28.02145,120.63334,28.02455,120.61196,3,25,0
575,1267,9.496112095,-3.210169843,27.98117,120.66776,27.969489,120.657672,-1,32,0
1638,2118,0.505712192,12.93094721,27.99258,120.67111,27.99228,120.66244,4,9,0
1392,2124,43.93209923,12.07531006,28.00462,120.76392,28.0048,120.764,10,188,0
1455,1560,-49.8032606,-35.62805421,28.03905,120.62757,28.034241,120.588717,-1,109,0
1433,2049,-28.79826138,-3.353860406,28.015196,120.648057,28.01711,120.63167,-1,52,0
556,1123,-30.08476111,32.89107756,27.99014,120.62903,27.96552,120.64757,-1,15,0
2124,2606,37.42965426,12.59305829,28.0048,120.764,27.998592,120.80087,10,4,0
1244,1991,-13.02949954,49.18749582,28.00503,120.67134,28.00104,120.67237,3,674,0
2150,2938,-12.2410789,-32.23060601,27.99711,120.58895,28.02158,120.59654,3,86,0
1051,2515,-41.45648207,-37.17758391,28.04252,120.60963,28.06853,120.60201,-1,2,0
1426,2415,-32.61025397,7.382092779,28.02601,120.65011,28.02,120.655,-1,8,0
291,1713,-28.43026382,-11.54178134,28.023257,120.659016,28.01567,120.62619,-1,13,0
1774,1969,-11.04240332,0.369464544,27.99094,120.65242,28.00303,120.63895,-1,13,0
1602,2297,41.54824325,-32.00131661,27.91457,120.70609,27.92659,120.71116,3,158,0
539,1074,-29.50612695,18.9881696,28.01516,120.65303,28.014943,120.655064,3,99,0
497,1679,29.58832281,46.31126536,27.99143,120.70763,27.99338,120.70875,7,92,0
946,2182,15.08011326,-30.84358578,27.94117,120.60038,27.96515,120.61124,-1,23,0
1262,1923,-9.448531623,-11.50893423,27.98453,120.66027,27.99631,120.64437,-1,112,0
1082,2164,-18.6799061,19.1062789,28.016688,120.655528,28.01286,120.66582,3,15,0
885,1682,39.76312389,24.58754222,27.96805,120.74305,27.96568,120.73665,10,61,0
2528,2717,-42.10905136,11.07345569,28.023744,120.653645,28.024111,120.656361,-1,35,0
1184,2567,6.887519776,-16.65819137,27.982012,120.645724,27.992138,120.656444,-1,91,0
2096,2790,6.093410293,-34.35826534,27.97745,120.61375,27.99273,120.60679,8,55,0
627,1338,-51.16308655,-15.59555706,28.0494,120.66193,28.056963,120.625239,7,18,0
1385,2666,-56.90400827,-22.56382232,28.05153,120.62762,28.04116,120.62863,7,443,0
1081,1103,-5.394758128,10.3014287,27.997963,120.659738,27.97694,120.62826,-1,0,0
666,1685,-37.45777358,-58.88008973,28.07352,120.58467,28.08692,120.5856,9,1149,0
60,2138,62.83789437,22.82052737,27.89629,120.80392,27.87481,120.78795,6,231,0
919,2355,-17.45025323,24.14492244,28.01517,120.66789,28.02099,120.66672,3,28,0
893,1803,-17.28068061,40.96869056,28.00209,120.66254,28.01235,120.66512,3,0,0
26,635,37.07267076,-44.64392078,27.91714,120.66023,27.91455,120.66062,3,26,0
1470,2272,29.04080107,-28.52986226,27.97225,120.68006,27.91974,120.69145,-1,39,0
2602,2746,-36.32265603,-34.35620995,28.041463,120.586511,28.03863,120.61579,-1,6,0
384,1250,-22.05507395,-0.528921379,28.01405,120.63301,28.01482,120.63721,-1,73,0
1913,2168,-26.40391569,-26.89102655,28.02588,120.60418,28.02265,120.60445,3,1490,0
470,2012,-43.25970706,15.18688449,28.024081,120.646811,28.02392,120.644412,3,123,0
1441,2012,-43.14384515,2.332931006,28.04381,120.65767,28.02392,120.644412,-1,29,0
1921,2573,-3.631201777,-23.39922017,27.985876,120.627305,27.985516,120.627281,8,40,0
1007,1386,25.23177885,2.079182457,27.96558,120.68672,27.98557,120.68544,-1,103,0
1040,1552,18.16866524,52.24541566,28.00744,120.72163,28.00524,120.72204,7,98,0
1444,2575,-16.58450535,-40.69522124,28.019216,120.588125,28.02926,120.59028,9,82,0
1684,2963,-2.208797891,-28.26239652,27.98796,120.61592,27.98802,120.61588,8,33563,0
1166,1717,10.17657879,-41.36066646,27.95794,120.60138,27.99375,120.61713,-1,0,0
1338,1500,-55.79311891,-31.19549654,28.056963,120.625239,28.05006,120.62061,7,1316,0
213,1100,-45.78909663,-0.954427618,28.01009,120.63564,28.00741,120.61911,-1,65,0
243,2229,-31.57573726,35.72095434,28.000291,120.647161,27.99852,120.65649,3,63,0
442,2779,62.1980688,4.10418855,27.92124,120.83163,27.9069,120.82629,6,171,0
979,1198,-24.16917404,-38.7348359,28.02921,120.59331,28.0332,120.591,9,2020,0
1400,2658,-24.24483765,-16.89100716,28.01833,120.60806,28.023438,120.62652,-1,5,0
1076,2532,28.99637745,13.32750055,28.03881,120.82892,28.03232,120.78261,2,194,0
224,1558,-21.72846898,24.98597094,28.01492,120.66976,28.01502,120.66503,3,22,0
347,1526,34.22230495,49.60607649,27.98785,120.71681,27.98884,120.71605,7,1318,0
943,1360,15.10429697,27.8069813,27.98369,120.71502,27.993854,120.698744,-1,15,0
2446,2531,-7.665765494,-9.863261372,27.98763,120.66308,27.99591,120.64416,-1,90,0
332,1724,-0.888092127,52.63750831,28.00341,120.68731,28.00258,120.70728,-1,117,0
956,999,11.36940803,-16.17833431,27.97159,120.65547,27.95989,120.64875,5,44,0
603,1767,4.059473981,-13.54725104,27.97164,120.62661,27.97914,120.65482,-1,0,0
446,1624,7.748343156,-45.48086382,27.98581,120.61459,27.971715,120.608414,8,141,0
1241,1938,-27.55914045,13.39922188,28.01972,120.656976,28.01832,120.65141,3,22,0
268,660,-2.822580282,13.37601961,28.002086,120.662539,27.99791,120.66801,3,32,0
2353,2533,1.813031539,42.29155137,27.973777,120.682079,27.98533,120.68503,-1,109,0
913,2452,-37.81060734,34.45198712,28.01042,120.65885,28.0105,120.66068,3,462,0
1501,2594,-40.09813271,-50.22552278,28.05557,120.61784,28.08581,120.59066,-1,338,0
705,2932,-16.64827335,-2.537015401,28.00227,120.63088,28.003843,120.643621,3,112,0
542,1628,11.98334127,37.74471362,28.00788,120.70268,28.01497,120.68572,7,2,0
1913,2576,-22.40181255,-33.18389025,28.02588,120.60418,28.02963,120.5999,3,36,0
182,751,-26.60635706,-20.56494007,28.01939,120.61656,28.02449,120.61195,3,442,0
283,2802,35.47521359,30.09564892,27.98338,120.744,27.98055,120.72944,10,55,0
971,2183,64.60595917,-1.760356486,27.92205,120.80111,27.89444,120.81353,6,16,0
547,1860,15.8560166,4.963256813,27.98521,120.67877,27.97729,120.68651,-1,70,0
1624,1684,7.539423606,-45.04060101,27.971715,120.608414,27.98796,120.61592,8,59,0
456,2602,-18.40916373,-50.88917981,28.04137,120.5735,28.041463,120.586511,9,19,0
1082,1515,-38.57480811,32.25682665,28.016688,120.655528,28.01034,120.65781,3,75,0
295,2588,-8.731809002,-45.64661167,28.02333,120.57606,28.02213,120.5743,9,35597,0
1433,1653,-18.4475391,8.934102664,28.015196,120.648057,28.00714,120.65555,3,31,0
1286,1760,-37.97180108,25.9734124,28.01117,120.65006,28.01143,120.64969,3,247,0
761,1605,-50.77928961,6.735136943,28.02569,120.64175,28.01353,120.6398,-1,646,0
1078,1152,-18.12532254,4.389408684,28.015777,120.621944,28.013647,120.656985,-1,0,0
979,1094,-20.07505533,-35.85222856,28.02921,120.59331,28.01845,120.59962,-1,12,0
2023,2096,10.67993213,-44.57798367,27.97172,120.61373,27.97745,120.61375,8,6072,0
2074,2186,24.8960959,33.74072143,27.986124,120.709577,27.99188,120.7165,7,70,0
1644,1839,35.15335222,20.76930832,27.97549,120.72917,27.97706,120.75192,10,6,0
547,2176,11.95908145,15.60349943,27.98521,120.67877,27.95843,120.65338,-1,2,0
312,859,25.68408454,-6.447858659,27.97483,120.67456,27.95386,120.68203,5,42,0
665,1977,-8.370493442,50.20817006,27.9992,120.675,27.99753,120.67522,4,380,0
857,1043,53.72334219,-1.607590852,27.93632,120.80777,27.937334,120.815739,6,159,0
1723,1953,-10.86394793,24.74891779,28.01437,120.67295,28.01063,120.68159,3,0,0
431,501,-6.002328576,55.94056667,28.00412,120.6803,28.004176,120.686025,4,105,0
2420,2541,8.952948966,-41.8415151,27.98362,120.61785,27.99417,120.59987,8,122,0
409,1260,48.11960753,2.854663014,27.95855,120.75661,27.91444,120.83278,-1,73,0
90,738,46.61294109,9.147403363,27.96939,120.78179,27.9652,120.81554,2,377,0
1051,1351,-37.33834179,-26.97995265,28.04252,120.60963,28.04387,120.63355,7,57,0
1134,1969,-7.290721571,-13.14770632,27.99644,120.63354,28.00303,120.63895,-1,106,0
357,2292,-15.2795899,-52.26672684,28.03643,120.57447,28.04572,120.58643,9,89,0
402,2471,-9.420249134,16.01721042,28.01188,120.66205,28.00877,120.66836,3,23,0
2200,2890,-62.59607546,0.747428471,28.03746,120.65611,28.02424,120.6348,-1,693,0
475,638,-3.949799419,-16.55095408,27.98226,120.62389,27.99736,120.62159,8,25,0
174,1912,-54.67804111,-16.81523212,28.04894,120.64323,28.05972,120.64548,7,50,0
606,2703,-7.625096142,-14.21570728,28.004829,120.6409,27.99103,120.63464,-1,35,0
685,2076,1.728396417,-39.62429362,27.97822,120.56591,27.99335,120.57729,8,8,0
2963,2965,3.390087921,-27.13341003,27.98802,120.61588,27.991469,120.622368,8,2,0
2161,2588,-8.949473526,-43.69901398,28.022133,120.574298,28.02213,120.5743,9,2753,0
2028,2913,66.05763149,-7.671455256,27.92122,120.80887,27.92081,120.81459,6,2269,0
25,1980,24.08128537,-6.277777484,27.976204,120.667973,27.9546,120.667,5,19,0
179,449,41.47346884,-15.99021778,27.92748,120.69689,27.93173,120.70133,3,141,0
1999,2000,39.15203193,-27.19538359,27.91395,120.70028,27.92247,120.70628,3,289,0
1218,1660,62.55558842,0.629501689,27.91539,120.8198,27.91134,120.80988,6,167,0
1927,1940,-46.07342534,-24.52833941,28.04626,120.62785,28.05756,120.60725,7,131,0
1503,1512,-22.15290911,-56.12574792,28.0363,120.5857,28.04225,120.58748,9,1256,0
646,1034,-51.22087048,17.0675192,28.02101,120.67872,28.027685,120.65985,-1,68,0
2333,2792,-25.63383574,37.51399305,28.02407,120.66508,28.02302,120.66759,3,718,0
372,2621,-5.932882294,31.7625126,27.99629,120.68028,28.01036,120.67777,4,114,0
16,353,-40.80764499,-30.57980732,28.07646,120.62205,28.04744,120.60876,-1,168,0
147,2509,-22.13015925,-25.43265292,28.01625,120.60085,28.02225,120.60442,3,1522,0
79,1108,46.37890161,-30.34481836,27.921889,120.696181,27.924685,120.69711,3,7280,0
2229,2620,-14.96074419,42.89085954,27.99852,120.65649,28.005401,120.667985,3,98,0
292,2456,-20.35587679,37.27491465,28.02857,120.65898,28.022125,120.670739,-1,256,0
63,668,-22.6396847,-19.00837503,28.01488,120.61139,28.0105,120.60976,3,89,0
1349,1415,-24.07241976,2.333310649,28.01544,120.64648,28.01447,120.64201,3,0,0
1587,2559,-33.27701096,19.33077853,28.00917,120.64028,28.01104,120.64986,3,44,0
735,2682,-4.218178374,-12.86046161,27.993371,120.637184,27.99605,120.64769,-1,18,0
599,1848,18.05041565,-11.81888264,27.97321,120.72684,27.96164,120.66747,-1,0,0
486,2796,49.44398717,21.28202856,27.97508,120.74612,27.97189,120.75195,10,537,0
77,243,-13.99066925,-1.705814141,28.00743,120.64853,28.000291,120.647161,3,350,0
1644,2937,37.48836495,33.20001926,27.97549,120.72917,27.97398,120.7324,10,54,0
897,2341,9.184547282,20.85202533,27.98785,120.68114,27.98923,120.68066,4,20,0
946,1599,17.12828283,-37.48738697,27.94117,120.60038,27.955208,120.625696,-1,375,0
2365,2575,-19.82823703,-36.38028107,28.01894,120.59618,28.02926,120.59028,-1,32,0
194,2787,-1.264286144,27.07886042,28.0005,120.67726,28.00461,120.6752,4,34,0
703,1624,8.869185926,-44.40942182,27.99417,120.59982,27.971715,120.608414,8,60,0
652,2064,74.87849098,8.496317443,27.88623,120.80236,27.889525,120.804362,6,9376,0
285,2223,52.66644635,7.03954181,27.90175,120.80936,27.922663,120.824735,6,55,0
515,656,19.07639489,-42.34616414,27.96781,120.62801,27.96161,120.59217,-1,420,0
876,1988,-51.48501903,4.327167701,28.01851,120.63892,28.01854,120.63879,3,1763,0
1035,1204,15.11480809,-31.72632712,27.95025,120.60263,27.94777,120.6125,10,122,0
940,1422,21.04039933,50.92874769,28.00288,120.71024,28.00506,120.71172,7,271,0
724,2344,-7.514558266,-10.79265325,27.99279,120.64931,28.000843,120.64058,3,29,0
554,2589,29.01367157,12.76459551,28.02289,120.80151,28.02612,120.83038,2,143,0
318,2264,9.583806217,-12.97168787,27.97271,120.64743,27.95241,120.64911,5,69,0
174,1940,-42.33286393,-31.79721109,28.04894,120.64323,28.05756,120.60725,7,5,0
720,1519,34.87250486,20.94536373,27.97976,120.74186,27.97433,120.75966,10,47,0
42,983,8.119484314,-10.54488315,28.0014,120.65569,27.97699,120.64991,-1,13,0
943,1865,43.02250213,36.85638323,27.98369,120.71502,27.97506,120.73909,-1,931,0
766,1078,-24.25016201,-11.5833213,28.00726,120.61292,28.015777,120.621944,4,112,0
727,2620,-14.94220361,39.77556304,28.00933,120.69355,28.005401,120.667985,-1,16,0
1139,2059,3.703461276,-26.4762592,27.988544,120.62822,27.987233,120.614505,8,2,0
251,2779,63.51845218,3.145929725,27.90975,120.8324,27.9069,120.82629,6,309,0
284,335,18.30949305,-7.714287774,27.92764,120.69437,27.93483,120.66784,-1,0,0
911,912,36.71461788,34.99220803,27.96141,120.73461,27.98324,120.72334,10,266,0
178,1416,-39.66793228,26.53284231,28.01444,120.65108,28.01137,120.64581,3,400,0
160,1007,16.79352501,0.529869341,27.97864,120.71467,27.96558,120.68672,-1,31,0
1806,2342,48.16057978,22.24985393,27.971111,120.759166,27.96902,120.74658,10,6247,0
560,938,12.76328865,43.77872222,28.016323,120.703784,28.00753,120.7083,7,105,0
202,1932,-30.2411399,27.15652443,28.0087,120.65515,28.01062,120.65932,3,193,0
370,545,12.97492422,-11.69598741,27.95455,120.65292,27.96676,120.65937,5,31,0
686,2292,-14.48581685,-53.8359509,28.035763,120.57132,28.04572,120.58643,9,48,0
291,1736,-25.51054951,-6.419891926,28.023257,120.659016,28.029592,120.6244,-1,33,0
761,2055,-37.32626617,-3.63390608,28.02569,120.64175,28.02288,120.63142,7,54,0
673,1455,-54.1995479,-28.53733588,28.05464,120.60495,28.03905,120.62757,7,223,0
949,2116,-21.96316825,-51.7578268,28.042263,120.582178,28.04925,120.60197,-1,68,0
574,1141,35.06759042,-11.94248831,27.93368,120.71241,27.933084,120.674452,-1,75,0
2444,2620,-3.218265777,13.76670436,27.99277,120.67775,28.005401,120.667985,-1,2,0
893,2120,-17.01404409,39.57762324,28.00209,120.66254,28.00312,120.65388,3,103,0
565,1049,-35.4413466,37.62162913,28.00841,120.66454,28.00814,120.66242,3,810,0
227,1535,-38.70549893,-8.546980775,28.05333,120.63083,28.03768,120.63277,7,31,0
983,1184,6.37453986,-16.87491742,27.97699,120.64991,27.982012,120.645724,5,8072,0
474,1796,-48.00487597,-20.20227144,28.043365,120.633224,28.04071,120.63988,7,31,0
18,1724,13.53487744,55.91298331,28.00286,120.70562,28.00258,120.70728,7,283,0
1990,2460,1.264920922,-4.032198968,28.02045,120.65999,28.021791,120.665431,3,2,0
1958,2968,-26.06015236,22.95483468,28.01842,120.65967,28.02802,120.6546,-1,54,0
60,1849,71.60127156,5.13382205,27.89629,120.80392,27.89831,120.81286,6,312,0
1323,2909,64.49570635,14.4009056,27.85707,120.81238,27.86513,120.81613,6,11,0
1995,2823,1.71233817,-36.64815174,27.98625,120.5825,27.94947,120.55856,-1,35,0
1331,2453,-43.84338663,-39.55112791,28.07361,120.61293,28.04644,120.60417,-1,560,0
1870,2567,-1.425758603,3.793133894,27.99576,120.6574,27.992138,120.656444,-1,6833,0
3,1051,-37.92857957,-37.16190747,28.03927,120.5877,28.04252,120.60963,-1,61,0
550,846,17.23006095,55.81221744,28.0076,120.72365,28.00453,120.74869,7,22,0
47,269,41.72998171,12.92837481,27.97433,120.75967,27.96807,120.80604,-1,92,0
1189,1981,-53.55876693,-32.98591557,28.04554,120.61485,28.04382,120.61146,7,8589,0
189,1799,1.983265161,35.3041334,27.98396,120.69007,27.99461,120.68409,4,7,0
935,2405,13.45051519,9.815082059,27.97987,120.68111,27.96984,120.68551,-1,50,0
730,2736,7.299777122,41.87864404,28.0101,120.69668,28.008768,120.696683,7,72,0
178,2379,-31.689273,14.01068371,28.01444,120.65108,28.04982,120.6511,-1,6,0
2827,2847,-36.39340516,-39.87575072,28.05657,120.60001,28.041041,120.588459,-1,93,0
384,691,-41.77727877,-5.270348869,28.01405,120.63301,28.05782,120.58736,-1,2,0
1169,1399,-25.65855833,-25.03720306,28.01606,120.6036,28.024487,120.608733,3,224,0
1347,1938,-42.69373219,25.09399931,28.01058,120.65406,28.01832,120.65141,3,79,0
46,353,-47.19071538,-38.90191903,28.04917,120.61056,28.04744,120.60876,7,15855,0
1130,2745,-52.75921557,-1.885978532,28.02327,120.63423,28.02921,120.62987,-1,40,0
454,2680,6.614151765,4.244336409,27.98,120.66708,27.97782,120.66753,5,615,0
819,1469,52.44403863,2.656822616,27.91736,120.79806,27.93568,120.7957,6,83,0
15,2848,-2.2773158,-14.10421338,27.97664,120.63227,27.965369,120.686131,-1,0,0
1560,2887,-17.58411395,-50.62899148,28.034241,120.588717,28.04609,120.57533,9,49,0
1409,1736,-32.31566275,-15.92028996,28.02498,120.65306,28.029592,120.6244,7,2,0
1373,2629,-21.03212839,33.12131476,28.01793,120.66445,28.024983,120.66739,3,23,0
976,2208,-46.1236411,-15.6632917,28.044851,120.648285,28.047396,120.656783,7,18,0
1512,2575,-20.20221332,-46.23170577,28.04225,120.58748,28.02926,120.59028,9,18,0
332,2755,-5.174759622,53.35269358,28.00341,120.68731,27.99953,120.68067,4,102,0
708,1647,32.88755748,-22.93705393,27.9343,120.7072,27.92515,120.70447,3,16,0
2229,2385,-4.01422399,13.27347587,27.99852,120.65649,27.998,120.672205,-1,2,0
2004,2085,-24.91040592,-59.03813006,28.05469,120.58692,28.04973,120.58807,9,5753,0
756,1362,62.59288041,7.78847132,27.90472,120.82388,27.89369,120.80917,6,85,0
510,865,-37.49484647,-38.89961761,28.04567,120.60077,28.0464,120.604,-1,285,0
2156,2938,-21.00685939,-35.64606264,28.02454,120.591434,28.02158,120.59654,3,0,0
123,2004,-37.52725791,-50.92559143,28.08948,120.58851,28.05469,120.58692,9,5,0
488,550,19.53656442,57.80780242,28.01171,120.71924,28.0076,120.72365,7,834,0
720,1376,33.62914793,32.54229224,27.97976,120.74186,27.99176,120.72451,-1,87,0
691,1169,-16.7224556,-24.39318907,28.05782,120.58736,28.01606,120.6036,-1,0,0
369,2691,59.44964121,-12.10589673,27.9277,120.83323,27.93204,120.83665,6,2998,0
73,1419,-16.80810422,-9.375129485,28.01003,120.63314,28.01125,120.62553,-1,47,0
646,906,-23.75232796,43.75478489,28.02101,120.67872,28.01211,120.69386,-1,64,0
724,2089,5.856800607,-12.57544778,27.99279,120.64931,27.970224,120.651685,-1,25,0
1620,2168,-26.21828992,-14.23429266,28.01578,120.62194,28.02265,120.60445,-1,31,0
1506,1828,-59.46009702,6.275320941,28.02799,120.66168,28.039716,120.651201,7,151,0
2049,2189,-49.25653086,-5.655736667,28.01711,120.63167,28.01722,120.63141,4,8810,0
1262,1582,10.93781734,1.201213917,27.98453,120.66027,27.96936,120.67444,-1,18,0
1512,2292,-22.56409509,-56.44401293,28.04225,120.58748,28.04572,120.58643,9,5464,0
1362,2128,72.28221633,5.547508229,27.89369,120.80917,27.8883,120.80901,6,4195,0
2445,2963,1.488305614,-45.5397411,27.992515,120.595201,27.98802,120.61588,8,3,0
2256,2778,-9.740069774,-4.376452318,27.998412,120.636972,27.99859,120.64039,3,92,0
1323,2130,72.786411,20.67192113,27.85707,120.81238,27.85823,120.80871,6,2494,0
332,2842,15.65129517,23.73898201,28.00341,120.68731,27.98853,120.69743,4,17,0
331,468,-32.45041513,-33.15370302,28.03958,120.62042,28.02464,120.59155,-1,5,0
874,1351,-66.66554741,2.497712499,28.04411,120.64767,28.04387,120.63355,7,3630,0
691,1856,-36.12048052,-45.30002679,28.05782,120.58736,28.07457,120.58762,9,6,0
1782,2001,6.054271318,55.46355181,27.997236,120.700653,28.00031,120.69867,7,243,0
1764,1995,14.21711244,-36.64221452,27.96875,120.60619,27.98625,120.5825,8,82,0
1,1709,48.2983398,17.8954089,27.97014,120.75603,27.97034,120.76311,10,5023,0
1460,2963,2.867995989,-26.19036058,27.985304,120.632788,27.98802,120.61588,8,45,0
784,1721,-32.94936855,-3.338997755,28.020289,120.63671,28.01943,120.63656,3,22,0
1027,1685,-40.39497474,-54.97009112,28.08394,120.58605,28.08692,120.5856,9,23984,0
681,1570,33.46390866,-43.02670544,27.916503,120.651759,27.91065,120.6401,3,31,0
1849,2046,70.54139285,5.558572751,27.89831,120.81286,27.88702,120.81085,6,771,0
1446,2790,3.96615878,-49.34825362,27.98015,120.60519,27.99273,120.60679,8,515,0
556,2319,4.596047149,-24.96056111,27.99014,120.62903,27.97631,120.60491,8,56,0
2123,2272,39.85785123,-37.86464873,27.92383,120.67387,27.91974,120.69145,3,1015,0
48,637,-16.22045156,34.18080411,28.01947,120.67661,28.01522,120.68916,-1,35,0
1528,2712,-41.55554503,22.17761135,28.01484,120.64575,28.01694,120.64891,3,110,0
1393,2335,31.95256009,-52.50844364,27.88797,120.67287,27.86624,120.66547,3,694,0
684,2047,30.00108216,-44.67655693,27.88258,120.62827,27.8738,120.67228,3,65,0
185,2938,-24.37939077,-31.89042787,28.021498,120.59653,28.02158,120.59654,3,200,0
1080,2069,34.45562752,-28.3009663,27.92057,120.7039,27.92095,120.70407,3,33,0
1271,2921,-43.45805457,-21.00905569,28.047627,120.634779,28.04626,120.62812,7,25,0
409,869,71.79399862,-10.30996324,27.95855,120.75661,27.94864,120.77547,-1,1647,0
969,2237,44.52402988,-16.65107194,27.92722,120.69833,27.92797,120.69797,3,7793,0
254,2372,-25.1160018,-28.69567466,28.023933,120.596926,28.023805,120.597166,3,6870,0
1092,2788,14.7734039,-16.57577432,27.96187,120.66042,27.96243,120.65546,5,21356,0
447,1022,22.46052023,42.52643269,27.99055,120.7118,27.99539,120.7173,7,0,0
490,2168,-14.89889424,-11.48319095,28.00307,120.6298,28.02265,120.60445,3,3,0
340,1153,1.69045001,28.34201705,27.99961,120.68514,27.99825,120.68419,4,8,0
775,1092,30.09851234,-15.92559496,27.9189,120.64478,27.96187,120.66042,-1,10,0
1568,1947,-1.429409758,43.06836918,27.98641,120.68048,27.98803,120.67876,4,169,0
255,1296,68.23830831,-3.085833482,27.91211,120.79786,27.89897,120.79855,6,1616,0
644,2349,-22.48720862,19.10467144,28.01278,120.65944,28.01461,120.65761,3,56,0
981,1811,38.25265769,-50.86927331,27.89495,120.67037,27.89896,120.665197,3,4561,0
1676,2236,-8.143814322,39.27183709,27.99435,120.67119,27.9946,120.674,4,82,0
2131,2680,7.245191678,-0.17138465,27.97509,120.65593,27.97782,120.66753,5,77,0
90,952,47.34595323,11.21313814,27.96939,120.78179,27.97169,120.76145,-1,144,0
2465,2910,37.39743827,-48.65011655,27.88796,120.64935,27.896919,120.638597,3,165,0
60,652,72.7234188,7.447133837,27.89629,120.80392,27.88623,120.80236,6,557,0
2300,2616,12.3502247,42.09470196,27.99832,120.72424,28.018222,120.70197,7,35,0
235,1081,-7.436344937,12.32412965,28.00874,120.65984,27.997963,120.659738,3,0,0
1483,2556,25.45719987,54.22413196,27.9897,120.71206,28.00322,120.7122,7,22,0
332,595,-11.32420989,25.35770538,28.00341,120.68731,28.01681,120.67808,-1,98,0
315,1405,-33.01276116,-51.11270564,28.09085,120.54804,28.10206,120.56347,9,119,0
1277,2060,6.887907377,51.22584948,28.001156,120.703132,28.00115,120.70351,7,0,0
1289,2559,-38.27052654,23.54646573,28.0114,120.65314,28.01104,120.64986,3,239,0
2074,2279,30.47518121,44.46627059,27.986124,120.709577,27.98388,120.70501,-1,548,0
37,2131,7.070358123,-0.934062535,27.97486,120.66789,27.97509,120.65593,5,17,0
1058,1428,-53.35947344,-2.662305069,28.04752,120.63044,28.02259,120.62662,7,26,0
828,2444,0.177568755,20.92673645,27.96168,120.677789,27.99277,120.67775,-1,21,0
1995,2185,3.769629349,-34.5480248,27.98625,120.5825,27.97251,120.60263,8,14,0
581,1544,51.85604907,-4.029877844,27.93237,120.77134,27.94688,120.81569,-1,12,0
1699,2446,13.8008322,8.188647147,27.97659,120.67899,27.98763,120.66308,-1,97,0
1860,2756,21.18211607,9.137041115,27.97729,120.68651,27.98645,120.68772,-1,122,0
2012,2656,-43.84518762,13.67268319,28.02392,120.644412,28.024797,120.649708,-1,261,0
449,2331,33.72334453,-11.21263075,27.93173,120.70133,27.92645,120.67635,3,174,0
1839,2154,47.36410933,20.58129851,27.97706,120.75192,27.96748,120.75293,10,312,0
16,1981,-40.79507367,-26.9904503,28.07646,120.62205,28.04382,120.61146,-1,87,0
755,2272,42.23559209,-31.37627077,27.928,120.698,27.91974,120.69145,3,118,0
490,603,6.554689863,-38.8636436,28.00307,120.6298,27.97164,120.62661,-1,84,0
956,2264,11.46145736,-11.37873968,27.97159,120.65547,27.95241,120.64911,5,39,0
1742,1759,-20.79957895,45.7501879,28.010383,120.6909,28.018481,120.682668,-1,154,0
125,1460,4.727833847,-22.6228272,27.98925,120.62584,27.985304,120.632788,8,8,0
1697,2100,55.54424305,-2.751675069,27.93044,120.81856,27.93118,120.82472,6,148,0
42,1105,-32.75093933,31.90125287,28.0014,120.65569,28.00791,120.64843,3,397,0
812,2914,-37.94229606,17.48072982,28.01375,120.6551,28.01922,120.64427,3,53,0
1409,2415,-46.46436479,14.55322966,28.02498,120.65306,28.02,120.655,-1,127,0
2415,2968,-48.19646599,16.36364074,28.02,120.655,28.02802,120.6546,-1,715,0
552,1848,18.78292117,-12.18535633,27.96536,120.74141,27.96164,120.66747,-1,3,0
477,1821,31.61734046,36.09106038,27.994763,120.731284,27.98011,120.74803,-1,66,0
874,2396,-49.62570007,-22.04031202,28.04411,120.64767,28.03985,120.62173,7,51,0
340,1342,-5.751736399,51.69170115,27.99961,120.68514,28.00491,120.67627,4,75,0
1506,2686,-64.71741465,12.62186228,28.02799,120.66168,28.0508,120.683,7,273,0
204,490,2.197773125,-22.8739497,27.99015,120.62566,28.00307,120.6298,-1,12,0
1706,1824,41.09338947,-25.7831471,27.9208,120.70586,27.9227,120.70332,3,169,0
1088,2914,-29.29276223,10.27650336,28.016654,120.650607,28.01922,120.64427,3,118,0
2,2344,-15.40628225,-3.628401956,28.00506,120.63866,28.000843,120.64058,3,540,0
1115,2542,-25.15332162,-20.15023263,28.01941,120.61672,28.01903,120.61189,3,186,0
436,868,-16.05389189,51.32803259,28.01004,120.66769,28.01279,120.66871,3,2369,0
1856,2146,-34.99473097,-45.40798864,28.07457,120.58762,28.051431,120.600469,-1,2,0
1098,1189,-53.80816088,-32.98942432,28.0475,120.62333,28.04554,120.61485,7,8593,0
1860,2353,22.34189536,8.771619574,27.97729,120.68651,27.973777,120.682079,-1,2860,0
923,2151,-42.48850916,-26.78292301,28.06101,120.62576,28.06452,120.61682,-1,46,0
1783,2176,11.2184156,-9.548772606,27.96607,120.65206,27.95843,120.65338,5,18,0
1221,2116,-41.99816635,-39.28232595,28.074942,120.604791,28.04925,120.60197,-1,161,0
257,1275,-41.16433858,-52.59066936,28.076984,120.602335,28.1014,120.58443,9,2232,0
728,2373,1.346852696,8.251731101,27.98895,120.65771,27.99672,120.65264,-1,14,0
179,1108,44.00146337,-16.044557,27.92748,120.69689,27.924685,120.69711,3,3141,0
911,2882,39.85343492,23.60824939,27.96141,120.73461,27.970769,120.742755,10,44,0
636,2241,31.59253564,46.84406141,27.98612,120.70958,27.98751,120.72346,7,56,0
1994,2263,-9.544026558,10.46252663,27.992378,120.669665,28.00726,120.65848,-1,7,0
673,1900,-41.78264778,-45.51874245,28.05464,120.60495,28.06605,120.58485,-1,315,0
58,2796,37.06255817,20.4341545,27.97969,120.74181,27.97189,120.75195,10,16,0
637,954,-16.5011326,28.28626478,28.01522,120.68916,28.018214,120.672196,-1,35,0
89,2528,-40.26049243,14.42864355,28.0164,120.65703,28.023744,120.653645,-1,80,0
571,2220,-10.47960184,7.736084506,28.00238,120.65872,28.00312,120.65703,3,13,0
304,1454,45.4897601,-23.91936635,27.9225,120.70667,27.92271,120.7068,3,316,0
943,1439,21.9139375,39.54030211,27.98369,120.71502,28.005515,120.719495,7,4,0
42,1588,-32.58969856,34.19626852,28.0014,120.65569,28.00248,120.65588,3,327,0
338,2516,44.18344284,33.9249289,27.978332,120.738888,27.97841,120.73883,10,580,0
2214,2788,23.67581713,-7.000222209,27.9598,120.68203,27.96243,120.65546,5,25,0
750,2359,12.62942554,39.50676655,28.00685,120.70707,28.00191,120.70463,7,30,0
813,1713,-24.40912685,-18.29204801,28.01833,120.607999,28.01567,120.62619,-1,38,0
1506,1964,-64.64585596,13.84882376,28.02799,120.66168,28.05262,120.666572,7,37,0
269,2759,69.48932949,-11.27557481,27.96807,120.80604,27.96648,120.78929,2,509,0
1613,1880,9.513160425,38.35759143,28.00291,120.69868,28.00309,120.69862,7,28,0
466,2129,0.626745365,-10.86491379,27.993,120.6404,27.98951,120.64774,-1,20,0
243,916,-4.82710052,-4.812536698,28.000291,120.647161,28.01381,120.65692,3,8,0
803,2009,-53.23729879,13.48256689,28.02715,120.65114,28.04976,120.647462,7,33,0
2249,2321,0.655834281,32.87142055,27.997139,120.68626,28.00217,120.69033,4,120,0
895,2451,10.49288962,47.52112524,28.03688,120.73858,28.01596,120.72171,7,96,0
1378,2361,42.90773925,30.17338959,27.9833,120.74401,28.03623,120.76776,10,57,0
495,2589,33.829718,10.45084993,27.994253,120.830533,28.02612,120.83038,2,101,0
57,762,-19.69575304,-14.32382771,28.00954,120.61511,28.012025,120.618869,4,310,0
2115,2270,24.69101531,15.42421297,28.052577,120.797037,28.05695,120.78536,2,22,0
1401,1936,-27.64666859,19.30572899,28.01999,120.65209,28.0164,120.657,3,87,0
925,2767,-8.056121652,14.6074149,28.00554,120.66603,28.00293,120.64916,3,2,0
2037,2324,64.76513602,12.30830193,27.9208,120.84047,27.8722,120.8266,6,18,0
1070,2408,44.35677779,16.96352164,27.97374,120.7589,27.97638,120.75557,10,255,0
945,2394,63.63992237,21.38373267,27.87922,120.78748,27.86351,120.786,6,667,0
628,2254,59.35867743,-4.977292388,27.92742,120.82878,27.923401,120.816621,6,115,0
178,443,-26.80713276,8.07732601,28.01444,120.65108,28.01674,120.64688,3,12,0
526,1308,1.715107625,42.01227489,27.985748,120.682807,27.98404,120.68203,4,37,0
1232,2450,-65.65635173,6.463651993,28.04357,120.651564,28.04901,120.63968,7,411,0
1125,2262,-5.410873055,-23.55836976,27.987701,120.628236,27.987407,120.628236,8,1868,0
218,968,44.17523626,-35.53486345,27.92452,120.69166,27.92497,120.69109,3,777,0
143,2899,-42.83776509,8.012665982,28.04546,120.65895,28.02802,120.65472,7,25,0
2182,2351,15.29917071,-41.98227808,27.96515,120.61124,27.95215,120.60432,-1,89,0
1173,1515,-38.98756206,32.75712627,28.01246,120.65751,28.01034,120.65781,3,349,0
912,2901,31.78747768,5.403685735,27.98324,120.72334,27.97339,120.7071,10,28,0
164,2593,20.83842323,-10.25089844,27.95724,120.65969,27.96314,120.66947,5,49,0
77,413,-35.90026489,24.1436839,28.00743,120.64853,28.00904,120.647586,3,168,0
2426,2468,-34.9354411,10.54859001,28.0241,120.647393,28.022717,120.632107,3,41,0
1402,2535,-24.50770198,47.00068393,28.014576,120.681581,28.01377,120.68309,3,5497,0
1764,1787,20.6806317,-33.53426119,27.96875,120.60619,27.90939,120.56294,-1,281,0
155,2865,66.72509969,5.466807497,27.90066,120.82456,27.90471,120.82127,6,266,0
1161,2058,35.49837562,-47.92906156,27.90218,120.626462,27.87238,120.65735,3,110,0
1977,2003,-1.012143759,23.47072791,27.99753,120.67522,28.00191,120.67862,4,11,0
1594,2164,-35.56484191,40.38733876,28.013672,120.663632,28.01286,120.66582,3,186,0
881,1557,64.27395117,8.300948567,27.894444,120.813527,27.90165,120.81193,6,34,0
687,1397,4.582021328,58.25870751,28.006318,120.696659,28.00398,120.69828,7,262,0
1082,2122,-28.61169854,15.96222256,28.016688,120.655528,28.01469,120.65426,3,71,0
2236,2621,-6.162208407,22.44048299,27.9946,120.674,28.01036,120.67777,4,23,0
1624,2849,10.65871281,-40.24706013,27.971715,120.608414,27.92064,120.57853,-1,0,0
772,1385,-58.94053855,-22.15355313,28.05187,120.61117,28.05153,120.62762,7,992,0
1650,2188,-51.88551917,-6.521217828,28.020022,120.631375,28.02031,120.62527,4,3416,0
1427,2793,37.99067332,17.78244467,27.98011,120.74983,27.96841,120.73048,10,148,0
329,458,35.92029193,-50.99787817,27.86838,120.6556,27.87682,120.64507,3,1871,0
291,2087,-52.36965489,20.85684287,28.023257,120.659016,28.02363,120.66164,3,1911,0
1334,1737,-17.26041946,-52.23334929,28.0392,120.566,28.03968,120.57291,9,21,0
2538,2958,29.7982556,18.32348076,28.00886,120.77826,28.01508,120.78821,-1,1240,0
1520,2875,39.06284408,-22.76841102,27.92287,120.7033,27.92368,120.70347,3,63,0
437,1638,-8.332978211,41.47113658,27.98847,120.666286,27.99258,120.67111,4,280,0
309,1407,14.39890151,-27.74524417,27.95804,120.59516,27.97235,120.62717,-1,22,0
1093,2840,-23.08500571,-50.92949714,28.03228,120.58055,28.04323,120.58656,9,146,0
605,674,-8.221768929,-42.18257157,28.0258,120.57913,28.02488,120.58073,9,1144,0
946,1876,19.81892023,-41.00024199,27.94117,120.60038,27.954186,120.587915,10,367,0
1502,1638,-8.180410911,42.00791131,27.991292,120.664871,27.99258,120.67111,4,671,0
68,1455,-34.58290491,-18.7457303,28.02467,120.61708,28.03905,120.62757,-1,16,0
341,663,5.38759584,-1.105983407,27.98975,120.64468,27.97693,120.66377,-1,36,0
1927,2831,-40.94358362,-14.89785063,28.04626,120.62785,28.04021,120.64658,7,81,0
608,1536,2.968099055,-3.656561801,27.99367,120.69233,27.985,120.67851,4,13,0
234,751,-30.50976401,-13.91714256,28.01828,120.62547,28.02449,120.61195,-1,150,0
2007,2160,38.86003775,14.59180726,27.99715,120.77526,27.9668,120.7548,10,4,0
421,1524,60.25038619,1.574681842,27.91626,120.8268,27.91503,120.82542,6,14,0
870,1836,42.49446571,12.45481541,27.99111,120.78113,28.005414,120.763684,10,47,0
1020,2392,8.29854932,37.24305284,28.00029,120.70357,28.00878,120.68835,7,0,0
833,878,8.60633732,38.28407085,28.00262,120.7004,28.000355,120.697765,7,7,0
565,2229,-7.40176245,14.9169056,28.00841,120.66454,27.99852,120.65649,3,2,0
89,1419,-56.83265487,4.958041663,28.0164,120.65703,28.01125,120.62553,-1,2,0
1868,2927,29.72809281,16.77270169,28.019447,120.796853,28.02026,120.79958,2,301,0
257,1547,-37.91447797,-56.08568417,28.076984,120.602335,28.07752,120.5896,9,3606,0
1041,1581,64.29335269,3.178062218,27.909,120.82147,27.90633,120.81918,6,366,0
15,1969,-2.425549134,-12.03955795,27.97664,120.63227,28.00303,120.63895,-1,8,0
1373,1691,-38.36789968,40.49000984,28.01793,120.66445,28.01519,120.66268,3,1558,0
1034,2656,-42.27758483,9.077868964,28.027685,120.65985,28.024797,120.649708,7,42,0
1845,2944,27.12584407,35.6217485,27.99406,120.72557,27.99929,120.722247,7,64,0
803,1514,-41.79136667,3.627291075,28.02715,120.65114,28.039838,120.650314,7,46,0
1123,2536,-3.730947838,29.26505995,27.96552,120.64757,28.00726,120.6775,-1,51,0
1752,2092,-35.38895974,-5.733746258,28.0312,120.63393,28.0195,120.63455,-1,5,0
9,1005,-11.67461082,8.837220526,27.99378,120.6501,28.00628,120.65332,3,9,0
269,495,34.89691284,10.21540148,27.96807,120.80604,27.994253,120.830533,2,109,0
408,1455,-56.76120528,-21.91587202,28.05042,120.6339,28.03905,120.62757,7,360,0
166,442,56.06314111,-9.236144999,27.93672,120.83867,27.92124,120.83163,6,481,0
224,2557,-11.95854471,34.84818322,28.01492,120.66976,28.014329,120.680824,3,282,0
605,1444,-9.022657959,-37.16169962,28.0258,120.57913,28.019216,120.588125,9,59,0
450,2228,18.56069571,-33.93252484,27.96474,120.57156,27.94986,120.5872,-1,179,0
403,2756,24.02363391,5.269442327,27.98093,120.71034,27.98645,120.68772,-1,98,0
1109,1470,13.53989373,-0.331013344,27.97174,120.6766,27.97225,120.68006,5,1544,0
1885,2668,18.88241616,-41.7445671,27.96887,120.61609,27.94903,120.59549,-1,5,0
426,1298,-35.68384167,-0.086586037,28.025933,120.641498,28.01943,120.636564,-1,0,0
133,2325,23.75733572,-8.78432893,27.9535,120.69621,27.91782,120.69607,-1,2,0
1625,1849,63.77975162,7.372614009,27.91671,120.81301,27.89831,120.81286,6,51,0
883,2873,20.21634086,59.7811747,27.99238,120.73064,28.000323,120.727524,7,1213,0
284,2353,29.96263279,-19.50974211,27.92764,120.69437,27.973777,120.682079,-1,13,0
84,422,10.56922503,49.94106421,28.01988,120.68913,28.00525,120.70299,7,18,0
224,2894,-28.82750152,43.08974882,28.01492,120.66976,28.01941,120.67004,3,377,0
306,1903,36.39282177,-37.53122631,27.93177,120.67802,27.92249,120.67905,-1,231,0
974,1079,18.10052867,44.79250168,27.999273,120.72067,28.00471,120.71764,7,2,0
1871,2543,9.480319213,5.714912096,27.96874,120.65488,27.978448,120.671401,5,105,0
1347,2493,-24.45193838,13.55032526,28.01058,120.65406,28.01736,120.65303,3,56,0
2393,2406,-33.27819463,-2.569858215,28.02026,120.63522,28.01983,120.63469,3,4,0
237,1089,-13.06915235,-42.54175287,28.023421,120.592786,28.02804,120.57818,-1,249,0
55,1693,30.51617424,-53.23143015,27.85781,120.66563,27.85534,120.66953,3,42106,0
467,1939,-6.448236708,54.2058072,28.012398,120.68848,28.00197,120.68016,-1,59,0
541,685,2.051638299,-38.22731027,27.96193,120.60948,27.97822,120.56591,-1,9,0
415,2528,-46.24994352,19.07992645,28.01975,120.65219,28.023744,120.653645,-1,1090,0
876,2733,-47.21944211,-0.091286586,28.01851,120.63892,28.019524,120.631948,3,240,0
1785,2905,-17.69271671,-55.40511306,28.043723,120.575415,28.04372,120.57542,9,107,0
482,1052,47.3579152,28.02657027,27.97359,120.74776,27.97486,120.72843,10,799,0
836,1560,-25.79544668,-31.30042164,28.02242,120.60801,28.034241,120.588717,-1,145,0
1698,2180,3.307105311,-12.58258138,27.95861,120.665556,27.98333,120.65125,5,75,0
148,1228,73.27137967,16.77924581,27.87141,120.8205,27.873505,120.818568,6,2224,0
1122,2303,53.05307022,1.962002161,27.9304,120.80754,27.90821,120.80227,6,0,0
103,1958,-45.63997679,32.66566596,28.01732,120.6582,28.01842,120.65967,3,455,0
379,1768,73.53932481,14.93622761,27.87831,120.82092,27.87577,120.82258,6,1563,0
2355,2955,-26.03464815,38.04970497,28.02099,120.66672,28.02188,120.66555,3,1264,0
1582,2214,25.82242154,-5.097799221,27.96936,120.67444,27.9598,120.68203,5,505,0
1275,1896,-40.82597815,-52.82347011,28.1014,120.58443,28.10296,120.57827,9,10251,0
646,2629,-23.54483296,37.77794642,28.02101,120.67872,28.024983,120.66739,3,4,0
466,2373,-0.922817416,-13.79539215,27.993,120.6404,27.99672,120.65264,-1,44,0
1969,2431,-17.27371483,-4.518914097,28.00303,120.63895,28.0053,120.633,3,1012,0
1464,1510,-48.91085463,-1.129618926,28.02237,120.63238,28.023269,120.632426,-1,22,0
1398,2087,-17.70336077,-35.08254278,28.02438,120.60303,28.02363,120.66164,3,613,0
124,1446,4.278903385,-24.99321224,27.99261,120.62341,27.98015,120.60519,8,21,0
1692,2879,-40.23956007,-12.3708411,28.0404,120.64565,28.040077,120.644167,7,25,0
47,911,44.16487471,16.32738792,27.97433,120.75967,27.96141,120.73461,10,69,0
2424,2787,-6.666029483,21.38870474,28.01008,120.67058,28.00461,120.6752,-1,22,0
1331,2197,-45.25690967,-44.81361536,28.07361,120.61293,28.04449,120.62163,-1,118,0
606,2053,-13.96220445,-6.497964663,28.004829,120.6409,28.01003,120.63016,-1,58,0
2297,2902,34.85713102,-21.59717248,27.92659,120.71116,27.92072,120.70621,3,45,0
331,2188,-54.61478871,-6.058403552,28.03958,120.62042,28.02031,120.62527,-1,41,0
653,1560,-16.23610613,-47.26761198,28.03924,120.56603,28.034241,120.588717,9,86,0
539,2712,-26.7532649,8.742166956,28.01516,120.65303,28.01694,120.64891,3,0,0
1130,1419,-39.95288157,-4.554793421,28.02327,120.63423,28.01125,120.62553,-1,33,0
403,1895,30.26464993,42.45988185,27.98093,120.71034,27.96905,120.70307,-1,2133,0
436,1049,-8.09039553,20.99995492,28.01004,120.66769,28.00814,120.66242,3,0,0
1082,1176,-28.48531323,15.47847488,28.016688,120.655528,28.01711,120.65265,3,118,0
367,2094,1.588805954,-50.61835093,27.99233,120.60381,27.992,120.60987,8,4606,0
1347,2528,-15.01884611,18.75074262,28.01058,120.65406,28.023744,120.653645,-1,18,0
819,2046,66.33723979,1.470884019,27.91736,120.79806,27.88702,120.81085,6,5,0
529,1290,3.868256916,32.61593144,28.01174,120.68077,28.003203,120.691994,-1,2,0
2046,2274,74.81486924,13.48868214,27.88702,120.81085,27.87983,120.81482,6,2982,0
1040,2451,16.75295279,48.59220455,28.00744,120.72163,28.01596,120.72171,7,39,0
895,2690,6.417983176,68.97834223,28.03688,120.73858,28.00749,120.70643,7,2,0
954,1160,-37.49126123,41.33757895,28.018214,120.672196,28.01525,120.66252,3,78,0
2000,2123,35.30246893,-23.00268911,27.92247,120.70628,27.92383,120.67387,3,4,0
188,1871,8.766724791,-7.203513564,27.97988,120.63103,27.96874,120.65488,-1,34,0
821,1691,-21.1758171,24.40543536,28.01598,120.66481,28.01519,120.66268,3,34,0
758,935,7.141356679,24.13376846,27.99542,120.68153,27.97987,120.68111,4,6,0
741,956,10.6493611,-15.7522011,27.95095,120.65688,27.97159,120.65547,5,50,0
585,1248,6.921481582,53.3306855,28.00115,120.70215,28.002061,120.703124,7,165,0
234,2921,-34.61199356,-7.636480923,28.01828,120.62547,28.04626,120.62812,-1,11,0
258,2059,3.403031272,-27.46365794,27.986706,120.608952,27.987233,120.614505,8,14,0
1474,1560,-20.64655748,-43.25044053,28.02436,120.58545,28.034241,120.588717,9,1929,0
359,1521,-9.303540096,15.31957202,28.0113,120.6614,28.00551,120.66263,3,30,0
19,758,8.362799727,10.78623533,27.98443,120.66958,27.99542,120.68153,4,46,0
539,2581,-43.24013116,18.6942946,28.01516,120.65303,28.020019,120.648575,3,139,0
818,1753,17.17779878,-13.43504805,27.94749,120.64401,27.96526,120.65283,5,37,0
1806,2300,17.36517793,43.95686561,27.971111,120.759166,27.99832,120.72424,-1,12,0
1373,2701,-14.99110733,17.88516389,28.01793,120.66445,28.0144,120.6591,3,162,0
1440,2422,62.23643652,-6.696921073,27.92653,120.78661,27.93079,120.82979,6,0,0
57,2049,-31.33716518,-8.509572878,28.00954,120.61511,28.01711,120.63167,4,24,0
442,2966,58.06797698,-6.938582196,27.92124,120.83163,27.90319,120.81717,6,203,0
2679,2757,51.18209627,-10.87096115,27.96428,120.80753,27.95417,120.82421,-1,1071,0
1460,2103,6.416688821,-21.15201075,27.985304,120.632788,27.98211,120.59701,8,12,0
709,1511,42.06341067,34.45240341,27.97153,120.73361,27.97302,120.73654,10,11224,0
221,477,28.73108097,34.49714196,28.00742,120.71768,27.994763,120.731284,7,13,0
2113,2628,-14.60070834,30.54857168,28.016667,120.67753,28.01511,120.67465,3,6,0
1248,2359,7.281892118,53.82404122,28.002061,120.703124,28.00191,120.70463,7,176,0
1887,2420,0.097335317,-27.38721098,27.98792,120.61761,27.98362,120.61785,8,125,0
235,1049,-7.853591743,11.10634635,28.00874,120.65984,28.00814,120.66242,3,7,0
1582,1855,12.11501709,14.30208637,27.96936,120.67444,27.98606,120.67631,-1,102,0
87,2123,33.30308652,-34.56366652,27.92144,120.6877,27.92383,120.67387,3,99,0
515,1576,13.32949608,-44.83055681,27.96781,120.62801,27.970529,120.613192,8,103,0
684,2219,37.08816646,-49.3794208,27.88258,120.62827,27.88424,120.6382,3,17854,0
1261,2120,-33.72627948,33.04773981,28.00417,120.65509,28.00312,120.65388,3,268,0
89,264,-44.70581176,33.46803231,28.0164,120.65703,28.01535,120.66232,3,498,0
1572,2517,-31.94438204,-32.50123942,28.02693,120.60664,28.08227,120.59052,-1,2,0
387,2640,-11.5427178,-41.61055358,28.0246,120.58292,28.02725,120.57841,9,27,0
561,2528,-35.58490214,1.456257617,28.02374,120.641626,28.023744,120.653645,-1,74,0
2087,2323,-60.6484483,4.314573435,28.02363,120.66164,28.02463,120.6447,-1,10,0
944,2239,-1.052884825,34.23836257,27.99887,120.68096,28.00222,120.68192,4,118,0
784,2890,-31.32917299,-3.328217551,28.020289,120.63671,28.02424,120.6348,3,15,0
2086,2439,-15.43809836,-58.4529537,28.03771,120.57585,28.04261,120.57226,9,7830,0
1544,2679,51.17303899,-9.914126586,27.94688,120.81569,27.96428,120.80753,-1,578,0
1465,2725,-40.90327141,-53.78326996,28.090984,120.588938,28.08578,120.59077,9,2078,0
2185,2351,15.29071488,-44.06159416,27.97251,120.60263,27.95215,120.60432,-1,258,0
585,2074,18.76942211,32.7199735,28.00115,120.70215,27.986124,120.709577,7,7,0
603,1187,11.38122175,-26.5881503,27.97164,120.62661,27.96331,120.66311,-1,20,0
147,1590,-19.82829019,-27.63253369,28.01625,120.60085,28.02239,120.59436,3,134,0
278,727,8.864054333,40.24853613,28.00309,120.69882,28.00933,120.69355,7,8,0
1795,2486,-68.56065654,11.09048437,28.05247,120.66674,28.04854,120.66293,7,761,0
320,1100,-16.85090146,-13.87034049,28.007536,120.616401,28.00741,120.61911,4,7,0
865,1501,-47.3927618,-38.18625306,28.0464,120.604,28.05557,120.61784,7,336,0
1764,2668,15.81830135,-44.7930696,27.96875,120.60619,27.94903,120.59549,-1,30,0
688,1020,9.845367387,35.0846156,28.008405,120.68283,28.00029,120.70357,-1,68,0
1455,2092,-37.00108106,-7.234902743,28.03905,120.62757,28.0195,120.63455,-1,4,0
317,1506,-39.91992044,13.73325876,28.01994,120.655,28.02799,120.66168,-1,129,0
1409,2137,-34.10592541,7.488393976,28.02498,120.65306,28.04852,120.65349,7,0,0
633,1472,27.21724337,42.63031019,27.98491,120.70392,27.99188,120.69412,4,18,0
653,1334,-17.01729741,-55.98326199,28.03924,120.56603,28.0392,120.566,9,842,0
353,865,-46.94219395,-38.98969106,28.04744,120.60876,28.0464,120.604,7,15420,0
375,1879,-5.645757034,50.54118788,28.00026,120.68107,27.999526,120.680665,4,308,0
1796,2888,-46.29492377,-27.47837829,28.04071,120.63988,28.05349,120.61286,7,74,0
1791,2138,63.04492575,23.91886967,27.86862,120.78313,27.87481,120.78795,6,3471,0
552,1682,47.81566806,24.14325323,27.96536,120.74141,27.96568,120.73665,10,51916,0
819,1371,52.44178902,0.969633011,27.91736,120.79806,27.92806,120.80173,6,79,0
1865,2637,29.04489236,33.34673803,27.97506,120.73909,27.99476,120.73128,-1,32,0
437,2383,1.632065472,14.86887804,27.98847,120.666286,27.99134,120.67277,4,2,0
2253,2906,-33.15142709,-51.87087741,28.0915,120.55189,28.08007,120.56796,9,36,0
746,2520,30.22923086,-21.39710834,27.94545,120.66986,27.92895,120.69631,-1,72,0
1578,2351,14.77080989,-31.85747242,27.97058,120.5853,27.95215,120.60432,-1,11,0
1015,1429,-26.10247741,-22.11787516,28.02245,120.61239,28.019912,120.604277,3,333,0
2303,2496,71.47711384,-3.848106789,27.90821,120.80227,27.94412,120.76969,-1,542,0
490,2778,-12.41790464,-6.684705344,28.00307,120.6298,27.99859,120.64039,3,25,0
1100,2049,-50.29733975,-4.75495241,28.00741,120.61911,28.01711,120.63167,4,55,0
1401,1415,-24.47420134,2.542125816,28.01999,120.65209,28.01447,120.64201,3,6,0
1007,1699,17.77755807,11.33048705,27.96558,120.68672,27.97659,120.67899,5,740,0
1233,1474,-7.399123005,-31.63618296,28.01428,120.58353,28.02436,120.58545,9,449,0
599,1644,38.28340686,35.83434989,27.97321,120.72684,27.97549,120.72917,10,105,0
704,2344,-16.3390745,-0.717003962,28.001326,120.643433,28.000843,120.64058,3,947,0
1006,1765,6.277804389,-54.75609507,27.99467,120.56692,27.9931,120.58597,8,151,0
1216,2312,43.07240333,-29.91015884,27.91978,120.70622,27.92006,120.70628,3,463,0
273,415,-45.88568555,17.87750981,28.02613,120.64691,28.01975,120.65219,-1,701,0
305,1938,-41.81484593,22.80834296,28.008511,120.618079,28.01832,120.65141,-1,14,0
2,1670,-16.89186006,-5.032735641,28.00506,120.63866,28.00788,120.63732,3,307,0
2408,2873,42.3212004,14.97547863,27.97638,120.75557,28.000323,120.727524,-1,17,0
1241,1936,2.679748155,-5.188857528,28.01972,120.656976,28.0164,120.657,3,11,0
815,2588,-8.494013396,-45.84280338,28.022225,120.579329,28.02213,120.5743,9,8992,0
87,170,35.63039737,-29.7759797,27.92144,120.6877,27.92087,120.70636,3,144,0
486,1852,46.35572362,22.4137352,27.97508,120.74612,27.96059,120.7497,10,582,0
258,1215,1.985827203,-48.87159683,27.986706,120.608952,27.98702,120.60848,8,1138,0
1868,2488,30.38638413,14.66564468,28.019447,120.796853,28.01749,120.80122,2,32,0
744,1092,11.57496971,-6.30630248,27.96358,120.66496,27.96187,120.66042,5,59,0
1053,1950,35.25727464,46.08514789,27.99068,120.7167,27.99139,120.71952,7,24561,0
1349,1416,-35.38778697,19.33624213,28.01544,120.64648,28.01137,120.64581,3,17,0
758,2099,-2.805745831,47.29965672,27.99542,120.68153,27.99084,120.68506,4,413,0
1178,1724,2.87988609,52.76409703,27.99689,120.69531,28.00258,120.70728,-1,110,0
1793,2125,18.02391944,47.8439381,28.00591,120.71482,28.005059,120.711717,7,80,0
2292,2453,-20.20325755,-49.43958273,28.04572,120.58643,28.04644,120.60417,-1,5,0
1528,2092,-45.5874799,-1.713126526,28.01484,120.64575,28.0195,120.63455,3,55,0
556,705,-6.312263907,-12.87236066,27.99014,120.62903,28.00227,120.63088,-1,28,0
244,1136,-65.17538428,19.96646607,28.08021,120.69711,28.04624,120.66456,-1,4,0
1821,2305,47.6584657,31.93392097,27.98011,120.74803,27.98543,120.73922,10,1058,0
970,1303,-14.28699364,29.75913514,28.014998,120.674961,28.01437,120.67395,3,9,0
2198,2862,-22.31995496,-12.02246674,28.01139,120.622331,28.01436,120.62323,4,121,0
812,2349,-19.71818412,13.5538587,28.01375,120.6551,28.01461,120.65761,3,68,0
1234,2463,-2.665268475,0.378706163,27.85546,120.58667,27.86522,120.59837,0,7027,0
331,1494,-48.44644986,-17.69689605,28.03958,120.62042,28.04977,120.64759,7,67,0
448,1429,-24.59031753,-22.27603776,28.024644,120.599644,28.019912,120.604277,3,151,0
1374,2318,-33.34909435,14.2610157,28.01676,120.64987,28.0217,120.647,3,136,0
204,584,-4.238322794,-24.9866084,27.99015,120.62566,27.99383,120.62841,8,10687,0
2004,2653,-38.13623851,-41.26593765,28.05469,120.58692,28.03697,120.58917,9,63,0
273,960,-32.53074431,6.84784476,28.02613,120.64691,28.021679,120.650433,-1,5,0
1169,2483,-19.5036215,-24.65302972,28.01606,120.6036,28.02455,120.61196,3,14,0
770,2312,38.24018035,-28.27334556,27.921591,120.704296,27.92006,120.70628,3,40,0
1683,2788,25.11124074,-11.76114709,27.95708,120.67304,27.96243,120.65546,5,284,0
709,2479,40.85563893,33.84702387,27.97153,120.73361,27.95756,120.72822,10,157,0
217,604,-9.999027093,-26.03455452,28.01578,120.59444,28.015777,120.594444,3,9676,0
183,440,-10.61338957,3.223598737,27.995578,120.650046,28.00029,120.64716,3,21,0
935,2224,16.45942018,14.03731881,27.97987,120.68111,27.98445,120.67253,4,2748,0
1683,2319,7.82128339,-33.81005842,27.95708,120.67304,27.97631,120.60491,-1,3,0
29,2446,-1.270303458,14.3441745,27.9926,120.671,27.98763,120.66308,4,20,0
838,2968,-26.67241223,9.95789619,28.01758,120.65251,28.02802,120.6546,-1,2,0
1544,2226,52.67715351,-10.11233309,27.94688,120.81569,27.95539,120.82859,6,620,0
1105,1415,-23.73791365,4.434505558,28.00791,120.64843,28.01447,120.64201,3,35,0
2201,2756,0.519116037,37.33571273,27.99446,120.68161,27.98645,120.68772,4,6,0
1575,1807,-40.25604154,-11.84119636,28.03973,120.6399,28.040568,120.63282,7,98,0
1248,2815,7.777270342,51.02835348,28.002061,120.703124,28.00165,120.70452,7,23,0
674,1778,-8.410146571,-43.22622625,28.02488,120.58073,28.024885,120.580733,9,84,0
93,512,12.14144036,-14.45805442,27.95117,120.66753,27.96138,120.66311,5,26,0
290,2415,-18.47505328,14.38781281,28.01162,120.65943,28.02,120.655,3,4,0
1759,1964,-64.24632446,14.53257488,28.018481,120.682668,28.05262,120.666572,-1,0,0
1007,2248,25.34006432,0.53575633,27.96558,120.68672,27.97512,120.69186,-1,1745,0
761,1217,-51.19700547,5.741938601,28.02569,120.64175,28.02385,120.64132,-1,772,0
576,1988,-48.20116803,-1.460100059,28.02002,120.63138,28.01854,120.63879,3,192,0
1030,2830,-28.83314434,22.91033176,28.02341,120.66131,28.02312,120.6603,3,206,0
1944,2668,20.71047008,-43.75539906,27.97112,120.57378,27.94903,120.59549,-1,76,0
1230,2323,-35.63000086,3.868150895,28.02816,120.65689,28.02463,120.6447,7,26,0
1308,1843,17.86160652,14.96352919,27.98404,120.68203,27.983923,120.680378,4,3075,0
1590,1626,-15.23825367,-24.85917648,28.02239,120.59436,28.01389,120.60169,3,104,0
675,2447,30.8887422,-43.49491222,27.91318,120.6689,27.907332,120.673448,3,42,0
912,2186,25.55545867,34.57737037,27.98324,120.72334,27.99188,120.7165,-1,8,0
532,2487,38.70274565,34.82702009,27.972365,120.730631,27.96889,120.72583,10,116,0
2179,2290,-10.33175301,-28.43926051,28.0058,120.593,28.01109,120.5954,3,1044,0
2180,2428,4.786402823,-17.08451716,27.98333,120.65125,27.98819,120.6531,5,6084,0
966,2779,65.05276297,0.838935642,27.918388,120.823666,27.9069,120.82629,6,505,0
464,502,9.974667167,-20.05356881,27.9659,120.64111,27.975415,120.651576,-1,0,0
364,604,-8.195938815,-32.07506963,28.01704,120.5833,28.015777,120.594444,-1,344,0
124,496,3.872615045,-24.63805198,27.99261,120.62341,27.993833,120.628333,8,18,0
1388,1492,-41.22278909,1.212833169,28.01822,120.64711,28.02508,120.63816,-1,20,0
774,2328,68.11290224,12.59144017,27.88389,120.81707,27.88837,120.81206,6,37,0
692,1628,7.312072173,40.38588828,28.00622,120.6991,28.01497,120.68572,7,8,0
1397,1613,6.102869524,53.80746843,28.00398,120.69828,28.00291,120.69868,7,121,0
1628,2392,-21.62113728,47.00852049,28.01497,120.68572,28.00878,120.68835,7,67,0
803,2552,-45.49251801,11.6538412,28.02715,120.65114,28.02662,120.64918,7,46,0
1501,2743,-45.35394376,-27.75805932,28.05557,120.61784,28.049957,120.622963,7,24,0
657,835,32.48236273,-51.48183834,27.878795,120.706921,27.87789,120.68776,3,488,0
1079,1681,17.65114834,53.22308333,28.00471,120.71764,28.005277,120.718888,7,32,0
308,2517,-37.80965099,-58.69654969,28.07118,120.58698,28.08227,120.59052,9,331,0
844,868,-15.83145914,51.21555887,28.00813,120.67287,28.01279,120.66871,3,112,0
691,2440,-21.5007718,-48.71752626,28.05782,120.58736,28.043033,120.586455,9,27,0
1578,1787,17.73004367,-30.42944521,27.97058,120.5853,27.90939,120.56294,-1,44,0
287,1204,0.256057624,-22.01797914,27.986822,120.630326,27.94777,120.6125,-1,20,0
423,680,51.98329849,-4.970912928,27.962446,120.822852,27.95109,120.83505,6,51,0
279,524,44.93644283,34.08252195,27.98465,120.73383,27.98139,120.7382,10,254,0
830,1496,19.9659377,4.343838607,27.97997,120.68921,27.97767,120.70127,4,13,0
1588,2263,-32.21055779,33.44911673,28.00248,120.65588,28.00726,120.65848,3,221,0
22,2713,55.20930429,0.864004659,27.921557,120.82208,27.9236,120.82555,6,29,0
2338,2946,61.71851124,1.412308146,27.91182,120.82248,27.91587,120.81258,6,45,0
1470,1582,13.50410067,1.362925203,27.97225,120.68006,27.96936,120.67444,5,19933,0
780,1782,-1.22175646,53.84738228,28.01006,120.68043,27.997236,120.700653,-1,7,0
1273,2513,-37.91354721,-19.24353488,28.02347,120.61544,28.060569,120.603702,-1,34,0
1092,1885,10.39353286,-34.22582961,27.96187,120.66042,27.96887,120.61609,-1,2,0
1876,2228,21.73521678,-42.44927403,27.954186,120.587915,27.94986,120.5872,10,4388,0
448,2150,-27.7026711,-35.14436728,28.024644,120.599644,27.99711,120.58895,3,1206,0
532,599,39.83067977,34.99552881,27.972365,120.730631,27.97321,120.72684,10,2348,0
372,2080,-5.66273428,48.09301564,27.99629,120.68028,27.994449,120.671107,4,118,0
553,613,-0.229781342,-1.932032037,27.999,120.66,27.999,120.659,3,11,0
280,1221,-37.29325787,-48.67358618,28.07993,120.58958,28.074942,120.604791,9,11,0
1041,2865,63.90875905,3.297547249,27.909,120.82147,27.90471,120.82127,6,49,0
1569,2017,20.11792329,5.506745317,27.984146,120.678225,27.97928,120.68909,-1,26,0
1722,1924,64.91294211,15.35720218,27.87744,120.7991,27.86419,120.81517,6,34,0
1015,2840,-48.45338477,-33.07079939,28.02245,120.61239,28.04323,120.58656,-1,45,0
333,416,17.37405574,53.01072218,28.00769,120.71887,28.007694,120.718867,7,18,0
956,1870,-4.978503753,6.660366192,27.97159,120.65547,27.99576,120.6574,-1,11,0
2028,2040,53.81929112,1.171740911,27.92122,120.80887,27.92457,120.81572,6,123,0
755,1647,43.06162588,-18.87089059,27.928,120.698,27.92515,120.70447,3,432,0
47,759,48.60954109,19.79203233,27.97433,120.75967,27.97238,120.74249,10,200,0
408,1927,-60.2251331,-21.5944117,28.05042,120.6339,28.04626,120.62785,7,3223,0
859,972,36.60088609,-7.977368771,27.95386,120.68203,27.94366,120.68317,5,15577,0
811,1110,39.82086817,-13.92394231,27.92878,120.69672,27.946867,120.69923,-1,128,0
1460,2446,-1.34266121,9.551643906,27.985304,120.632788,27.98763,120.66308,-1,2,0
412,684,32.59747891,-45.05623617,27.91108,120.67813,27.88258,120.62827,3,12,0
338,797,35.25674763,27.62582671,27.978332,120.738888,27.97373,120.74409,10,29,0
1596,2581,-44.38022133,14.44212786,28.027266,120.655901,28.020019,120.648575,-1,77,0
1643,2550,-0.610807873,-29.32552514,27.98054,120.61279,27.98622,120.61752,8,687,0
541,1495,13.13959305,-36.55795533,27.96193,120.60948,27.95745,120.62666,-1,668,0
2144,2696,38.5800747,-24.28847692,27.92809,120.70577,27.92345,120.70485,3,21,0
2621,2787,-0.09977356,29.28262993,28.01036,120.67777,28.00461,120.6752,4,4,0
841,2393,-32.75371553,-3.834218137,28.0171,120.63698,28.02026,120.63522,3,31,0
1391,2564,28.33284994,-0.620046988,27.95467,120.69939,27.96169,120.70433,10,7662,0
1321,2848,20.63995327,5.729628216,27.99863,120.68954,27.965369,120.686131,-1,10,0
48,1373,-23.49019231,34.23969242,28.01947,120.67661,28.01793,120.66445,3,258,0
340,1321,-4.154913733,51.19698694,27.99961,120.68514,27.99863,120.68954,4,251,0
1624,2718,5.974977275,-30.00538146,27.971715,120.608414,27.94477,120.59481,-1,2,0
331,1400,-25.25806917,-19.65880235,28.03958,120.62042,28.01833,120.60806,-1,196,0
615,2236,-7.15656466,44.93711712,27.99109,120.67677,27.9946,120.674,4,2716,0
509,906,-10.50014216,29.91390913,28.01374,120.68025,28.01211,120.69386,-1,2,0
99,196,-44.89199747,-13.94767142,28.04406,120.65321,28.04336,120.653,7,9,0
1273,1703,-48.32289642,-28.38064563,28.02347,120.61544,28.0483,120.62027,-1,58,0
1413,2858,8.141074207,36.67586311,27.995897,120.699285,27.995808,120.698644,-1,81,0
335,1187,23.57981945,-9.624830193,27.93483,120.66784,27.96331,120.66311,5,60,0
801,1693,31.37849765,-53.1153575,27.87582,120.66951,27.85534,120.66953,3,471,0
609,2576,-36.26294363,-18.6071924,28.02096,120.62016,28.02963,120.5999,3,6,0
104,147,-19.71695067,-27.99305332,28.0211,120.601,28.01625,120.60085,3,328,0
328,832,-63.8037731,16.19979355,28.05929,120.65781,28.05231,120.68005,7,117,0
1015,1736,-50.94722632,-33.19057194,28.02245,120.61239,28.029592,120.6244,-1,520,0
454,2149,4.653245075,-0.964802919,27.98,120.66708,27.98472,120.69611,-1,25,0
309,464,13.21442999,-25.89724797,27.95804,120.59516,27.9659,120.64111,-1,8,0
1440,1810,71.9940833,-6.862830188,27.92653,120.78661,27.934862,120.767714,-1,160,0
1138,1789,-39.55309711,-46.96729045,28.05708,120.58299,28.09369,120.58816,9,2,0
421,1218,64.4472371,-12.14750136,27.91626,120.8268,27.91539,120.8198,6,1298,0
405,1472,10.89456343,20.79182599,27.989232,120.680662,27.99188,120.69412,4,0,0
1305,1581,64.13407529,-4.30513424,27.92668,120.81126,27.90633,120.81918,6,0,0
1388,1862,-28.84460341,9.184168808,28.01822,120.64711,28.01287,120.64928,3,78,0
347,1948,44.9803023,20.32759005,27.98785,120.71681,27.96583,120.74971,-1,62,0
726,2180,-11.06508395,2.757744489,28.00074,120.64324,27.98333,120.65125,-1,14,0
1119,2420,-1.454369818,-27.79022346,27.98495,120.62353,27.98362,120.61785,8,948,0
1699,2190,16.09681129,12.26075019,27.97659,120.67899,27.98235,120.67423,5,4622,0
1329,2333,-14.12717549,22.34418381,28.02655,120.65947,28.02407,120.66508,-1,28,0
3,779,-26.65782214,-45.25839927,28.03927,120.5877,28.03387,120.594038,9,1079,0
588,2819,10.1134765,19.36561961,27.98547,120.68291,27.98575,120.68281,4,38,0
470,1089,-35.12432197,10.99826715,28.024081,120.646811,28.02804,120.57818,-1,11,0
77,824,-16.91542188,-2.190627811,28.00743,120.64853,28.002956,120.643807,3,1631,0
264,436,-8.801805442,21.12799826,28.01535,120.66232,28.01004,120.66769,3,19,0
340,445,3.347812352,26.35573492,27.99961,120.68514,27.99681,120.68119,4,59,0
599,1180,30.29375698,24.63662268,27.97321,120.72684,27.97777,120.70138,-1,7,0
152,749,48.00127739,-0.430551227,27.91139,120.82389,27.9345,120.76993,-1,12,0
182,1590,-14.16027769,-38.36171281,28.01939,120.61656,28.02239,120.59436,3,24,0
1859,2560,70.19662432,19.00599523,27.87212,120.80789,27.86448,120.80129,6,418,0
1889,2417,-29.91305956,7.018148721,28.01442,120.65841,28.01324,120.6611,3,4,0
9,1770,-9.618953345,0.226117651,27.99378,120.6501,27.9963,120.64532,3,39,0
295,1883,-10.32394613,-39.9865539,28.02333,120.57606,28.02719,120.57728,9,20,0
2570,2966,73.88741402,3.9461291,27.8882,120.80334,27.90319,120.81717,6,764,0
487,872,5.881486168,11.36640873,27.98776,120.67428,27.98477,120.64882,-1,65,0
500,1376,21.24783261,45.79388094,27.99978,120.7112,27.99176,120.72451,7,18,0
1262,1364,3.414522083,4.895539951,27.98453,120.66027,27.986295,120.662053,4,476,0
2089,2848,5.460958122,-11.94196577,27.970224,120.651685,27.965369,120.686131,5,13,0
1419,2778,-8.872906926,-7.477281289,28.01125,120.62553,27.99859,120.64039,-1,33,0
1385,2304,-53.53492303,-19.14543945,28.05153,120.62762,28.04617,120.63678,7,158,0
844,1606,-14.88262093,52.53572759,28.00813,120.67287,28.01492,120.67488,3,0,0
1584,2714,74.26222967,8.179994519,27.89209,120.81396,27.8832,120.80518,6,785,0
1837,1923,-7.160839487,-18.63185098,27.98603,120.63754,27.99631,120.64437,-1,1221,0
143,595,-15.19227938,32.36803957,28.04546,120.65895,28.01681,120.67808,-1,5,0
790,823,22.25698259,-13.56002628,27.95053,120.66517,27.9511,120.66043,5,4082,0
463,1031,-15.40707567,-43.90536269,28.02702,120.57609,28.036972,120.589166,9,51,0
1360,2564,20.67593187,1.615819281,27.993854,120.698744,27.96169,120.70433,-1,8,0
1373,2955,-24.93195869,36.75134132,28.01793,120.66445,28.02188,120.66555,3,394,0
1698,2022,18.43714088,-14.04992318,27.95861,120.665556,27.94096,120.64958,5,62,0
677,1008,-36.50750848,-22.70413675,28.040628,120.619569,28.06212,120.60705,-1,28,0
1399,1654,-29.47041656,-33.5623322,28.024487,120.608733,28.02792,120.60131,3,116,0
489,773,-6.256555111,43.39300981,27.99167,120.67799,27.989406,120.673557,4,194,0
705,1837,-3.080614055,-17.34543729,28.00227,120.63088,27.98603,120.63754,-1,33,0
340,2282,6.606479896,25.81500835,27.99961,120.68514,27.99125,120.69051,4,0,0
916,1515,-39.57052962,33.46514607,28.01381,120.65692,28.01034,120.65781,3,3119,0
1323,1727,63.64858135,11.95889777,27.85707,120.81238,27.91218,120.83617,6,0,0
2065,2507,-61.66708531,11.49544743,28.03893,120.65902,28.02519,120.66642,-1,15,0
1164,1575,-59.89625393,7.446504588,28.04057,120.64705,28.03973,120.6399,7,38,0
1633,2021,34.94864648,-29.61550461,27.921943,120.703398,27.92043,120.68424,3,114,0
382,1990,-27.27684179,22.62483854,28.01967,120.6623,28.02045,120.65999,3,167,0
1865,2774,38.92076232,21.38802199,27.97506,120.73909,27.96407,120.76438,10,23,0
60,1983,71.92868547,7.965002421,27.89629,120.80392,27.88689,120.80628,6,514,0
909,2788,14.23542701,-18.75541284,27.95992,120.64877,27.96243,120.65546,5,8578,0
332,2599,3.054848096,30.02267964,28.00341,120.68731,28.00304,120.66839,-1,6,0
185,1106,-23.99644902,-32.13567141,28.021498,120.59653,28.02311,120.59937,3,198,0
489,1994,1.75946647,15.17384347,27.99167,120.67799,27.992378,120.669665,4,57,0
688,1769,-6.282185909,25.3446556,28.008405,120.68283,27.998722,120.707177,-1,203,0
1962,2145,32.64551365,-13.77951898,27.89658,120.7334,27.93258,120.73604,3,541,0
821,1373,-18.16316114,21.19951541,28.01598,120.66481,28.01793,120.66445,3,104,0
436,1991,-6.499399151,21.87885671,28.01004,120.66769,28.00104,120.67237,3,16,0
709,2798,31.98114135,25.45160369,27.97153,120.73361,27.96855,120.72659,10,56,0
909,2446,-3.058846893,12.06388795,27.95992,120.64877,27.98763,120.66308,-1,7,0
911,2479,39.04752359,0.823844135,27.96141,120.73461,27.95756,120.72822,10,15791,0
608,2512,-0.766058508,24.48880234,27.99367,120.69233,27.99935,120.67604,4,96,0
2188,2745,-35.235622,-8.296270999,28.02031,120.62527,28.02921,120.62987,-1,0,0
417,656,14.36779561,-34.21823548,27.95978,120.59707,27.96161,120.59217,10,153,0
2094,2319,3.398542677,-47.21019869,27.992,120.60987,27.97631,120.60491,8,121,0
213,556,-24.2962607,-4.344580007,28.01009,120.63564,27.99014,120.62903,-1,2,0
954,2535,-16.25064671,33.03721197,28.018214,120.672196,28.01377,120.68309,3,106,0
4,367,0.445442149,-47.08070637,27.98663,120.61963,27.99233,120.60381,8,86,0
170,574,36.48020959,-21.65180442,27.92087,120.70636,27.93368,120.71241,3,34,0
1215,2094,3.919502726,-46.92397073,27.98702,120.60848,27.992,120.60987,8,2667,0
264,1558,-23.40424233,24.77912135,28.01535,120.66232,28.01502,120.66503,3,116,0
1492,2012,-42.11599118,1.075306883,28.02508,120.63816,28.02392,120.644412,-1,52,0
409,2342,44.07530959,21.53103841,27.95855,120.75661,27.96902,120.74658,10,192,0
1049,1700,-35.62793207,37.1546181,28.00814,120.66242,28.01007,120.66068,3,445,0
532,1133,32.23939932,25.97821247,27.972365,120.730631,27.97533,120.72453,10,108,0
646,868,-6.794212861,29.65239233,28.02101,120.67872,28.01279,120.66871,3,6,0
1398,1429,-23.59389673,-23.35049005,28.02438,120.60303,28.019912,120.604277,3,274,0
609,1500,-48.21449843,-28.60176397,28.02096,120.62016,28.05006,120.62061,-1,44,0
1351,1494,-60.38877895,-13.75910721,28.04387,120.63355,28.04977,120.64759,7,312,0
237,1900,-26.62277401,-51.9054536,28.023421,120.592786,28.06605,120.58485,-1,196,0
975,2080,-4.152648387,22.11834431,28.00397,120.67029,27.994449,120.671107,-1,46,0
2239,2561,0.961341472,29.43459677,28.00222,120.68192,28.00155,120.68023,4,2,0
1529,2547,-33.8815297,-50.99875335,28.10206,120.54994,28.077515,120.5896,9,55,0
500,2519,21.22785413,46.97537275,27.99978,120.7112,27.99715,120.70087,7,27,0
545,2134,11.38986003,-3.446823671,27.96676,120.65937,27.96349,120.65833,5,182,0
2471,2599,-6.967987083,17.04450234,28.00877,120.66836,28.00304,120.66839,3,47,0
450,2853,11.55711537,-51.55279178,27.96474,120.57156,27.97599,120.59211,8,401,0
1523,2469,16.21728261,46.54603842,28.00705,120.72174,28.00923,120.72917,7,44,0
1104,1947,-0.324106049,23.20249722,27.99923,120.67458,27.98803,120.67876,4,9,0
2224,2715,7.068549216,11.08479562,27.98445,120.67253,27.99435,120.66326,4,58,0
170,2902,40.90579694,-28.21868382,27.92087,120.70636,27.92072,120.70621,3,401,0
1133,1391,34.72399387,1.693651459,27.97533,120.72453,27.95467,120.69939,10,20,0
1506,2559,-21.12083712,5.574878039,28.02799,120.66168,28.01104,120.64986,-1,0,0
508,1488,-64.86819494,8.626268763,28.04337,120.65572,28.043371,120.655715,7,104,0
42,1975,-8.207641161,6.953952009,28.0014,120.65569,27.99941,120.66015,3,175,0
1624,2963,7.346948076,-37.71352782,27.971715,120.608414,27.98802,120.61588,8,77,0
1543,2829,28.11736911,17.67102804,28.03307,120.79284,28.02612,120.79589,2,1294,0
2300,2315,25.88352506,32.5481652,27.99832,120.72424,27.9939,120.72128,7,11,0
2189,2658,-27.92910732,-9.910104357,28.01722,120.63141,28.023438,120.62652,-1,23,0
1352,1834,73.42339499,11.4258348,27.878333,120.793611,27.87957,120.7999,6,380,0
844,1991,-7.6074697,36.34414099,28.00813,120.67287,28.00104,120.67237,3,270,0
283,943,27.17943025,26.22075646,27.98338,120.744,27.98369,120.71502,-1,2,0
746,1753,24.62244858,-9.941766189,27.94545,120.66986,27.96526,120.65283,5,40,0
1448,2619,15.30026668,31.51067135,27.99567,120.715,27.992814,120.696225,-1,0,0
971,2303,68.83080026,-3.676242255,27.92205,120.80111,27.90821,120.80227,6,2381,0
1347,1691,-30.32571264,20.88161174,28.01058,120.65406,28.01519,120.66268,3,143,0
159,972,27.10542057,-8.937053536,27.94833,120.66804,27.94366,120.68317,5,514,0
684,1279,33.93555931,-45.21217177,27.88258,120.62827,27.89941,120.63473,3,98,0
949,1148,-20.08525345,-54.05526898,28.042263,120.582178,28.0466,120.58511,9,395,0
142,2484,-37.02414634,-46.17461802,28.07201,120.60483,28.07449,120.5874,9,26,0
1774,2185,8.188016891,-39.08145005,27.99094,120.65242,27.97251,120.60263,-1,9,0
44,2088,-19.11155546,-8.21693808,28.008228,120.633894,28.00822,120.63366,3,4,0
972,2593,26.71987538,-7.937214323,27.94366,120.68317,27.96314,120.66947,5,137,0
412,2058,32.24865849,-45.27967709,27.91108,120.67813,27.87238,120.65735,3,91,0
609,1398,-50.71926613,-33.97934807,28.02096,120.62016,28.02438,120.60303,3,239,0
818,1839,18.94099643,-13.29938458,27.94749,120.64401,27.97706,120.75192,-1,4,0
696,1944,17.46704077,-49.32661285,27.960958,120.569257,27.97112,120.57378,-1,1290,0
358,2864,44.24782624,21.08015167,27.96854,120.74135,27.9665,120.76112,10,82,0
2099,2842,1.371247584,47.38272267,27.99084,120.68506,27.98853,120.69743,4,680,0
681,2021,34.30146154,-43.04735928,27.916503,120.651759,27.92043,120.68424,3,4,0
481,2179,-10.23929503,-28.5656558,28.00644,120.59212,28.0058,120.593,3,5462,0
387,2605,-9.667206697,-40.74592489,28.0246,120.58292,28.024882,120.580737,9,43,0
11,2360,49.28943442,17.58068305,27.99544,120.72251,27.97589,120.75072,-1,87,0
691,1610,-39.85397413,-34.27182473,28.05782,120.58736,28.05249,120.60567,-1,48,0
1089,2175,-18.48380792,-41.96969276,28.02804,120.57818,28.025465,120.585303,9,43,0
945,2064,74.91693473,6.367657093,27.87922,120.78748,27.889525,120.804362,6,2359,0
431,2285,-1.3967747,30.23095969,28.00412,120.6803,28.0089,120.67777,4,23,0
1863,2047,30.98122006,-50.21026636,27.8606,120.69133,27.8738,120.67228,3,43,0
943,2637,29.71779205,35.47006646,27.98369,120.71502,27.99476,120.73128,7,98,0
951,2338,58.8296926,4.191504625,27.90882,120.83189,27.91182,120.82248,6,28,0
1446,2351,12.32093417,-39.72733758,27.98015,120.60519,27.95215,120.60432,-1,414,0
159,935,23.67480558,-7.716807504,27.94833,120.66804,27.97987,120.68111,-1,2,0
502,983,7.234382358,-15.75220154,27.975415,120.651576,27.97699,120.64991,5,11951,0
1528,2733,-46.02506344,-1.155469847,28.01484,120.64575,28.019524,120.631948,3,61,0
1194,2209,25.24604979,-7.118868271,27.9573,120.67705,27.96734,120.67106,5,992,0
133,574,33.58556793,-8.65163396,27.9535,120.69621,27.93368,120.71241,-1,30,0
677,1351,-57.89493066,-29.05512734,28.040628,120.619569,28.04387,120.63355,7,513,0
295,2847,-15.3771621,-44.47838701,28.02333,120.57606,28.041041,120.588459,9,51,0
1399,2666,-48.81772227,-23.20151244,28.024487,120.608733,28.04116,120.62863,-1,8,0
697,1563,46.12354314,-29.91629525,27.92414,120.70279,27.92204,120.69661,3,11564,0
605,1089,-8.992936402,-46.84986315,28.0258,120.57913,28.02804,120.57818,9,35404,0
972,2447,29.96869095,-42.76647751,27.94366,120.68317,27.907332,120.673448,-1,15,0
812,916,-41.92984535,31.71871994,28.01375,120.6551,28.01381,120.65692,3,5037,0
88,1506,-17.60730138,26.18252428,28.02363,120.66334,28.02799,120.66168,-1,41,0
3,1015,-37.124743,-36.67412178,28.03927,120.5877,28.02245,120.61239,-1,8,0
204,1717,8.442998069,-42.60758302,27.99015,120.62566,27.99375,120.61713,8,274,0
691,1428,-53.82225124,-5.270817153,28.05782,120.58736,28.02259,120.62662,-1,36,0
391,2318,-29.13177657,5.929374718,28.02273,120.64301,28.0217,120.647,3,24,0
1386,2901,25.79627337,3.058717496,27.98557,120.68544,27.97339,120.7071,-1,219,0
1950,2842,17.04569181,22.38423499,27.99139,120.71952,27.98853,120.69743,-1,9,0
1683,1717,9.548123771,-37.71597095,27.95708,120.67304,27.99375,120.61713,-1,2,0
560,1402,34.89407856,16.03469334,28.016323,120.703784,28.014576,120.681581,-1,4,0
1020,1549,25.52758154,47.73038551,28.00029,120.70357,27.98966,120.70619,7,51,0
212,2904,70.8655439,-11.42635107,27.95491,120.7872,27.95985,120.77797,2,4214,0
1747,1800,30.06702055,30.43123546,27.978667,120.735061,27.987621,120.722773,-1,47,0
319,909,15.56903685,-9.719628929,27.93831,120.66539,27.95992,120.64877,5,46,0
454,1239,2.501241296,8.197838392,27.98,120.66708,27.87124,120.64996,-1,72,0
695,1512,-21.98677574,-49.01156412,28.054694,120.586916,28.04225,120.58748,9,36,0
2237,2730,43.2964261,-15.52867722,27.92797,120.69797,27.92782,120.69643,3,8473,0
2199,2938,-14.00782024,-33.92051221,28.026587,120.594413,28.02158,120.59654,3,2,0
1586,2236,-7.344987606,47.59399015,27.993909,120.679255,27.9946,120.674,4,100,0
292,2294,-39.06043174,7.943033697,28.02857,120.65898,28.017358,120.65303,-1,34,0
611,2233,73.04150337,18.38106871,27.867358,120.820794,27.86543,120.81525,6,12694,0
1007,2261,24.25920543,-0.156435852,27.96558,120.68672,27.97054,120.68557,5,1037,0
112,2271,-24.34857814,-20.66252011,28.01472,120.61007,28.01831,120.61281,3,488,0
1841,2096,6.411242441,-48.16371568,27.980151,120.605199,27.97745,120.61375,8,391,0
1453,1612,-8.264245087,-4.612447884,27.99832,120.6366,27.9938,120.57017,-1,21,0
1879,2099,0.810543457,34.7258045,27.999526,120.680665,27.99084,120.68506,4,99,0
1446,1944,13.51216445,-50.40448652,27.98015,120.60519,27.97112,120.57378,8,35,0
1564,1717,0.882344772,-26.49675996,27.98944,120.62361,27.99375,120.61713,8,12,0
57,2402,-1.213564803,-44.54333075,28.00954,120.61511,27.996821,120.606522,-1,0,0
1843,2756,13.76652808,19.09939113,27.983923,120.680378,27.98645,120.68772,4,555,0
1700,2778,-17.01248149,5.811117594,28.01007,120.66068,27.99859,120.64039,3,6,0
2061,2149,1.72265851,46.0744898,27.98839,120.68338,27.98472,120.69611,4,309,0
2042,2281,-15.04858444,-4.239827833,28.00136,120.63642,28.00143,120.63625,3,207,0
1430,2479,38.53002749,-0.571622247,27.9498,120.72544,27.95756,120.72822,10,15647,0
527,1589,6.84882366,69.28636693,28.027803,120.765282,28.02956,120.75507,7,84,0
2405,2543,11.32028996,6.720592954,27.96984,120.68551,27.978448,120.671401,5,0,0
1223,1948,42.36203712,20.68847557,27.960593,120.741204,27.96583,120.74971,10,185,0
502,2224,7.642321021,-9.173409833,27.975415,120.651576,27.98445,120.67253,-1,81,0
1687,1779,-23.83184696,11.83766683,28.0134,120.65344,28.01179,120.65261,3,96,0
1141,2214,37.62899661,-14.34927276,27.933084,120.674452,27.9598,120.68203,5,18,0
3,2156,-22.35392579,-38.17984338,28.03927,120.5877,28.02454,120.591434,-1,13,0
797,1571,34.08522542,21.57634424,27.97373,120.74409,27.97334,120.75738,10,20,0
422,1628,-16.14222187,33.77342362,28.00525,120.70299,28.01497,120.68572,7,14,0
1289,2580,-13.6567907,8.747131067,28.0114,120.65314,28.00603,120.65454,3,7,0
253,1470,15.51394052,5.174730757,27.9787,120.6874,27.97225,120.68006,-1,40,0
935,1767,5.445210326,-1.868658821,27.97987,120.68111,27.97914,120.65482,-1,9,0
653,2268,-12.82431586,-60.04160992,28.03924,120.56603,28.04196,120.56845,9,4629,0
1422,1937,20.1843462,49.10015526,28.00506,120.71172,27.99978,120.71126,7,88,0
467,1152,-10.86437703,32.06554265,28.012398,120.68848,28.013647,120.656985,-1,19,0
386,487,4.77575706,17.09329018,27.99487,120.67969,27.98776,120.67428,4,31,0
211,1708,-14.85522621,-32.13828533,28.01211,120.58988,28.02381,120.59717,-1,68,0
233,1061,45.5458573,-24.35376077,27.9299,120.70635,27.92415,120.70545,3,2899,0
653,2568,-19.18935853,-55.47003627,28.03924,120.56603,28.04901,120.58582,9,183,0
430,1449,6.734920602,41.29639555,28.00437,120.69558,28.01592,120.69364,7,12,0
1638,2010,-0.799433565,36.14265107,27.99258,120.67111,27.99742,120.68104,4,22,0
611,2615,73.06436012,18.00554294,27.867358,120.820794,27.87142,120.82061,6,6091,0
293,2518,-55.18965316,-2.533478159,28.02476,120.635142,28.03042,120.62936,-1,39,0
2483,2818,-33.19673692,-38.86187012,28.02455,120.61196,28.04104,120.58846,-1,2,0
278,1724,12.45594378,36.2940502,28.00309,120.69882,28.00258,120.70728,7,33,0
1184,2176,9.174059104,-14.04482018,27.982012,120.645724,27.95843,120.65338,5,97,0
857,911,44.56525796,3.828465364,27.93632,120.80777,27.96141,120.73461,-1,29,0
2663,2822,30.87783874,33.89037559,27.99627,120.72691,27.97743,120.73394,-1,54,0
1357,2004,-33.49403498,-42.66030661,28.05143,120.60047,28.05469,120.58692,-1,30,0
220,2791,4.067380878,-54.65082105,27.9974,120.58543,27.99739,120.58551,8,22152,0
372,780,-5.293982108,50.45197879,27.99629,120.68028,28.01006,120.68043,4,114,0
624,2762,-17.97262457,25.14201524,28.01854,120.66394,28.01919,120.67036,3,44,0
313,1570,37.63362763,-45.45913628,27.900456,120.63408,27.91065,120.6401,3,363,0
2169,2556,13.71805346,33.67217374,28.002851,120.698951,28.00322,120.7122,7,7,0
435,2675,5.687092418,54.26999555,28.00035,120.69777,28.0028,120.699,7,66,0
615,2908,7.156675677,15.38289483,27.99109,120.67677,27.98585,120.6777,4,2,0
705,959,-16.91776788,12.80042192,28.00227,120.63088,28.009115,120.657413,3,10,0
1638,2471,-5.767568454,19.43731862,27.99258,120.67111,28.00877,120.66836,-1,9,0
905,2324,71.23008421,15.78977589,27.86954,120.80506,27.8722,120.8266,6,285,0
112,1736,-23.91724042,-19.82406993,28.01472,120.61007,28.029592,120.6244,-1,122,0
146,2250,44.8097923,-34.83965698,27.92415,120.69204,27.92446,120.6923,3,2378,0
2185,2420,5.861333109,-42.95530622,27.97251,120.60263,27.98362,120.61785,8,318,0
1184,2543,11.24638535,6.383864647,27.982012,120.645724,27.978448,120.671401,5,69,0
2842,2848,22.09256854,3.953467312,27.98853,120.69743,27.965369,120.686131,-1,113,0
386,758,-4.252522371,48.14031991,27.99487,120.67969,27.99542,120.68153,4,1041,0
130,775,39.28304455,-48.57241582,27.90369,120.65562,27.9189,120.64478,3,8232,0
633,1845,19.02623771,35.29299455,27.98491,120.70392,27.99406,120.72557,-1,7,0
204,2083,10.62958493,-36.85921844,27.99015,120.62566,27.95887,120.60962,-1,0,0
631,2791,5.443604435,-54.1966862,27.98274,120.56357,27.99739,120.58551,8,87,0
574,1655,45.85755133,-23.12497972,27.93368,120.71241,27.92826,120.70156,3,182,0
1500,2888,-55.65930881,-31.64305193,28.05006,120.62061,28.05349,120.61286,7,859,0
335,2264,19.64437516,-13.27783385,27.93483,120.66784,27.95241,120.64911,5,88,0
323,1820,15.24807869,40.41117124,28.00586,120.70905,28.00416,120.70748,7,7,0
442,2254,63.01109467,-8.989550847,27.92124,120.83163,27.923401,120.816621,6,295,0
991,2433,-50.34880075,17.18246426,28.02726,120.65732,28.02202,120.66394,-1,16,0
659,1311,8.246725019,-53.74259242,27.98025,120.58452,27.98966,120.57449,8,269,0
841,2767,-5.267893011,2.686745388,28.0171,120.63698,28.00293,120.64916,3,10,0
405,2508,9.329068829,17.14337432,27.989232,120.680662,27.96724,120.66561,-1,20,0
1837,2508,2.29225709,-11.09104425,27.98603,120.63754,27.96724,120.66561,-1,0,0
878,1326,2.25566956,55.75479326,28.000355,120.697765,28.0011,120.69646,7,1005,0
792,1525,-15.6239306,-51.03155359,28.040732,120.576351,28.03821,120.57802,9,65,0
990,2242,-2.490211029,-1.028253979,28.096389,120.657778,28.094722,120.645,9,95,0
606,1238,-32.87567194,31.01074031,28.004829,120.6409,28.00439,120.65275,3,7,0
318,1238,-8.398871491,7.76288894,27.97271,120.64743,28.00439,120.65275,-1,3,0
449,2005,37.09868421,-10.19940647,27.93173,120.70133,27.92325,120.6878,3,1068,0
1019,2865,64.78394803,5.761139418,27.89391,120.81686,27.90471,120.82127,6,19,0
609,2012,-51.96520974,2.4995205,28.02096,120.62016,28.02392,120.644412,3,370,0
1312,1778,-9.298338371,-40.90766459,28.023857,120.581022,28.024885,120.580733,9,5,0
628,2757,53.79200994,-4.952667495,27.92742,120.82878,27.95417,120.82421,6,111,0
449,2016,40.8421252,-23.01562827,27.93173,120.70133,27.92264,120.70453,3,272,0
2242,2784,-41.01376736,-29.27285795,28.094722,120.645,28.05184,120.61542,-1,19,0
1089,1572,-14.7985066,-41.30241946,28.02804,120.57818,28.02693,120.60664,-1,5,0
1139,2420,0.573258589,-23.07732417,27.988544,120.62822,27.98362,120.61785,8,23,0
1104,2003,-0.252517936,27.03952142,27.99923,120.67458,28.00191,120.67862,4,11,0
501,2925,2.633094742,31.79436741,28.004176,120.686025,28.00248,120.68294,4,6,0
305,384,-48.41091057,5.747109022,28.008511,120.618079,28.01405,120.63301,4,227,0
1503,2840,-24.20611243,-55.02242078,28.0363,120.5857,28.04323,120.58656,9,2172,0
2842,2901,26.52784225,3.547995279,27.98853,120.69743,27.97339,120.7071,-1,122,0
518,2792,-24.11958185,37.35708725,28.025347,120.666909,28.02302,120.66759,3,122,0
69,1940,-46.64166323,-41.44965881,28.055285,120.609474,28.05756,120.60725,7,5074,0
475,1885,6.848767197,-40.95468476,27.98226,120.62389,27.96887,120.61609,8,214,0
113,2281,-23.32690655,-0.937086585,28.01211,120.63736,28.00143,120.63625,3,8,0
255,1099,64.05438114,-2.773578866,27.91211,120.79786,27.92578,120.79581,6,213,0
912,2822,42.18802592,37.24459002,27.98324,120.72334,27.97743,120.73394,10,874,0
971,2592,57.96510128,-2.49300374,27.92205,120.80111,27.93254,120.82423,6,52,0
741,775,29.30292796,-41.50980628,27.95095,120.65688,27.9189,120.64478,-1,21,0
772,1711,-46.02180539,-29.15712052,28.05187,120.61117,28.06516,120.64246,7,58,0
2515,2827,-42.17262413,-45.85661404,28.06853,120.60201,28.05657,120.60001,-1,1792,0
515,2094,8.397217693,-36.28246808,27.96781,120.62801,27.992,120.60987,8,13,0
572,1612,7.684254613,-57.16198438,27.99271,120.56614,27.9938,120.57017,8,15695,0
318,1123,8.901445768,-17.45910474,27.97271,120.64743,27.96552,120.64757,5,3670,0
487,2915,-1.062214682,42.96069595,27.98776,120.67428,27.98732,120.68157,4,186,0
292,832,-53.72342079,16.57040892,28.02857,120.65898,28.05231,120.68005,7,20,0
1456,1709,45.69824549,12.91443359,27.9905,120.76564,27.97034,120.76311,10,113,0
369,2171,60.28244209,-11.11102708,27.9277,120.83323,27.91955,120.83809,6,434,0
584,1184,0.539882123,-14.76907836,27.99383,120.62841,27.982012,120.645724,-1,38,0
447,2149,16.86692571,23.52246087,27.99055,120.7118,27.98472,120.69611,-1,12,0
2365,2834,-14.91265462,-29.02704086,28.01894,120.59618,28.00969,120.59728,3,119,0
201,962,-34.67846057,-3.719389856,28.0203,120.625,28.017111,120.631666,4,27,0
2160,2342,47.31749021,21.93704127,27.9668,120.7548,27.96902,120.74658,10,6460,0
1076,2627,29.82810072,13.01703744,28.03881,120.82892,28.01826,120.7953,2,126,0
2137,2379,-69.12656963,6.568952554,28.04852,120.65349,28.04982,120.6511,7,26417,0
301,1603,17.88806264,-36.89752585,27.93112,120.5882,27.94403,120.59556,10,139,0
1956,2261,44.12777869,3.702220377,27.96946,120.72066,27.97054,120.68557,-1,4,0
1618,2834,-9.840128318,-27.55000744,28.00977,120.60049,28.00969,120.59728,3,17033,0
1910,2236,-8.494190879,39.41683476,27.992221,120.669443,27.9946,120.674,4,85,0
2131,2190,7.748403508,4.654047251,27.97509,120.65593,27.98235,120.67423,5,50,0
698,2484,-42.50012333,-48.30096616,28.07126,120.60869,28.07449,120.5874,9,82,0
859,1187,24.82662882,-8.938191972,27.95386,120.68203,27.96331,120.66311,5,77,0
539,1596,-40.47763176,13.21390322,28.01516,120.65303,28.027266,120.655901,-1,11,0
1015,1455,-46.56338983,-32.46139723,28.02245,120.61239,28.03905,120.62757,-1,14,0
331,1455,-60.51627326,-28.06212201,28.03958,120.62042,28.03905,120.62757,7,1721,0
387,2840,-22.6371237,-50.03264973,28.0246,120.58292,28.04323,120.58656,9,58,0
1019,2826,71.29154028,14.78780584,27.89391,120.81686,27.86957,120.81322,6,38,0
603,950,6.940793614,-41.65578856,27.97164,120.62661,27.98069,120.61263,8,808,0
652,1296,60.41012875,11.07965216,27.88623,120.80236,27.89897,120.79855,6,84,0
541,2023,11.32825667,-41.9440695,27.96193,120.60948,27.97172,120.61373,-1,205,0
2037,2496,57.31252419,2.285842423,27.9208,120.84047,27.94412,120.76969,-1,22,0
2180,2788,-1.26813217,-16.6809189,27.98333,120.65125,27.96243,120.65546,5,16,0
2427,2536,-9.565259129,52.95260299,28.0086,120.6772,28.00726,120.6775,4,471,0
1133,2624,34.97531879,39.75147426,27.97533,120.72453,27.97603,120.71773,10,8861,0
347,1769,26.26316095,45.82479659,27.98785,120.71681,27.998722,120.707177,7,405,0
2200,2467,-38.42188326,-10.51227745,28.03746,120.65611,28.025613,120.638246,7,0,0
902,1487,-0.930231433,-38.30753225,27.99381,120.57017,27.9731,120.55136,8,8,0
202,1017,-36.13070089,30.47965329,28.0087,120.65515,28.00901,120.65414,3,405,0
49,1276,-8.885086148,-35.66609593,28.02104,120.58411,28.00066,120.58221,-1,0,0
6,629,-68.07016372,16.29140324,28.0635,120.68056,28.0608,120.676028,7,203,0
402,1005,-30.67086461,28.71367759,28.01188,120.66205,28.00628,120.65332,3,114,0
1284,2123,34.25407714,-1.709785145,27.94439,120.71319,27.92383,120.67387,-1,4,0
1685,1896,-37.71642474,-52.22429317,28.08692,120.5856,28.10296,120.57827,9,143,0
40,1728,29.10395919,-53.28805881,27.85902,120.65677,27.85412,120.66711,3,1065,0
904,1380,-7.218104542,55.10442659,28.006121,120.686436,28.00675,120.68244,4,128,0
2392,2896,4.531519253,32.79177434,28.00878,120.68835,28.00594,120.69008,7,31,0
755,2298,30.1174363,-17.93572286,27.928,120.698,27.92952,120.68107,-1,76,0
358,2802,43.22391501,35.70043663,27.96854,120.74135,27.98055,120.72944,10,448,0
1239,2219,36.2479909,-50.79422316,27.87124,120.64996,27.88424,120.6382,3,3518,0
1428,1572,-32.51397139,-30.30017427,28.02259,120.62662,28.02693,120.60664,-1,31,0
633,2756,14.14663183,25.70953331,27.98491,120.70392,27.98645,120.68772,4,43,0
756,1557,64.65982531,4.833277659,27.90472,120.82388,27.90165,120.81193,6,232,0
458,2357,31.48584419,-44.74744719,27.87682,120.64507,27.92044,120.6689,3,15,0
561,2658,-30.23485451,4.675584923,28.02374,120.641626,28.023438,120.62652,-1,37,0
482,2007,37.79629243,14.84564144,27.97359,120.74776,27.99715,120.77526,10,7,0
1626,2542,-20.63544259,-22.7719633,28.01389,120.60169,28.01903,120.61189,3,123,0
1562,1901,4.834242132,-57.46212886,27.99767,120.57531,28.00515,120.56955,8,3872,0
195,1285,-48.4972044,-22.87140183,28.041109,120.62863,28.04108,120.61641,7,12,0
637,2519,9.216820442,37.85267772,28.01522,120.68916,27.99715,120.70087,7,6,0
230,2668,14.6430405,-32.65100749,27.956312,120.600096,27.94903,120.59549,10,2,0
2511,2914,-24.96591839,7.919040341,28.015241,120.649988,28.01922,120.64427,3,19,0
1221,1940,-44.16365305,-45.5554991,28.074942,120.604791,28.05756,120.60725,-1,390,0
2366,2481,11.46570488,3.627475846,27.97973,120.67677,27.97265,120.66766,5,714,0
1021,1242,5.28794315,-26.68395529,27.96668,120.62461,27.94889,120.61987,8,11,0
2,1988,-11.11216272,-6.564723605,28.00506,120.63866,28.01854,120.63879,3,87,0
211,2067,-18.48230975,-41.15455296,28.01211,120.58988,28.028224,120.587166,9,20,0
682,2055,-53.52233634,-0.42729362,28.0412,120.629,28.02288,120.63142,7,22,0
2146,2568,-40.75643163,-41.60560757,28.051431,120.600469,28.04901,120.58582,-1,931,0
935,1386,21.45508408,10.34222026,27.97987,120.68111,27.98557,120.68544,4,2389,0
752,909,10.31852161,-11.81409529,27.9454,120.65697,27.95992,120.64877,5,62,0
823,1470,24.15828958,-5.776342884,27.9511,120.66043,27.97225,120.68006,5,178,0
603,1481,12.34989599,-42.25560311,27.97164,120.62661,27.96111,120.6227,8,4488,0
317,2656,-40.50382136,14.27804119,28.01994,120.655,28.024797,120.649708,-1,73,0
702,1895,35.18850487,-2.505800549,27.94104,120.72061,27.96905,120.70307,10,8,0
669,1587,-16.92660377,-7.640931103,28.01255,120.63174,28.00917,120.64028,-1,85,0
1856,2827,-40.53727822,-45.69812428,28.07457,120.58762,28.05657,120.60001,-1,26,0
1965,2808,19.06082245,-46.25302423,27.94943,120.58007,27.93617,120.55946,10,137,0
1194,2848,24.86098202,-2.762331935,27.9573,120.67705,27.965369,120.686131,5,521,0
515,2185,12.67443468,-44.95808485,27.96781,120.62801,27.97251,120.60263,8,508,0
2110,2875,33.252466,-24.33499712,27.92408,120.70403,27.92368,120.70347,3,8,0
1022,2377,28.86285477,51.7288945,27.99539,120.7173,27.9934,120.719,7,49,0
1826,2362,36.33544694,-29.68917886,27.92285,120.68994,27.92159,120.70412,3,141,0
1057,2285,-2.206674145,30.6027156,28.00859,120.67718,28.0089,120.67777,-1,19,0
269,535,49.72563038,-9.996207788,27.96807,120.80604,27.96456,120.79906,2,6162,0
663,1767,6.227374438,3.519164407,27.97693,120.66377,27.97914,120.65482,5,2220,0
1373,2230,-17.96206847,21.40607812,28.01793,120.66445,28.01549,120.67049,3,41,0
97,1762,-20.05161669,32.94634,28.02629,120.6698,28.025331,120.668354,3,49,0
1015,2199,-23.28970072,-37.05251064,28.02245,120.61239,28.026587,120.594413,3,6,0
741,823,21.29517223,-14.77781333,27.95095,120.65688,27.9511,120.66043,5,12097,0
257,2827,-41.43006366,-46.96913244,28.076984,120.602335,28.05657,120.60001,-1,126,0
627,2792,-17.66392035,27.70068693,28.0494,120.66193,28.02302,120.66759,-1,17,0
320,1343,-15.47585223,-13.82910615,28.007536,120.616401,28.00754,120.6164,4,3,0
844,2635,-7.789142631,23.68514773,28.00813,120.67287,28.008642,120.675617,3,12,0
976,1494,-60.83749224,-13.73124606,28.044851,120.648285,28.04977,120.64759,7,1084,0
454,2353,15.81498953,12.93630892,27.98,120.66708,27.973777,120.682079,5,132,0
331,1159,-31.20243334,-34.67707213,28.03958,120.62042,28.02791,120.59925,-1,14,0
160,2142,33.26072859,43.63901502,27.97864,120.71467,27.98684,120.71242,-1,1141,0
1098,2203,-47.85440715,-28.26654002,28.0475,120.62333,28.04851,120.61871,7,72,0
1263,1759,-18.5528025,36.21221312,28.02077,120.6738,28.018481,120.682668,3,172,0
356,2555,28.01909641,11.98656014,28.03768,120.84172,28.04092,120.83605,2,1626,0
2302,2325,36.47946567,-28.29244836,27.92002,120.70535,27.91782,120.69607,3,157,0
1407,2260,7.092752162,-28.01379481,27.97235,120.62717,27.97853,120.62639,8,89,0
652,1834,73.95479779,10.67316765,27.88623,120.80236,27.87957,120.7999,6,637,0
239,1278,25.17212693,17.92286312,28.03887,120.7934,28.03156,120.78528,2,266,0
426,955,-39.953545,-13.34740367,28.025933,120.641498,28.04133,120.65311,7,0,0
255,2111,53.55439403,5.48909476,27.91211,120.79786,27.88503,120.79691,6,0,0
789,2295,0.783897707,-11.14314886,27.99022,120.63948,27.99006,120.64119,-1,28,0
1391,2624,33.54484769,1.923635352,27.95467,120.69939,27.97603,120.71773,10,48,0
25,547,9.171633022,12.94089142,27.976204,120.667973,27.98521,120.67877,-1,5,0
349,2967,38.47249866,-22.30027686,27.92317,120.70288,27.92614,120.70507,3,122,0
818,2593,17.59112547,-11.22968259,27.94749,120.64401,27.96314,120.66947,5,14,0
1105,2263,-35.12392152,29.09021347,28.00791,120.64843,28.00726,120.65848,3,38,0
1446,2319,6.498159699,-46.56758174,27.98015,120.60519,27.97631,120.60491,8,27233,0
54,112,-23.65426922,-19.40886784,28.018598,120.620672,28.01472,120.61007,-1,0,0
1447,2239,-6.384274614,53.83788671,28.0035,120.6833,28.00222,120.68192,4,18,0
438,1500,-54.70607887,-26.84375218,28.03933,120.62364,28.05006,120.62061,7,278,0
1441,2656,-52.60451145,14.93888628,28.04381,120.65767,28.024797,120.649708,7,46,0
2074,2901,29.59778622,44.86805263,27.986124,120.709577,27.97339,120.7071,-1,521,0
1584,2422,61.8243271,9.807341002,27.89209,120.81396,27.93079,120.82979,6,8,0
1532,2051,57.50326225,-0.772474365,27.9174,120.832,27.91544,120.83871,6,12,0
2564,2822,29.05894826,26.14827088,27.96169,120.70433,27.97743,120.73394,10,11,0
394,879,-24.5305618,-41.04165305,28.029211,120.593311,28.03093,120.59305,-1,283,0
1612,2076,8.103088571,-55.03997535,27.9938,120.57017,27.99335,120.57729,8,5283,0
502,2848,5.316252913,-12.76036394,27.975415,120.651576,27.965369,120.686131,5,7,0
138,2456,-18.55422849,31.79897336,28.04427,120.69476,28.022125,120.670739,-1,18,0
745,786,-52.37050315,-16.32548373,28.04541,120.65027,28.065163,120.642463,7,68,0
1796,1828,-62.74176736,3.52174397,28.04071,120.63988,28.039716,120.651201,7,919,0
603,1764,10.03942166,-44.70105745,27.97164,120.62661,27.96875,120.60619,8,535,0
522,1966,6.20715408,-53.31584912,27.95536,120.60011,27.99619,120.58337,-1,41,0
41,1092,9.410800587,-32.2358429,27.95746,120.61208,27.96187,120.66042,-1,0,0
640,1082,-26.22875836,19.5384303,28.01677,120.65806,28.016688,120.655528,3,80,0
1038,1460,-4.295320783,-15.72713915,27.9897,120.63813,27.985304,120.632788,8,12,0
1407,1576,11.34300574,-25.48848147,27.97235,120.62717,27.970529,120.613192,8,4,0
109,463,-13.01150632,-43.89219251,28.03316,120.59087,28.02702,120.57609,9,88,0
1006,2076,6.731864862,-56.07528847,27.99467,120.56692,27.99335,120.57729,8,241,0
76,81,12.03560879,36.35154584,27.99619,120.71034,28.003179,120.699031,7,38,0
372,1723,-5.928298055,23.63903089,27.99629,120.68028,28.01437,120.67295,-1,7,0
264,1938,-38.50122447,19.22578563,28.01535,120.66232,28.01832,120.65141,3,38,0
1977,2561,-1.82383832,27.1728647,27.99753,120.67522,28.00155,120.68023,4,33,0
831,2214,8.980991475,-2.733301922,27.9762,120.668,27.9598,120.68203,5,7,0
2440,2818,-24.22424186,-53.83218646,28.043033,120.586455,28.04104,120.58846,9,93,0
1306,1731,-11.65708303,4.951533695,27.99383,120.62833,28.00652,120.64463,-1,2,0
2094,2778,-5.37553509,-9.818890888,27.992,120.60987,27.99859,120.64039,-1,44,0
357,686,-13.77173203,-55.77934088,28.03643,120.57447,28.035763,120.57132,9,36984,0
1374,2379,-31.06843728,14.29802713,28.01676,120.64987,28.04982,120.6511,-1,2,0
86,2941,-32.20567589,14.9854683,28.01563,120.65181,28.015683,120.651721,3,165,0
148,2274,73.51299689,16.36822812,27.87141,120.8205,27.87983,120.81482,6,2065,0
181,2209,21.99569704,6.070622601,27.97517,120.69185,27.96734,120.67106,-1,117,0
41,920,17.0627508,-39.4657663,27.95746,120.61208,27.94553,120.6091,10,385,0
298,574,31.01793651,-25.17039534,27.92054,120.70164,27.93368,120.71241,3,14,0
566,1332,-9.396055388,33.36166502,28.0085,120.68531,28.01245,120.68519,-1,14,0
12,2336,76.42836623,10.53417642,27.8751,120.81027,27.87937,120.8036,6,33163,0
1351,1608,-66.98233675,5.912466731,28.04387,120.63355,28.0453,120.65749,7,145,0
1298,1988,-33.31896136,-2.115259218,28.01943,120.636564,28.01854,120.63879,3,51,0
1098,1703,-55.12062406,-30.17620692,28.0475,120.62333,28.0483,120.62027,7,135,0
182,576,-26.38940953,-15.84112112,28.01939,120.61656,28.02002,120.63138,3,0,0
2762,2843,-20.9430235,28.88853028,28.01919,120.67036,28.01538,120.6731,3,49,0
211,2834,-10.31289564,-33.89419942,28.01211,120.58988,28.00969,120.59728,-1,42,0
2271,2542,-24.55211218,-20.32831463,28.01831,120.61281,28.01903,120.61189,3,495,0
766,1033,-20.00156237,-13.33732555,28.00726,120.61292,28.007951,120.626328,4,153,0
307,1958,-41.1121871,39.08819828,28.01573,120.65876,28.01842,120.65967,3,1389,0
309,1876,21.16127192,-43.29165392,27.95804,120.59516,27.954186,120.587915,10,4989,0
1485,2883,-37.65058255,-55.54933151,28.07932,120.57283,28.079318,120.572831,9,287,0
436,1289,-7.890305763,24.27696721,28.01004,120.66769,28.0114,120.65314,3,6,0
1638,2435,-0.953749383,17.04292101,27.99258,120.67111,27.99236,120.66956,4,111,0
429,439,-35.12946364,8.773129055,28.02382,120.65288,28.02332,120.64816,-1,11,0
127,306,31.37320558,-36.16872744,27.9207,120.68866,27.93177,120.67802,-1,29,0
604,1455,-49.41060716,-24.1131402,28.015777,120.594444,28.03905,120.62757,-1,20,0
1661,1968,-30.30439737,-57.90544398,28.060416,120.573888,28.054156,120.560569,9,1276,0
2096,2399,10.02569187,-35.98623753,27.97745,120.61375,27.951096,120.598666,-1,9,0
691,779,-33.42093251,-40.24382713,28.05782,120.58736,28.03387,120.594038,9,7,0
25,1092,7.689604198,2.444114107,27.976204,120.667973,27.96187,120.66042,5,121,0
708,1408,35.26222725,-21.47852591,27.9343,120.7072,27.92298,120.7071,3,71,0
264,812,-40.68875021,30.05894175,28.01535,120.66232,28.01375,120.6551,3,292,0
914,2303,66.86441663,-4.27332742,27.93088,120.80284,27.90821,120.80227,6,30,0
1480,2072,49.63176927,-2.467288206,27.96194,120.78881,27.93734,120.77936,2,165,0
1051,2602,-38.4450956,-37.64497587,28.04252,120.60963,28.041463,120.586511,-1,24,0
2672,2687,11.3181536,65.12933709,28.02026,120.69523,28.0443,120.70804,7,929,0
1549,2624,19.86458112,23.91142325,27.98966,120.70619,27.97603,120.71773,-1,73,0
2301,2408,45.53832753,13.92356812,27.97211,120.77582,27.97638,120.75557,10,500,0
63,734,-14.98247436,-23.13615883,28.01488,120.61139,28.01097,120.60609,3,5,0
1315,2312,34.44925076,-27.85776522,27.91937,120.7061,27.92006,120.70628,3,30,0
1112,1138,-38.12812818,-46.84748508,28.05274,120.62436,28.05708,120.58299,-1,2,0
924,2012,-58.13210141,3.853676865,28.03883,120.63972,28.02392,120.644412,-1,13,0
850,1308,-4.409613831,42.43134058,27.99186,120.67498,27.98404,120.68203,4,19,0
1563,2418,31.99422015,-19.65782148,27.92204,120.69661,27.93672,120.67951,-1,29,0
619,2701,-42.06756465,36.26018563,28.01319,120.65921,28.0144,120.6591,3,1760,0
1876,2351,20.74428148,-42.60126558,27.954186,120.587915,27.95215,120.60432,10,182,0
666,1151,-37.98479214,-58.35059244,28.07352,120.58467,28.082463,120.58878,9,2904,0
1103,2715,-2.654816493,11.93427145,27.97694,120.62826,27.99435,120.66326,-1,7,0
2188,2323,-33.43465692,0.836190348,28.02031,120.62527,28.02463,120.6447,-1,54,0
1070,2301,39.82842927,14.0759987,27.97374,120.7589,27.97211,120.77582,10,14,0
1717,2330,8.891965595,-43.85649312,27.99375,120.61713,27.9967,120.60336,8,711,0
697,1600,43.43859964,-28.95470773,27.92414,120.70279,27.92162,120.70502,3,1183,0
402,1548,-26.50081069,26.83191061,28.01188,120.66205,28.01442,120.66161,3,206,0
259,1963,-61.24422943,14.75361089,28.05022,120.66531,28.050194,120.692298,7,46,0
1160,1185,-39.42861545,39.56551322,28.01525,120.66252,28.01522,120.66252,3,127,0
1488,2200,-60.4824491,8.832074626,28.043371,120.655715,28.03746,120.65611,7,19,0
969,1999,31.93962907,-24.73079229,27.92722,120.69833,27.91395,120.70028,3,65,0
2245,2634,-0.529252435,-6.815516221,28.08922,120.70208,28.10609,120.71839,1,395,0
394,1159,-26.31063908,-41.40472438,28.029211,120.593311,28.02791,120.59925,3,5783,0
249,2037,62.46783891,-14.07040312,27.91719,120.84188,27.9208,120.84047,6,1764,0
2658,2899,-50.20768392,12.09605502,28.023438,120.62652,28.02802,120.65472,7,0,0
1432,2055,-45.35451197,-3.370194453,28.00892,120.62295,28.02288,120.63142,-1,53,0
1736,2213,-58.94310525,-4.976179396,28.029592,120.6244,28.0397,120.63304,7,1415,0
234,1596,-30.35099009,-11.43874194,28.01828,120.62547,28.027266,120.655901,-1,30,0
427,2561,5.122636179,24.64129616,28.005808,120.669146,28.00155,120.68023,-1,14,0
803,2266,-47.0943967,15.80771004,28.02715,120.65114,28.02675,120.64983,7,128,0
2159,2520,40.6591845,-13.85097897,27.9283,120.69546,27.92895,120.69631,3,1048,0
824,1054,-14.77045288,-2.020040589,28.002956,120.643807,27.99918,120.641648,3,160,0
1826,2005,44.35111071,-35.12823301,27.92285,120.68994,27.92325,120.6878,3,532,0
1230,1938,-39.24900902,7.720405378,28.02816,120.65689,28.01832,120.65141,-1,15,0
609,1106,-29.74632524,-17.5624036,28.02096,120.62016,28.02311,120.59937,3,11,0
94,1380,-5.935967795,53.9739236,28.00246,120.68241,28.00675,120.68244,4,62,0
176,1708,-23.86716037,-29.43833621,28.02521,120.6105,28.02381,120.59717,3,155,0
621,1100,-15.96986149,-17.63967346,27.98848,120.61075,28.00741,120.61911,-1,92,0
1913,2365,-20.53243318,-29.82809823,28.02588,120.60418,28.01894,120.59618,3,132,0
178,2968,-38.34797523,18.48780913,28.01444,120.65108,28.02802,120.6546,-1,19,0
234,2745,-31.41479028,-10.69228601,28.01828,120.62547,28.02921,120.62987,-1,2,0
531,650,32.30451639,28.89546884,27.991394,120.71952,27.980495,120.729412,-1,22,0
73,1134,-12.56463377,-9.696034525,28.01003,120.63314,27.99644,120.63354,-1,166,0
1284,2297,37.56022485,-10.34906754,27.94439,120.71319,27.92659,120.71116,-1,238,0
1603,2182,10.76492897,-31.67148184,27.94403,120.59556,27.96515,120.61124,-1,0,0
824,1943,-12.15906182,-3.139326679,28.002956,120.643807,28.0048,120.643,3,53,0
2022,2462,19.24648103,-16.68269567,27.94096,120.64958,27.93855,120.64822,5,35366,0
637,730,5.968907716,61.84946094,28.01522,120.68916,28.0101,120.69668,7,62,0
189,1020,10.9592683,34.50752094,27.98396,120.69007,28.00029,120.70357,-1,4,0
859,2357,31.37349115,-16.77347243,27.95386,120.68203,27.92044,120.6689,-1,63,0
961,2784,-39.41870901,-46.59467419,28.06451,120.58223,28.05184,120.61542,-1,6,0
746,828,26.39074819,-8.553104934,27.94545,120.66986,27.96168,120.677789,5,58,0
82,2444,-5.12893847,45.39381285,27.99276,120.68048,27.99277,120.67775,4,244,0
1088,2120,-28.76552219,11.02443115,28.016654,120.650607,28.00312,120.65388,3,0,0
780,1723,-6.20078701,30.73593277,28.01006,120.68043,28.01437,120.67295,-1,38,0
384,1298,-49.14332287,3.875061694,28.01405,120.63301,28.01943,120.636564,-1,117,0
865,2575,-17.46278956,-40.89729738,28.0464,120.604,28.02926,120.59028,-1,18,0
3,2818,-23.19094273,-55.55496444,28.03927,120.5877,28.04104,120.58846,9,2655,0
149,1179,-40.47498784,39.83084374,28.01646,120.65935,28.01715,120.66124,3,334,0
1578,2096,2.60183303,-34.87528153,27.97058,120.5853,27.97745,120.61375,8,8,0
1935,2405,13.56219809,2.049714835,27.97505,120.67499,27.96984,120.68551,5,286,0
2057,2770,63.21684231,18.52038626,27.86515,120.79611,27.85916,120.78527,6,94,0
962,2733,-34.20244845,-3.200842103,28.017111,120.631666,28.019524,120.631948,-1,2,0
449,1794,39.09637615,-12.29461076,27.93173,120.70133,27.94302,120.67619,-1,716,0
994,2801,-40.85030801,29.27572834,28.01318,120.65352,28.01569,120.65545,3,368,0
176,2778,-8.847840486,-3.34197008,28.02521,120.6105,27.99859,120.64039,3,14,0
703,1562,1.841023443,-53.58534378,27.99417,120.59982,27.99767,120.57531,8,200,0
204,1103,8.070662594,-43.58643036,27.99015,120.62566,27.97694,120.62826,8,249,0
467,1402,-21.48513853,46.74192214,28.012398,120.68848,28.014576,120.681581,-1,150,0
440,1731,-15.74416853,5.864980965,28.00029,120.64716,28.00652,120.64463,3,7,0
1019,2570,64.74870251,11.46130482,27.89391,120.81686,27.8882,120.80334,6,15,0
1541,2153,31.27875783,-28.7223934,27.9252,120.6899,27.91643,120.68875,3,23,0
1134,2096,8.165642245,-37.5138701,27.99644,120.63354,27.97745,120.61375,8,43,0
347,2279,30.87058969,45.10365908,27.98785,120.71681,27.98388,120.70501,-1,462,0
550,2672,16.84625822,57.03828928,28.0076,120.72365,28.02026,120.69523,7,0,0
436,2424,-15.10985632,51.603827,28.01004,120.66769,28.01008,120.67058,3,4475,0
1896,2594,-40.20173021,-52.54207241,28.10296,120.57827,28.08581,120.59066,9,420,0
708,1391,39.56460363,-11.52262653,27.9343,120.7072,27.95467,120.69939,-1,189,0
864,1093,-14.28055965,-47.5407839,28.03948,120.56891,28.03228,120.58055,9,81,0
2005,2264,33.78889498,-12.7657783,27.92325,120.6878,27.95241,120.64911,-1,3,0
1278,2644,29.47547773,15.69736137,28.03156,120.78528,28.019199,120.784475,2,167,0
183,2682,-14.02755723,1.106035703,27.995578,120.650046,27.99605,120.64769,3,657,0
281,1625,52.86997417,1.149157275,27.94397,120.77876,27.91671,120.81301,-1,12,0
1161,2207,34.46724626,-43.76298838,27.90218,120.626462,27.890556,120.636418,3,42,0
1342,2536,-9.779477008,53.78944969,28.00491,120.67627,28.00726,120.6775,4,712,0
1643,2260,5.932648649,-37.5433202,27.98054,120.61279,27.97853,120.62639,8,369,0
1047,1290,-0.730775414,59.91359251,28.00475,120.69418,28.003203,120.691994,7,11161,0
82,758,1.287827104,25.76723414,27.99276,120.68048,27.99542,120.68153,4,49,0
1267,1753,6.169585551,-2.487043038,27.969489,120.657672,27.96526,120.65283,5,20,0
1433,1779,-34.15748056,16.09496428,28.015196,120.648057,28.01179,120.65261,3,34,0
2150,2445,4.774970835,-52.64583649,27.99711,120.58895,27.992515,120.595201,-1,1042,0
2011,2431,-15.76050801,-6.568527154,28.00664,120.63592,28.0053,120.633,3,70,0
464,1764,13.93465445,-36.57495094,27.9659,120.64111,27.96875,120.60619,8,38,0
897,1308,-0.703199367,43.24646727,27.98785,120.68114,27.98404,120.68203,4,236,0
1977,2756,-2.99094547,38.90500126,27.99753,120.67522,27.98645,120.68772,4,118,0
2169,2675,5.146685789,53.25072082,28.002851,120.698951,28.0028,120.699,7,5,0
222,1977,-7.69478675,17.34121066,28.009453,120.662653,27.99753,120.67522,-1,17,0
773,1991,1.488298152,16.94677426,27.989406,120.673557,28.00104,120.67237,-1,9,0
191,2214,23.86912158,-2.344875646,27.96628,120.68116,27.9598,120.68203,5,1237,0
1763,2795,57.54922682,1.63646713,27.92159,120.82161,27.91981,120.8278,6,43,0
959,2452,-38.14879451,34.27892284,28.009115,120.657413,28.0105,120.66068,3,1952,0
27,1461,12.21466017,48.60565765,28.00949,120.71444,28.008516,120.702342,7,31,0
1482,2952,-23.84256036,38.32733338,28.02168,120.67042,28.021681,120.670423,3,4,0
1584,2832,71.46872651,8.002645431,27.89209,120.81396,27.8881,120.80006,6,197,0
697,890,41.35866396,-26.99227321,27.92414,120.70279,27.92123,120.70681,3,739,0
878,1022,9.363028239,36.23280893,28.000355,120.697765,27.99539,120.7173,7,0,0
972,1496,25.00448575,3.144318998,27.94366,120.68317,27.97767,120.70127,-1,106,0
1212,2390,-1.959060227,-38.5801224,27.99789,120.56689,28.018621,120.555538,8,17,0
1312,2588,-7.74972333,-45.16948954,28.023857,120.581022,28.02213,120.5743,9,819,0
1709,2774,46.04495304,18.13926533,27.97034,120.76311,27.96407,120.76438,10,11334,0
1821,2804,8.523027061,68.97147529,27.98011,120.74803,28.02126,120.68452,-1,22,0
830,935,20.28876491,7.314775784,27.97997,120.68921,27.97987,120.68111,4,63,0
475,872,2.043991346,-12.38773108,27.98226,120.62389,27.98477,120.64882,-1,43,0
643,1796,-65.84988111,4.123919709,28.04355,120.65147,28.04071,120.63988,7,572,0
454,1683,20.86327266,-9.036993847,27.98,120.66708,27.95708,120.67304,5,20,0
828,2539,17.66482076,-6.327902761,27.96168,120.677789,27.97231,120.62724,-1,3,0
2047,2058,33.07502989,-50.69299047,27.8738,120.67228,27.87238,120.65735,3,470,0
1939,2385,-8.827317906,48.70889246,28.00197,120.68016,27.998,120.672205,4,168,0
181,1254,21.16894602,7.260268831,27.97517,120.69185,27.97964,120.68734,-1,354,0
344,2431,-15.61921779,-7.0443662,27.99981,120.62687,28.0053,120.633,3,25,0
1,2342,47.69401383,19.29504984,27.97014,120.75603,27.96902,120.74658,10,690,0
2186,2300,25.17895835,36.8650355,27.99188,120.7165,27.99832,120.72424,7,90,0
1795,1964,-69.17472856,10.51938804,28.05247,120.66674,28.05262,120.666572,7,8641,0
1622,2133,0.467176334,32.65661252,28.00126,120.6875,27.998701,120.683509,4,4,0
389,1345,-18.4179287,-13.92150449,28.01058,120.62116,28.00711,120.61047,4,168,0
2150,2509,-19.05758691,-30.94934457,27.99711,120.58895,28.02225,120.60442,3,17,0
112,1802,-24.70743375,-20.68896877,28.01472,120.61007,28.0172,120.61454,3,845,0
1863,2058,30.6561318,-46.8460953,27.8606,120.69133,27.87238,120.65735,3,40,0
869,1810,71.99275907,-7.950761424,27.94864,120.77547,27.934862,120.767714,-1,311,0
940,1724,24.77314414,54.66493784,28.00288,120.71024,28.00258,120.70728,7,4105,0
402,2939,-31.14260563,27.32340633,28.01188,120.66205,28.011397,120.653141,3,40,0
234,2746,-35.38631042,-17.09090038,28.01828,120.62547,28.03863,120.61579,-1,7,0
1683,2418,27.38986426,-9.647419867,27.95708,120.67304,27.93672,120.67951,5,585,0
1542,2232,20.67365056,45.61167761,27.99711,120.71331,27.99607,120.71016,7,134,0
2214,2297,33.90933024,-15.90454106,27.9598,120.68203,27.92659,120.71116,-1,32,0
464,545,14.72647148,-24.25096381,27.9659,120.64111,27.96676,120.65937,-1,72,0
86,382,-27.17042871,16.57480543,28.01563,120.65181,28.01967,120.6623,3,2,0
1398,2816,-41.79557989,-9.765504865,28.02438,120.60303,28.04411,120.63996,-1,2,0
1286,1319,-38.48275135,26.57889743,28.01117,120.65006,28.01152,120.65068,3,420,0
1051,1900,-35.86065211,-26.91493433,28.04252,120.60963,28.06605,120.58485,-1,8,0
172,2146,-37.2958999,-29.84849043,28.0428,120.62069,28.051431,120.600469,7,41,0
171,1923,-16.52992423,-0.033272551,28.00072,120.63977,27.99631,120.64437,3,597,0
1386,1472,1.824797575,47.18837012,27.98557,120.68544,27.99188,120.69412,4,45,0
955,2650,-64.60459001,13.06801695,28.04133,120.65311,28.024386,120.675309,-1,6,0
1249,1731,-37.01458987,24.9711437,28.00533,120.6479,28.00652,120.64463,3,676,0
127,1563,41.4866687,-33.8551302,27.9207,120.68866,27.92204,120.69661,3,163,0
549,1718,20.37773713,58.0022639,28.00025,120.7286,28.001831,120.717278,7,205,0
1503,2653,-23.7505254,-44.44106322,28.0363,120.5857,28.03697,120.58917,9,23087,0
604,1273,-50.88358331,-30.62818075,28.015777,120.594444,28.02347,120.61544,3,31,0
384,1015,-25.84258711,-10.37950068,28.01405,120.63301,28.02245,120.61239,-1,31,0
659,1103,9.104526585,-32.06558377,27.98025,120.58452,27.97694,120.62826,8,2,0
936,1415,-49.31370831,4.498291583,28.02145,120.63334,28.01447,120.64201,3,185,0
637,1904,-21.13805484,47.95509779,28.01522,120.68916,28.01361,120.68305,7,76,0
529,2804,-23.9426103,46.32003748,28.01174,120.68077,28.02126,120.68452,-1,265,0
1679,2169,17.37441622,29.51696974,27.99338,120.70875,28.002851,120.698951,7,14,0
908,1865,40.45150481,32.29794901,27.971495,120.733406,27.97506,120.73909,10,164,0
1723,2897,-13.88481964,27.8663315,28.01437,120.67295,28.01385,120.66008,3,126,0
283,2241,33.65689711,31.14693157,27.98338,120.744,27.98751,120.72346,-1,191,0
1204,1667,15.27595714,-40.6563769,27.94777,120.6125,27.93583,120.61337,-1,219,0
1506,2809,-21.92718908,36.00107974,28.02799,120.66168,28.022802,120.673347,-1,65,0
1008,2816,-40.7889825,-10.15386533,28.06212,120.60705,28.04411,120.63996,-1,9,0
1699,2127,12.92810441,7.550736014,27.97659,120.67899,27.98869,120.6726,-1,39,0
14,1596,-35.38946142,7.355070951,28.02496,120.66541,28.027266,120.655901,-1,13,0
269,1821,37.42475289,16.72258326,27.96807,120.80604,27.98011,120.74803,-1,16,0
16,1051,-40.5982503,-26.42150645,28.07646,120.62205,28.04252,120.60963,-1,66,0
291,2914,-47.14527095,10.86016493,28.023257,120.659016,28.01922,120.64427,3,489,0
1053,1549,27.29810944,46.55396034,27.99068,120.7167,27.98966,120.70619,7,62,0
1112,1501,-56.41567837,-31.79302494,28.05274,120.62436,28.05557,120.61784,7,3968,0
2451,2556,14.17450297,48.90682356,28.01596,120.72171,28.00322,120.7122,7,134,0
389,2431,-10.59988788,-7.55761709,28.01058,120.62116,28.0053,120.633,-1,111,0
907,2441,39.64387263,41.1401463,27.9842,120.72674,27.98416,120.72974,-1,1459,0
1492,1565,-39.61497447,-1.704012257,28.02508,120.63816,28.03749,120.6251,7,10,0
354,771,22.6171411,16.15016144,28.09795,120.80841,28.080699,120.813099,2,352,0
836,1398,-26.30613191,-27.32376545,28.02242,120.60801,28.02438,120.60303,3,3064,0
1416,2452,-29.19049822,26.49895671,28.01137,120.64581,28.0105,120.66068,3,35,0
407,2316,-16.80347543,-33.19198368,28.026727,120.58226,28.0271,120.60091,-1,6,0
213,1453,-23.98877382,-3.929827196,28.01009,120.63564,27.99832,120.6366,3,2,0
644,803,-23.07325178,18.94503557,28.01278,120.65944,28.02715,120.65114,-1,59,0
270,2792,-17.55664106,31.73749936,28.01764,120.68649,28.02302,120.66759,-1,0,0
382,1433,-26.72732234,15.91100417,28.01967,120.6623,28.015196,120.648057,3,41,0
621,1432,-14.20355855,-18.25547098,27.98848,120.61075,28.00892,120.62295,-1,149,0
461,2714,64.32854852,12.14985437,27.8974,120.81737,27.8832,120.80518,6,52,0
11,47,34.25510589,20.2776327,27.99544,120.72251,27.97433,120.75967,-1,33,0
89,919,-25.2018317,17.61850092,28.0164,120.65703,28.01517,120.66789,3,17,0
1215,2778,1.738206795,-30.40049359,27.98702,120.60848,27.99859,120.64039,-1,5,0
1470,2036,17.52104881,3.894316346,27.97225,120.68006,27.97268,120.68433,5,47,0
1570,1929,38.35226141,-45.2670789,27.91065,120.6401,27.91255,120.63921,3,655,0
1062,2495,-63.85333207,20.53048127,28.07018,120.74169,28.0832,120.74525,1,27,0
2023,2351,11.44855267,-38.27533827,27.97172,120.61373,27.95215,120.60432,-1,0,0
2419,2545,31.32528103,26.54024209,27.980722,120.721813,27.977701,120.73082,10,28,0
525,1630,34.70171707,-21.69214679,27.92276,120.70713,27.92275,120.7073,3,20,0
603,2083,12.98563284,-41.04124956,27.97164,120.62661,27.95887,120.60962,-1,224,0
183,2373,-2.266832999,3.580556218,27.995578,120.650046,27.99672,120.65264,3,673,0
243,584,-4.248149835,-6.133935791,28.000291,120.647161,27.99383,120.62841,-1,0,0
578,1108,39.31675366,-37.27498334,27.91219,120.68358,27.924685,120.69711,3,17,0
617,1429,-20.34916527,-23.27640012,28.013371,120.594287,28.019912,120.604277,3,245,0
627,786,-47.02167081,-16.11048721,28.0494,120.66193,28.065163,120.642463,7,31,0
1081,2683,-6.229081899,11.27955061,27.997963,120.659738,27.9994,120.66709,3,6,0
2446,2597,-10.1275186,41.60376029,27.98763,120.66308,27.993358,120.671015,4,101,0
1384,1689,-49.06492679,8.629415272,28.023261,120.644248,28.02095,120.64389,3,219,0
202,2682,-31.47974228,28.17461739,28.0087,120.65515,27.99605,120.64769,3,12,0
147,1169,-21.56011321,-25.10270103,28.01625,120.60085,28.01606,120.6036,3,5448,0
831,1262,6.181429978,-0.121551106,27.9762,120.668,27.98453,120.66027,-1,118,0
475,2182,8.028375538,-29.11592598,27.98226,120.62389,27.96515,120.61124,8,0,0
628,680,54.07762287,-5.938120028,27.92742,120.82878,27.95109,120.83505,6,134,0
1852,2496,72.97861765,-10.30508507,27.96059,120.7497,27.94412,120.76969,10,283,0
490,2281,-14.14747915,-8.085157153,28.00307,120.6298,28.00143,120.63625,3,20,0
1373,2460,-25.03073015,37.030732,28.01793,120.66445,28.021791,120.665431,3,584,0
849,1433,-38.29044948,22.95601347,28.01215,120.65165,28.015196,120.648057,3,55,0
284,2398,34.5891823,-33.25050473,27.92764,120.69437,27.923249,120.687804,3,102,0
487,565,6.080854087,12.23642787,27.98776,120.67428,28.00841,120.66454,-1,2,0
1133,2441,36.39702707,36.49157189,27.97533,120.72453,27.98416,120.72974,10,134,0
64,1289,-20.47399095,10.68439759,28.01276,120.65434,28.0114,120.65314,3,0,0
644,1105,-23.84059154,17.75301218,28.01278,120.65944,28.00791,120.64843,3,217,0
491,1152,-19.10377659,4.827128916,28.014866,120.661141,28.013647,120.656985,3,22,0
604,2372,-18.82032181,-28.27334061,28.015777,120.594444,28.023805,120.597166,3,116,0
1052,2889,38.88719574,36.53807979,27.97486,120.72843,27.97509,120.72769,10,209,0
477,2637,38.92561887,45.98909476,27.994763,120.731284,27.99476,120.73128,7,11383,0
204,1184,-2.291672406,-18.29047638,27.99015,120.62566,27.982012,120.645724,-1,228,0
751,1772,-28.20119869,-29.56512489,28.02449,120.61195,28.02618,120.60498,3,252,0
437,2446,-7.636672363,40.57196254,27.98847,120.666286,27.98763,120.66308,4,5987,0
709,2298,40.59844544,20.50193341,27.97153,120.73361,27.92952,120.68107,-1,0,0
71,529,-22.49787493,46.92644765,28.01392,120.67932,28.01174,120.68077,3,26,0
193,2173,7.380273557,70.23572456,28.02809,120.78452,28.01765,120.74361,-1,81,0
1322,2321,-0.839537393,55.74409682,28.00798,120.69032,28.00217,120.69033,-1,101,0
1285,1703,-44.04103747,-29.23786154,28.04108,120.61641,28.0483,120.62027,7,23,0
1081,1870,-16.32792267,44.00098192,27.997963,120.659738,27.99576,120.6574,3,3713,0
611,1323,72.68785056,19.67661578,27.867358,120.820794,27.85707,120.81238,6,1279,0
1047,1777,-0.224720776,60.13816699,28.00475,120.69418,28.00536,120.69345,7,417,0
2046,2832,73.52730775,7.032778847,27.88702,120.81085,27.8881,120.80006,6,659,0
487,616,10.24430349,17.34499482,27.98776,120.67428,27.98866,120.6816,4,16,0
945,2057,62.32324578,15.60372352,27.87922,120.78748,27.86515,120.79611,6,71,0
1037,2016,41.75299206,-23.92231781,27.9231,120.70471,27.92264,120.70453,3,80,0
447,2822,28.05977617,27.86603846,27.99055,120.7118,27.97743,120.73394,-1,5,0
578,2447,34.73644347,-38.91118176,27.91219,120.68358,27.907332,120.673448,3,15,0
912,2035,35.72291703,41.89243105,27.98324,120.72334,27.98323,120.71878,10,344,0
2229,2942,-11.89066264,2.694187277,27.99852,120.65649,27.99994,120.64617,3,54,0
786,1273,-41.70930039,-20.61533485,28.065163,120.642463,28.02347,120.61544,-1,2,0
1807,2197,-59.00546212,-27.05876058,28.040568,120.63282,28.04449,120.62163,7,1468,0
502,909,8.734947643,-13.94105869,27.975415,120.651576,27.95992,120.64877,5,149,0
1932,2767,-20.22054468,14.82416973,28.01062,120.65932,28.00293,120.64916,3,0,0
2627,2958,29.36654932,17.8337331,28.01826,120.7953,28.01508,120.78821,2,26766,0
697,2272,44.86464511,-31.82212653,27.92414,120.70279,27.91974,120.69145,3,3243,0
950,2182,8.16827835,-31.83745021,27.98069,120.61263,27.96515,120.61124,8,20,0
270,2456,-16.11204402,27.6615066,28.01764,120.68649,28.022125,120.670739,-1,5,0
1087,2651,-19.04873936,32.47368575,28.02274,120.66726,28.0228,120.67335,3,39,0
1408,1630,36.44085283,-20.5654546,27.92298,120.7071,27.92275,120.7073,3,139,0
521,1291,-13.17532994,41.42820204,27.99979,120.66739,28.0021,120.6664,3,532,0
788,2914,-24.56007404,6.980476783,28.01601,120.64709,28.01922,120.64427,3,8,0
308,2594,-38.69073629,-58.48937849,28.07118,120.58698,28.08581,120.59066,9,454,0
341,1215,1.486673337,-30.87089936,27.98975,120.64468,27.98702,120.60848,8,7,0
577,2641,33.50659926,10.1610839,28.018317,120.838836,28.00624,120.82807,2,83,0
561,1708,-35.35072214,-0.79835141,28.02374,120.641626,28.02381,120.59717,3,4,0
6,2686,-66.86915944,16.44646128,28.0635,120.68056,28.0508,120.683,7,623,0
1098,2816,-52.86170985,-21.23383002,28.0475,120.62333,28.04411,120.63996,7,356,0
1603,1965,17.76740838,-33.42259803,27.94403,120.59556,27.94943,120.58007,10,10,0
830,2149,18.91559203,3.873832951,27.97997,120.68921,27.98472,120.69611,4,8,0
460,2232,31.98552877,51.42127802,27.996057,120.710262,27.99607,120.71016,7,609,0
691,1285,-47.85716661,-33.94967479,28.05782,120.58736,28.04108,120.61641,-1,26,0
803,2929,-51.45099094,16.5504465,28.02715,120.65114,28.026713,120.658442,7,320,0
1796,2200,-63.99123373,0.1694477,28.04071,120.63988,28.03746,120.65611,7,791,0
384,1535,-41.93486828,-4.573866907,28.01405,120.63301,28.03768,120.63277,-1,0,0
936,1736,-54.74037158,-5.599303289,28.02145,120.63334,28.029592,120.6244,-1,450,0
229,1293,53.33142653,-0.689331393,27.93122,120.80706,27.93743,120.83414,6,2,0
2028,2537,68.77079392,-4.755275361,27.92122,120.80887,27.92328,120.80462,6,1645,0
1901,2330,-1.243343516,-42.70981508,28.00515,120.56955,27.9967,120.60336,8,108,0
1308,2567,7.257804049,20.71682381,27.98404,120.68203,27.992138,120.656444,4,11,0
1549,1724,25.92563505,45.66229471,27.98966,120.70619,28.00258,120.70728,7,57,0
637,906,4.188872561,62.70421922,28.01522,120.68916,28.01211,120.69386,7,1296,0
12,1993,62.32548341,16.04396795,27.8751,120.81027,27.8714,120.79231,6,67,0
287,2428,1.952850773,-11.68050038,27.986822,120.630326,27.98819,120.6531,-1,30,0
292,761,-39.1862031,8.548279251,28.02857,120.65898,28.02569,120.64175,7,185,0
812,2415,-44.37450398,29.25882477,28.01375,120.6551,28.02,120.655,3,132,0
1058,2513,-43.8981402,-24.53309315,28.04752,120.63044,28.060569,120.603702,7,15,0
4,572,-2.361402175,-45.29571543,27.98663,120.61963,27.99271,120.56614,8,0,0
605,2116,-10.69467444,-41.0382725,28.0258,120.57913,28.04925,120.60197,-1,5,0
2399,2668,20.85561963,-40.3599632,27.951096,120.598666,27.94903,120.59549,10,9182,0
189,2901,29.42805994,5.020112327,27.98396,120.69007,27.97339,120.7071,-1,44,0
1683,1871,9.400954967,-8.589976973,27.95708,120.67304,27.96874,120.65488,5,25,0
353,673,-46.32596617,-39.6032733,28.04744,120.60876,28.05464,120.60495,7,3351,0
149,1938,-38.65486239,19.5267143,28.01646,120.65935,28.01832,120.65141,3,73,0
482,2241,33.36577137,33.96039006,27.97359,120.74776,27.98751,120.72346,-1,392,0
194,777,-7.214061236,50.11073517,28.0005,120.67726,28.0005,120.677262,4,81,0
956,1267,7.010425598,1.508737288,27.97159,120.65547,27.969489,120.657672,5,3968,0
1956,2481,19.20562636,-6.111048359,27.96946,120.72066,27.97265,120.66766,-1,0,0
2168,2542,-24.7078032,-25.4766316,28.02265,120.60445,28.01903,120.61189,3,1667,0
237,2365,-21.07738523,-28.23595049,28.023421,120.592786,28.01894,120.59618,3,2902,0
859,2279,4.575606808,-5.711082134,27.95386,120.68203,27.98388,120.70501,-1,17,0
291,366,-41.61940676,10.50017529,28.023257,120.659016,28.026431,120.658121,-1,58,0
975,2229,-9.0167,6.951251838,28.00397,120.67029,27.99852,120.65649,3,22,0
1388,2899,-42.80052389,19.86853847,28.01822,120.64711,28.02802,120.65472,-1,13,0
86,1401,-39.57298417,18.22521063,28.01563,120.65181,28.01999,120.65209,3,292,0
1769,2232,25.71723466,50.33080064,27.998722,120.707177,27.99607,120.71016,7,3837,0
783,2287,-12.5717234,-0.226588433,28.00282,120.64582,28.002169,120.645773,3,82,0
437,2277,1.717295979,13.53437571,27.98847,120.666286,27.99474,120.67188,4,44,0
384,1462,-22.84597497,-0.533013324,28.01405,120.63301,28.011021,120.64159,-1,8,0
221,2300,19.9696851,55.54462698,28.00742,120.71768,27.99832,120.72424,7,63,0
403,1935,28.39630137,7.537264354,27.98093,120.71034,27.97505,120.67499,-1,0,0
1407,2096,6.168706117,-40.09875945,27.97235,120.62717,27.97745,120.61375,8,610,0
2294,2801,-40.49179275,16.15458431,28.017358,120.65303,28.01569,120.65545,3,10,0
675,2418,31.83419932,-38.96096471,27.91318,120.6689,27.93672,120.67951,-1,0,0
501,2621,3.458375008,28.11200758,28.004176,120.686025,28.01036,120.67777,4,11,0
1697,2713,60.72363743,-8.86489723,27.93044,120.81856,27.9236,120.82555,6,340,0
824,1186,-13.51100023,-1.675601219,28.002956,120.643807,28.00302,120.64575,3,159,0
491,1515,-14.26250554,15.95826724,28.014866,120.661141,28.01034,120.65781,3,0,0
803,1373,-36.43560402,8.099116981,28.02715,120.65114,28.01793,120.66445,-1,39,0
422,2786,13.06418727,56.03914658,28.00525,120.70299,28.00603,120.706387,7,682,0
1198,2156,-24.39974833,-37.79980478,28.0332,120.591,28.02454,120.591434,-1,643,0
601,1335,60.38174755,2.229447669,27.91157,120.83255,27.92006,120.82563,6,35,0
49,1150,-10.44968175,-31.0337555,28.02104,120.58411,28.00906,120.58854,-1,64,0
2241,2624,30.44036444,38.85391624,27.98751,120.72346,27.97603,120.71773,-1,27,0
2736,2856,0.591698511,60.14891373,28.008768,120.696683,28.00877,120.69668,7,96,0
2750,2842,9.828678237,33.58354919,28.00455,120.70115,27.98853,120.69743,-1,9,0
813,836,-25.24051359,-23.91005125,28.01833,120.607999,28.02242,120.60801,3,3313,0
1117,1759,-12.45669773,32.97304895,28.02055,120.68861,28.018481,120.682668,-1,105,0
513,2298,36.77558675,-35.7832579,27.921152,120.682999,27.92952,120.68107,-1,95,0
1255,2611,0.327137652,21.75410487,27.9997,120.67055,27.995832,120.677166,-1,8,0
221,1053,27.87511609,52.02399934,28.00742,120.71768,27.99068,120.7167,7,75,0
23,2794,-22.66919475,25.40089177,28.015057,120.667466,28.01525,120.66602,3,19,0
372,386,-4.480651489,48.24105662,27.99629,120.68028,27.99487,120.67969,4,492,0
61,1026,14.33633316,15.14374905,28.00969,120.67408,27.981479,120.677436,-1,14,0
943,2419,34.52459595,43.09132758,27.98369,120.71502,27.980722,120.721813,-1,331,0
2255,2512,2.299418256,24.71742865,27.99861,120.67972,27.99935,120.67604,4,11,0
1935,2224,8.672986154,9.794215757,27.97505,120.67499,27.98445,120.67253,-1,145,0
457,627,-66.01706526,12.14908908,28.01851,120.70462,28.0494,120.66193,7,57,0
1837,2550,5.033430855,-21.67228574,27.98603,120.63754,27.98622,120.61752,8,248,0
2200,2450,-65.46769872,3.522488012,28.03746,120.65611,28.04901,120.63968,7,436,0
1496,2366,22.85246979,4.606883721,27.97767,120.70127,27.97973,120.67677,-1,23,0
195,2666,-56.97278452,-25.15830782,28.041109,120.62863,28.04116,120.62863,7,1136,0
94,2239,-4.755630044,54.63914973,28.00246,120.68241,28.00222,120.68192,4,798,0
204,2131,3.181475826,-13.2384469,27.99015,120.62566,27.97509,120.65593,-1,28,0
1053,2142,32.60345438,48.12244645,27.99068,120.7167,27.98684,120.71242,7,3120,0
1335,1581,59.69320852,5.030005176,27.92006,120.82563,27.90633,120.81918,6,54,0
2005,2272,45.13006328,-33.1124405,27.92325,120.6878,27.91974,120.69145,3,14672,0
43,384,-25.9026569,0.461693871,28.023236,120.644174,28.01405,120.63301,-1,32,0
838,2318,-16.94111186,9.580599412,28.01758,120.65251,28.0217,120.647,3,2,0
2626,2750,4.752241703,54.48305824,28.00254,120.695427,28.00455,120.70115,7,30,0
365,935,12.7764175,9.289048225,27.98328,120.65734,27.97987,120.68111,4,0,0
1309,1997,0.057984911,-6.87858599,28.0834,120.6882,28.07481,120.68325,1,74,0
1033,1637,-18.16740374,-12.71678098,28.007951,120.626328,28.007347,120.618907,4,407,0
706,2117,-26.9252072,12.72453,28.01787,120.65315,28.0167,120.6534,3,66,0
1255,1748,-12.27753742,47.69537178,27.9997,120.67055,27.99958,120.67043,3,676,0
152,285,66.24960489,2.827278453,27.91139,120.82389,27.90175,120.80936,6,514,0
1169,1590,-18.93464789,-24.70330057,28.01606,120.6036,28.02239,120.59436,3,59,0
405,2903,0.039029201,43.26534107,27.989232,120.680662,27.98648,120.68189,4,315,0
492,2074,31.30273538,48.28578291,27.99261,120.71419,27.986124,120.709577,7,70,0
745,1555,-67.20305333,6.767038797,28.04541,120.65027,28.043798,120.657967,7,870,0
630,661,5.951514102,51.60028924,28.0017,120.699,28.00053,120.6999,7,43,0
1070,2774,43.47858478,18.04158244,27.97374,120.7589,27.96407,120.76438,10,345,0
1321,2750,2.451837015,52.10871297,27.99863,120.68954,28.00455,120.70115,-1,50,0
1321,2924,-0.804974354,56.24363042,27.99863,120.68954,28.0079,120.69401,-1,18,0
701,2675,9.200483386,38.53198599,28.0027,120.69981,28.0028,120.699,7,45,0
1159,2784,-31.13862975,-33.88130363,28.02791,120.59925,28.05184,120.61542,-1,2,0
2759,2904,70.14751782,-11.33939066,27.96648,120.78929,27.95985,120.77797,2,624,0
1572,1772,-27.26219772,-29.43645368,28.02693,120.60664,28.02618,120.60498,3,4233,0
694,1742,-11.14908728,33.90349956,28.015,120.686,28.010383,120.6909,7,64,0
656,2319,18.88812713,-35.78207406,27.96161,120.59217,27.97631,120.60491,-1,292,0
89,1889,-43.27517312,33.10746608,28.0164,120.65703,28.01442,120.65841,3,822,0
414,1612,13.42133438,-35.04812374,27.96162,120.59686,27.9938,120.57017,-1,0,0
1771,1879,2.283672713,34.13231822,27.99855,120.69275,27.999526,120.680665,4,2,0
1164,1608,-67.32541234,4.904550261,28.04057,120.64705,28.0453,120.65749,7,942,0
1152,2215,-19.66466336,5.081066582,28.013647,120.656985,28.01028,120.64503,3,178,0
1127,2778,-8.108744571,-5.997441193,28.01,120.62972,27.99859,120.64039,-1,17,0
599,2564,29.3349753,-1.858616529,27.97321,120.72684,27.96169,120.70433,10,2389,0
224,382,-36.59381166,41.68706444,28.01492,120.66976,28.01967,120.6623,3,461,0
572,1765,6.730723781,-54.67011298,27.99271,120.56614,27.9931,120.58597,8,121,0
2392,2736,7.640530484,40.44495761,28.00878,120.68835,28.008768,120.696683,7,22,0
279,2173,35.12925128,31.30824805,27.98465,120.73383,28.01765,120.74361,-1,25,0
2258,2263,-16.33333297,11.0904352,28.01658,120.65764,28.00726,120.65848,3,0,0
709,912,41.86796791,35.89517372,27.97153,120.73361,27.98324,120.72334,10,1279,0
1638,1977,-7.704036217,44.62176744,27.99258,120.67111,27.99753,120.67522,4,91,0
761,1441,-57.74575264,0.428393093,28.02569,120.64175,28.04381,120.65767,7,8,0
1515,2452,-38.3028776,34.9575963,28.01034,120.65781,28.0105,120.66068,3,2145,0
378,1519,40.74534721,14.07545348,27.96458,120.79525,27.97433,120.75966,-1,13,0
1796,2743,-54.70707929,-13.74389538,28.04071,120.63988,28.049957,120.622963,7,28,0
255,2500,68.83079984,-3.256760168,27.91211,120.79786,27.9127,120.77824,6,2169,0
2586,2958,26.86255425,12.61629671,28.02241,120.81161,28.01508,120.78821,2,759,0
869,914,62.50386398,-2.907213326,27.94864,120.77547,27.93088,120.80284,-1,50,0
640,2415,-26.61225335,20.2937938,28.01677,120.65806,28.02,120.655,3,7,0
545,2481,13.03830642,-5.162769605,27.96676,120.65937,27.97265,120.66766,5,15515,0
1935,2209,12.5024499,2.363916695,27.97505,120.67499,27.96734,120.67106,5,2908,0
1394,2373,-12.30884871,40.30262382,27.99572,120.672658,27.99672,120.65264,-1,2,0
486,797,45.86495094,27.1106992,27.97508,120.74612,27.97373,120.74409,10,11929,0
329,506,27.92620901,-50.89239262,27.86838,120.6556,27.8557,120.65678,3,114,0
61,2164,-35.16730285,40.71207662,28.00969,120.67408,28.01286,120.66582,3,51,0
1130,1478,-33.62322257,-3.748657613,28.02327,120.63423,28.02333,120.63639,-1,4,0
2100,2422,58.90609802,-12.39779178,27.93118,120.82472,27.93079,120.82979,6,1964,0
870,1519,41.2787759,13.65539375,27.99111,120.78113,27.97433,120.75966,10,138,0
1601,2226,53.31439457,-11.46272376,27.94796,120.8414,27.95539,120.82859,6,938,0
1602,1755,40.40606872,-32.54066629,27.91457,120.70609,27.916499,120.696973,3,149,0
79,2398,45.71795278,-31.22211882,27.921889,120.696181,27.923249,120.687804,3,125,0
2083,2155,13.55016662,-30.97259658,27.95887,120.60962,27.93749,120.59711,10,125,0
214,1094,-13.17237447,-22.62262684,28.01125,120.625528,28.01845,120.59962,-1,10,0
819,914,68.4623237,-5.31778928,27.91736,120.79806,27.93088,120.80284,6,489,0
2694,2815,6.651170869,57.07630642,28.00118,120.70197,28.00165,120.70452,7,287,0
870,1845,38.61891161,13.72127471,27.99111,120.78113,27.99406,120.72557,-1,5,0
1262,1699,4.644589397,10.31380365,27.98453,120.66027,27.97659,120.67899,-1,5,0
619,1548,-40.46363956,36.70245614,28.01319,120.65921,28.01442,120.66161,3,325,0
58,866,43.27940818,32.70809822,27.97969,120.74181,27.97155,120.73972,10,639,0
246,545,12.53262338,-4.276763429,27.95634,120.66596,27.96676,120.65937,5,228,0
1290,1777,-0.15108183,60.80106792,28.003203,120.691994,28.00536,120.69345,7,2700,0
1293,2037,58.72626845,-9.099917636,27.93743,120.83414,27.9208,120.84047,6,238,0
353,2926,-38.392626,-27.63862055,28.04744,120.60876,28.04361,120.61806,7,0,0
486,1839,46.18249365,28.06099177,27.97508,120.74612,27.97706,120.75192,10,1918,0
1929,2219,35.20603595,-45.58578262,27.91255,120.63921,27.88424,120.6382,3,162,0
729,813,-23.64898221,-22.68717938,28.02336,120.60588,28.01833,120.607999,3,246,0
801,2021,29.87481388,-43.94629332,27.87582,120.66951,27.92043,120.68424,3,22,0
387,1429,-12.95660521,-36.15860193,28.0246,120.58292,28.019912,120.604277,-1,8,0
1448,1457,30.02741106,50.9915613,27.99567,120.715,27.99566,120.715,7,17126,0
672,1204,14.97701537,-38.54106888,27.96719,120.59359,27.94777,120.6125,-1,30,0
1655,2052,32.04530111,-23.8108837,27.92826,120.70156,27.92832,120.69785,3,17,0
1654,1732,-28.5440765,-33.1496358,28.02792,120.60131,28.027103,120.600906,3,48,0
1187,1837,6.166947231,-23.1312741,27.96331,120.66311,27.98603,120.63754,-1,18,0
442,1888,60.80648923,5.78840617,27.92124,120.83163,27.89882,120.82105,6,42,0
274,1989,61.32484341,-4.816372007,27.93493,120.81508,27.93336,120.81773,6,110,0
41,703,9.257841031,-43.4539507,27.95746,120.61208,27.99417,120.59982,-1,11,0
687,2259,7.492012548,34.37960098,28.006318,120.696659,28.00154,120.69636,7,107,0
394,1708,-25.93966903,-41.15740708,28.029211,120.593311,28.02381,120.59717,3,783,0
996,2396,-50.04822193,-24.3326359,28.04161,120.62551,28.03985,120.62173,7,55,0
803,2792,-22.16316358,32.96312686,28.02715,120.65114,28.02302,120.66759,-1,49,0
799,2713,54.9977669,-0.247617265,27.93368,120.81563,27.9236,120.82555,6,45,0
943,1895,34.21889719,40.82015225,27.98369,120.71502,27.96905,120.70307,-1,93,0
2226,2430,52.00851983,-8.352848241,27.95539,120.82859,27.96011,120.81628,6,180,0
291,1015,-15.63527159,-35.17210629,28.023257,120.659016,28.02245,120.61239,3,29,0
1255,1833,-4.309959171,14.34268256,27.9997,120.67055,28.004724,120.662825,3,4,0
763,1865,44.16318046,31.29596763,27.97775,120.74248,27.97506,120.73909,10,1613,0
1446,1914,2.049697568,-5.660644659,27.98015,120.60519,27.968664,120.609359,8,41,0
463,1503,-10.4595145,-46.6381638,28.02702,120.57609,28.0363,120.5857,9,639,0
1772,2509,-18.93355243,-30.63824376,28.02618,120.60498,28.02225,120.60442,3,76,0
1759,2621,-22.60683956,45.08720696,28.018481,120.682668,28.01036,120.67777,-1,75,0
1306,2120,-9.314405615,1.687377079,27.99383,120.62833,28.00312,120.65388,-1,6,0
436,2140,-16.58688843,50.54575118,28.01004,120.66769,28.01066,120.66821,3,35,0
31,2055,-54.00388091,-4.429698949,28.02343,120.63235,28.02288,120.63142,-1,54,0
221,731,15.55439942,47.54118641,28.00742,120.71768,28.00847,120.71645,7,33,0
818,896,19.58801185,-15.06406961,27.94749,120.64401,27.93874,120.62121,5,12,0
473,869,70.66405782,-7.622585199,27.94738,120.78177,27.94864,120.77547,2,238,0
949,2004,-25.21031842,-58.35048835,28.042263,120.582178,28.05469,120.58692,9,317,0
1022,1635,22.19056524,34.5641221,27.99539,120.7173,27.999841,120.721011,7,5,0
1055,2560,61.00643389,15.46821394,27.89321,120.79688,27.86448,120.80129,6,2,0
955,2686,-64.03813521,11.75009687,28.04133,120.65311,28.0508,120.683,7,53,0
794,1166,14.73999395,-34.00964282,27.96834,120.57402,27.95794,120.60138,-1,19,0
1032,2151,-45.35991554,-30.83032684,28.06432,120.61469,28.06452,120.61682,9,347,0
1400,1772,-18.72675361,-29.95723883,28.01833,120.60806,28.02618,120.60498,3,87,0
1581,2966,65.90156312,3.982717927,27.90633,120.81918,27.90319,120.81717,6,12700,0
868,2433,-24.31859305,25.51027077,28.01279,120.66871,28.02202,120.66394,3,188,0
438,2746,-53.88464543,-27.98909231,28.03933,120.62364,28.03863,120.61579,7,183,0
2203,2784,-45.2514198,-28.58288552,28.04851,120.61871,28.05184,120.61542,7,52,0
1679,1769,26.64809308,48.38611413,27.99338,120.70875,27.998722,120.707177,7,787,0
450,2823,18.48746984,-48.89655223,27.96474,120.57156,27.94947,120.55856,-1,1418,0
1576,2539,13.61657039,-25.25206948,27.970529,120.613192,27.97231,120.62724,8,10,0
1935,2353,13.15835695,2.848091209,27.97505,120.67499,27.973777,120.682079,5,6253,0
108,1944,12.65587345,-52.85347238,27.98228,120.5774,27.97112,120.57378,8,997,0
954,1958,-37.89370196,41.71181809,28.018214,120.672196,28.01842,120.65967,3,419,0
1027,2370,-35.56089824,-50.40081378,28.08394,120.58605,28.08375,120.59178,9,111,0
869,1956,46.06986167,4.164587934,27.94864,120.77547,27.96946,120.72066,-1,53,0
358,1459,40.68903881,30.61183096,27.96854,120.74135,27.97111,120.739,10,240,0
490,2094,-1.933100224,-46.53619639,28.00307,120.6298,27.992,120.60987,-1,4,0
1900,2784,-39.26420261,-46.2056651,28.06605,120.58485,28.05184,120.61542,-1,9,0
2794,2899,-24.43908603,23.42926266,28.01525,120.66602,28.02802,120.65472,-1,6,0
2575,2900,-24.86868267,-35.46272411,28.02926,120.59028,28.02464,120.59964,-1,259,0
959,1774,-33.76026197,31.295067,28.009115,120.657413,27.99094,120.65242,-1,66,0
1506,1608,-65.18295631,11.78885087,28.02799,120.66168,28.0453,120.65749,7,341,0
1638,2190,4.094328216,14.14202435,27.99258,120.67111,27.98235,120.67423,-1,14,0
573,1977,-4.510425722,24.75027494,28.014374,120.672952,27.99753,120.67522,-1,0,0
1394,2767,-3.473297615,13.22535791,27.99572,120.672658,28.00293,120.64916,-1,0,0
1495,1717,10.53979147,-36.90107627,27.95745,120.62666,27.99375,120.61713,8,0,0
906,2928,-1.980366317,40.09019355,28.01211,120.69386,27.99271,120.68075,-1,0,0
1454,1647,34.59992056,-20.93709163,27.92271,120.7068,27.92515,120.70447,3,109,0
1331,1500,-42.05335468,-24.74901365,28.07361,120.61293,28.05006,120.62061,-1,96,0
1215,2790,2.166883848,-49.12837146,27.98702,120.60848,27.99273,120.60679,8,1378,0
454,2405,4.645808489,1.361330698,27.98,120.66708,27.96984,120.68551,5,12,0
2263,2685,-14.68956452,12.17735879,28.00726,120.65848,28.008675,120.658237,3,56,0
1051,2396,-34.46579239,-22.55533717,28.04252,120.60963,28.03985,120.62173,7,68,0
179,1563,42.83319868,-17.04950416,27.92748,120.69689,27.92204,120.69661,3,324,0
6,643,-63.81389842,18.72591406,28.0635,120.68056,28.04355,120.65147,7,11,0
1565,2396,-38.04733068,-5.75345996,28.03749,120.6251,28.03985,120.62173,7,6,0
1022,1445,29.29920875,51.65098826,27.99539,120.7173,27.99263,120.7145,7,361,0
1058,1565,-41.94163619,-1.532737506,28.04752,120.63044,28.03749,120.6251,7,75,0
1428,2518,-54.73661292,-4.341352911,28.02259,120.62662,28.03042,120.62936,7,9,0
780,1761,-8.760183644,51.84267432,28.01006,120.68043,27.99851,120.67952,4,742,0
1718,2232,25.78229631,52.63762147,28.001831,120.717278,27.99607,120.71016,7,2173,0
15,1673,-5.496757484,-0.108386111,27.97664,120.63227,28.00217,120.64577,-1,0,0
1004,1338,-38.29305754,-25.07319889,28.04879,120.61397,28.056963,120.625239,7,0,0
438,1273,-54.93966438,-28.29225174,28.03933,120.62364,28.02347,120.61544,-1,250,0
1502,1994,-8.088628605,41.27374864,27.991292,120.664871,27.992378,120.669665,4,10663,0
394,2178,-24.10814478,-40.97859934,28.029211,120.593311,28.02937,120.59162,-1,1952,0
1255,2366,2.262993884,13.40060691,27.9997,120.67055,27.97973,120.67677,-1,40,0
545,2428,11.04908029,-3.626455841,27.96676,120.65937,27.98819,120.6531,5,43,0
287,735,-6.932405399,-19.02870404,27.986822,120.630326,27.993371,120.637184,8,103,0
1142,1173,-21.28431778,15.11762548,28.01146,120.65856,28.01246,120.65751,3,97,0
1193,1804,-15.80914266,-14.39081049,28.005085,120.614834,28.00502,120.61628,4,27,0
1562,1702,6.098189569,-57.13071084,27.99767,120.57531,27.997171,120.570542,8,306,0
852,2421,-40.47951583,24.54440538,28.013741,120.650393,28.014321,120.650131,3,72,0
214,939,-16.46650705,-11.1547701,28.01125,120.625528,28.011111,120.6275,4,16,0
984,2232,22.37748997,48.55917005,28.002192,120.710532,27.99607,120.71016,7,37,0
973,1284,38.68420077,-13.5981732,27.93169,120.70193,27.94439,120.71319,-1,45,0
1567,2012,-34.53396331,-0.208133836,28.02383,120.63843,28.02392,120.644412,-1,10,0
1828,2816,-60.13178387,4.634810693,28.039716,120.651201,28.04411,120.63996,7,265,0
684,2298,32.83606278,-43.9631705,27.88258,120.62827,27.92952,120.68107,-1,59,0
611,2625,63.74776272,11.38791206,27.867358,120.820794,27.89938,120.82864,6,12,0
454,1638,-9.482324677,40.71172243,27.98,120.66708,27.99258,120.67111,-1,68,0
1571,1709,47.1554772,16.59895771,27.97334,120.75738,27.97034,120.76311,10,135,0
212,857,49.61554333,-0.734365658,27.95491,120.7872,27.93632,120.80777,-1,16,0
1286,2263,-37.70536787,28.15673264,28.01117,120.65006,28.00726,120.65848,3,24,0
372,1855,-2.078462306,37.06181348,27.99629,120.68028,27.98606,120.67631,4,6,0
25,2281,32.68098966,-3.790199636,27.976204,120.667973,28.00143,120.63625,-1,24,0
270,2433,-19.33435942,26.78260428,28.01764,120.68649,28.02202,120.66394,-1,36,0
1635,2300,21.19569391,57.36192302,27.999841,120.721011,27.99832,120.72424,7,461,0
1998,2420,6.643809744,-43.1121804,27.987217,120.623164,27.98362,120.61785,8,4071,0
1444,1590,-9.328542932,-34.00708725,28.019216,120.588125,28.02239,120.59436,-1,48,0
841,2030,-32.79743015,-2.514916368,28.0171,120.63698,28.017229,120.633291,3,70,0
54,1285,-29.33256566,-13.20294162,28.018598,120.620672,28.04108,120.61641,-1,0,0
287,2534,-5.082153784,-23.42756154,27.986822,120.630326,27.986553,120.628013,8,241,0
2228,2849,18.86346185,-34.35575374,27.94986,120.5872,27.92064,120.57853,10,16,0
1023,1441,-62.13198999,9.407115661,28.046787,120.661963,28.04381,120.65767,7,121,0
1439,1681,17.70360172,52.62621764,28.005515,120.719495,28.005277,120.718888,7,84,0
1123,2848,12.51267507,-7.602365786,27.96552,120.64757,27.965369,120.686131,5,0,0
353,2116,-45.89605874,-39.54534257,28.04744,120.60876,28.04925,120.60197,7,5298,0
1624,2668,12.60595995,-39.5976774,27.971715,120.608414,27.94903,120.59549,-1,31,0
533,2227,0.698138132,10.04668448,27.97788,120.66759,27.98375,120.66578,-1,110,0
606,2129,-14.39638155,2.375249122,28.004829,120.6409,27.98951,120.64774,-1,4,0
1184,1187,8.371016314,-13.79375509,27.982012,120.645724,27.96331,120.66311,5,208,0
367,1134,0.515429716,-33.97633648,27.99233,120.60381,27.99644,120.63354,8,9,0
1360,2353,16.00052818,5.665179925,27.993854,120.698744,27.973777,120.682079,-1,6,0
2413,2560,65.88533544,23.56939787,27.85882,120.79137,27.86448,120.80129,6,1102,0
1298,1721,-47.37874784,0.916546695,28.01943,120.636564,28.01943,120.63656,3,2,0
865,2653,-38.73717655,-38.71843875,28.0464,120.604,28.03697,120.58917,-1,750,0
529,1380,-22.68488437,47.14747478,28.01174,120.68077,28.00675,120.68244,-1,427,0
1986,2263,-13.62155939,11.84973945,28.00896,120.66378,28.00726,120.65848,3,108,0
224,1991,-4.824028226,24.56905153,28.01492,120.66976,28.00104,120.67237,3,111,0
927,1718,25.44134029,31.04949357,27.99224,120.72085,28.001831,120.717278,7,4,0
343,1051,-51.14823217,-25.91140063,28.03943,120.62365,28.04252,120.60963,7,50,0
11,1439,21.29656299,53.30862016,27.99544,120.72251,28.005515,120.719495,7,76,0
1288,2375,34.33890578,-27.05024524,27.91607,120.69654,27.91276,120.70931,3,95,0
475,703,7.892681568,-35.95244646,27.98226,120.62389,27.99417,120.59982,8,61,0
746,2209,25.00511805,-8.20627473,27.94545,120.66986,27.96734,120.67106,5,105,0
1869,2298,35.21032422,-42.95734162,27.89644,120.63496,27.92952,120.68107,-1,100,0
1385,2518,-36.95933889,-6.229730993,28.05153,120.62762,28.03042,120.62936,7,0,0
1238,2287,-6.181798186,0.849485284,28.00439,120.65275,28.002169,120.645773,3,14,0
192,332,-6.731463961,34.50289608,28.002732,120.666557,28.00341,120.68731,-1,0,0
239,1543,24.95372956,19.20203317,28.03887,120.7934,28.03307,120.79284,2,19372,0
1239,2211,38.18467115,-48.0535641,27.87124,120.64996,27.90973,120.63455,3,1623,0
797,1852,45.87813829,21.97620141,27.97373,120.74409,27.96059,120.7497,10,1492,0
264,2701,-40.47734878,37.40778643,28.01535,120.66232,28.0144,120.6591,3,180,0
680,1302,46.42432063,7.815999052,27.95109,120.83505,27.96848,120.78369,-1,76,0
1342,1606,-9.664589046,25.28239673,28.00491,120.67627,28.01492,120.67488,-1,21,0
1587,2344,-14.99237197,-3.923578152,28.00917,120.64028,28.000843,120.64058,3,83,0
1625,2726,63.56437783,-4.761793317,27.91671,120.81301,27.9296,120.80677,6,92,0
1049,2120,-10.88048164,5.316197561,28.00814,120.66242,28.00312,120.65388,3,49,0
2431,2767,-12.02944609,5.561205928,28.0053,120.633,28.00293,120.64916,3,7,0
255,520,53.81403027,7.047762264,27.91211,120.79786,27.88953,120.79251,6,13,0
865,2292,-34.40905477,-39.46345582,28.0464,120.604,28.04572,120.58643,-1,55,0
155,2183,65.47259162,6.79825543,27.90066,120.82456,27.89444,120.81353,6,68,0
1100,2053,-51.05044313,-7.897049301,28.00741,120.61911,28.01003,120.63016,4,240,0
387,468,-8.132387696,-48.16890228,28.0246,120.58292,28.02464,120.59155,-1,1801,0
578,2497,31.76832217,-15.58672929,27.91219,120.68358,27.92371,120.73494,3,18,0
1398,1732,-25.67420162,-34.0617132,28.02438,120.60303,28.027103,120.600906,3,3422,0
780,2446,-2.49022157,14.0959438,28.01006,120.68043,27.98763,120.66308,4,0,0
297,1099,61.97042023,-2.504551029,27.92911,120.80675,27.92578,120.79581,6,44,0
487,1933,5.012035095,-2.274071695,27.98776,120.67428,27.9843,120.66116,4,46,0
343,996,-55.81620623,-26.48289302,28.03943,120.62365,28.04161,120.62551,7,196,0
212,2757,49.65407397,-3.444175931,27.95491,120.7872,27.95417,120.82421,-1,73,0
541,1123,12.37937087,-29.09061012,27.96193,120.60948,27.96552,120.64757,-1,8,0
1149,2467,-34.38195861,-12.39851284,28.02051,120.67683,28.025613,120.638246,-1,177,0
618,1590,-16.82059728,-38.939808,28.03155,120.59436,28.02239,120.59436,-1,3,0
372,2842,6.052878464,25.89929883,27.99629,120.68028,27.98853,120.69743,4,19,0
1435,2784,-43.7910811,-20.12514052,28.046174,120.636789,28.05184,120.61542,7,122,0
698,1008,-45.26492641,-46.46684144,28.07126,120.60869,28.06212,120.60705,9,1593,0
895,2532,-67.014034,17.93809054,28.03688,120.73858,28.03232,120.78261,-1,15,0
1871,2353,4.697784072,-12.86779912,27.96874,120.65488,27.973777,120.682079,5,16,0
112,2290,-16.79660033,-20.9180902,28.01472,120.61007,28.01109,120.5954,3,8,0
112,1033,-16.20276953,-18.64762914,28.01472,120.61007,28.007951,120.626328,-1,14,0
1455,2827,-49.89868431,-26.8138109,28.03905,120.62757,28.05657,120.60001,7,39,0
172,2197,-54.17177641,-29.371528,28.0428,120.62069,28.04449,120.62163,7,300,0
445,2010,-3.977618362,49.24523849,27.99681,120.68119,27.99742,120.68104,4,1700,0
2137,2784,-43.75285662,-17.70186226,28.04852,120.65349,28.05184,120.61542,7,28,0
923,1338,-58.97209036,-19.07739877,28.06101,120.62576,28.056963,120.625239,7,1737,0
1576,2083,12.58624229,-31.27643409,27.970529,120.613192,27.95887,120.60962,-1,41,0
1422,2519,16.05463366,36.76238297,28.00506,120.71172,27.99715,120.70087,7,81,0
1503,1626,-16.79651904,-25.10734953,28.0363,120.5857,28.01389,120.60169,-1,2,0
6,832,-65.96412431,16.76880611,28.0635,120.68056,28.05231,120.68005,7,297,0
675,2058,37.84907172,-41.43848161,27.91318,120.6689,27.87238,120.65735,3,13,0
331,729,-31.15726771,-22.3450908,28.03958,120.62042,28.02336,120.60588,-1,7,0
942,2958,29.29796252,18.57423582,28.021266,120.794656,28.01508,120.78821,2,9593,0
492,1549,27.19535444,46.62635883,27.99261,120.71419,27.98966,120.70619,7,9,0
124,2682,-7.050008814,-16.26021738,27.99261,120.62341,27.99605,120.64769,-1,99,0
59,255,69.72939339,-2.421113237,27.90238,120.80278,27.91211,120.79786,6,5189,0
2190,2848,8.257771883,9.551230823,27.98235,120.67423,27.965369,120.686131,5,41,0
331,2137,-35.46849668,-20.55024123,28.03958,120.62042,28.04852,120.65349,7,11,0
1152,1938,-27.35849742,10.55571209,28.013647,120.656985,28.01832,120.65141,3,10,0
763,2223,6.389323837,-8.376040552,27.97775,120.74248,27.922663,120.824735,-1,22,0
2402,2432,-1.106959721,-44.13964271,27.996821,120.606522,27.99839,120.59856,8,33,0
994,2939,-40.06008878,28.64411719,28.01318,120.65352,28.011397,120.653141,3,918,0
313,2863,33.07321541,-42.7979952,27.900456,120.63408,27.888,120.649,3,6,0
382,1443,-21.32374701,36.93887569,28.01967,120.6623,28.02212,120.67074,3,238,0
454,533,8.226348279,3.65569586,27.98,120.66708,27.97788,120.66759,5,438,0
539,1988,-23.18299434,4.987967736,28.01516,120.65303,28.01854,120.63879,3,18,0
943,1591,21.58980389,39.49408803,27.98369,120.71502,28.00528,120.70899,7,31,0
26,2465,39.26219028,-50.06233022,27.91714,120.66023,27.88796,120.64935,3,1169,0
305,2012,-45.87447057,3.665634664,28.008511,120.618079,28.02392,120.644412,-1,47,0
1105,2939,-37.46443869,28.41243742,28.00791,120.64843,28.011397,120.653141,3,739,0
1262,1308,6.477449356,12.62771992,27.98453,120.66027,27.98404,120.68203,4,25,0
1899,2827,-42.74050413,-44.42468823,28.06248,120.60338,28.05657,120.60001,-1,10031,0
1695,2086,-12.96069486,-47.63723831,28.02937,120.5775,28.03771,120.57585,9,32,0
925,1394,-8.464123414,37.23880538,28.00554,120.66603,27.99572,120.672658,-1,2,0
698,1098,-41.35136714,-24.26538594,28.07126,120.60869,28.0475,120.62333,-1,20,0
1602,2362,34.53419455,-26.83217284,27.91457,120.70609,27.92159,120.70412,3,42,0
312,2901,14.50696366,3.925659332,27.97483,120.67456,27.97339,120.7071,-1,28,0
160,1950,36.24448927,43.74930883,27.97864,120.71467,27.99139,120.71952,-1,132,0
1220,1622,-1.534751567,33.08553765,28.000812,120.679146,28.00126,120.6875,4,5,0
1400,1736,-25.59763353,-19.85130461,28.01833,120.60806,28.029592,120.6244,-1,164,0
525,1706,41.17429626,-26.41025778,27.92276,120.70713,27.9208,120.70586,3,440,0
237,1150,-10.16636689,-29.8448385,28.023421,120.592786,28.00906,120.58854,3,646,0
1940,2484,-39.97479454,-45.953054,28.05756,120.60725,28.07449,120.5874,-1,31,0
1362,2187,72.36584976,6.027626689,27.89369,120.80917,27.89058,120.80958,6,1367,0
534,823,21.8170584,-14.22592486,27.93767,120.66978,27.9511,120.66043,5,284,0
1977,2915,0.206559447,23.65778233,27.99753,120.67522,27.98732,120.68157,4,93,0
365,2373,-0.547741542,3.47584793,27.98328,120.65734,27.99672,120.65264,-1,463,0
815,1312,-7.529322926,-45.46147375,28.022225,120.579329,28.023857,120.581022,9,4201,0
1753,2248,18.11444352,2.350591071,27.96526,120.65283,27.97512,120.69186,-1,2,0
1595,2188,-39.28721053,-4.426213557,28.03104,120.63718,28.02031,120.62527,-1,10,0
86,1388,-42.33770305,22.97357827,28.01563,120.65181,28.01822,120.64711,3,78,0
684,2490,37.75981913,-50.50031517,27.88258,120.62827,27.88534,120.6674,3,1150,0
2403,2556,15.67732211,37.75060074,28.005136,120.71749,28.00322,120.7122,7,39,0
666,1008,-41.44267316,-45.69812924,28.07352,120.58467,28.06212,120.60705,9,123,0
603,1166,14.45624311,-42.13352049,27.97164,120.62661,27.95794,120.60138,-1,99,0
767,2890,-59.2576298,3.119296942,28.03954,120.64044,28.02424,120.6348,-1,60,0
1082,1388,-43.83841203,22.14526131,28.016688,120.655528,28.01822,120.64711,3,172,0
394,1823,-19.71250266,-38.51362797,28.029211,120.593311,28.037123,120.578514,-1,14,0
803,1528,-36.83885458,14.3250856,28.02715,120.65114,28.01484,120.64575,-1,4,0
2816,2890,-62.74631161,-0.280197793,28.04411,120.63996,28.02424,120.6348,-1,756,0
424,955,-61.15949323,14.20156386,28.025412,120.669507,28.04133,120.65311,-1,2,0
103,1506,-39.3773888,13.44380738,28.01732,120.6582,28.02799,120.66168,-1,0,0
224,975,-6.855879582,20.05786423,28.01492,120.66976,28.00397,120.67029,3,84,0
22,2223,63.6073196,-9.265524332,27.921557,120.82208,27.922663,120.824735,6,279,0
614,2968,-23.28550139,10.91887103,28.0124,120.65063,28.02802,120.6546,-1,0,0
1302,2641,35.5151947,11.04692132,27.96848,120.78369,28.00624,120.82807,2,21,0
458,1279,31.70156863,-46.52372878,27.87682,120.64507,27.89941,120.63473,3,15,0
439,453,-44.23020227,3.26897328,28.02332,120.64816,28.023866,120.643318,3,127,0
73,305,-21.41096349,-6.843607095,28.01003,120.63314,28.008511,120.618079,-1,31,0
972,1472,21.13258408,3.852601223,27.94366,120.68317,27.99188,120.69412,-1,2,0
264,1958,-41.40065717,38.96630794,28.01535,120.66232,28.01842,120.65967,3,3852,0
317,1298,-29.16022972,1.356646176,28.01994,120.655,28.01943,120.636564,3,5,0
1547,2515,-42.17291967,-47.74588947,28.07752,120.5896,28.06853,120.60201,9,930,0
370,2089,12.64023562,-11.72959623,27.95455,120.65292,27.970224,120.651685,5,32,0
402,2792,-19.8978624,29.66579006,28.01188,120.66205,28.02302,120.66759,3,13,0
300,1852,45.48729901,19.38908749,27.9685,120.75992,27.96059,120.7497,10,1317,0
239,655,-67.39513114,17.79463261,28.03887,120.7934,28.03962,120.71918,-1,5,0
545,2788,13.24803625,-16.70834113,27.96676,120.65937,27.96243,120.65546,5,12406,0
11,1053,29.63692431,52.39710526,27.99544,120.72251,27.99068,120.7167,7,1336,0
281,1985,49.3827741,-0.694235424,27.94397,120.77876,27.94404,120.78393,2,192,0
135,638,-1.189414795,-49.3431358,27.9974,120.622,27.99736,120.62159,-1,1502,0
942,2956,31.80360377,13.07928166,28.021266,120.794656,28.01751,120.79482,2,141,0
956,2593,9.438932453,-0.778736981,27.97159,120.65547,27.96314,120.66947,5,47,0
2223,2966,64.45932996,0.08575178,27.922663,120.824735,27.90319,120.81717,6,184,0
89,250,-19.65094428,18.86659881,28.0164,120.65703,28.014565,120.656448,3,41,0
1541,1815,43.62753893,-35.84047642,27.9252,120.6899,27.92444,120.68972,3,204,0
469,1057,-2.711533144,30.1314662,28.00657,120.67892,28.00859,120.67718,-1,104,0
550,1591,18.2558081,51.00566168,28.0076,120.72365,28.00528,120.70899,7,71,0
1338,2012,-54.87039136,0.960391725,28.056963,120.625239,28.02392,120.644412,-1,18,0
500,2300,18.76888308,45.22264227,27.99978,120.7112,27.99832,120.72424,7,113,0
1398,2847,-16.50362462,-34.18481091,28.02438,120.60303,28.041041,120.588459,-1,50,0
173,1061,45.78931638,-20.48770114,27.92548,120.70387,27.92415,120.70545,3,231,0
876,1217,-50.14282089,3.450982117,28.01851,120.63892,28.02385,120.64132,3,450,0
2189,2968,-27.59754579,-9.654650831,28.01722,120.63141,28.02802,120.6546,-1,0,0
1161,1570,36.10282568,-44.4547315,27.90218,120.626462,27.91065,120.6401,3,149,0
1399,2784,-38.21105459,-25.77814108,28.024487,120.608733,28.05184,120.61542,-1,26,0
1587,2932,-11.80898622,-3.476699003,28.00917,120.64028,28.003843,120.643621,3,32,0
213,2188,-50.5836057,-3.900627071,28.01009,120.63564,28.02031,120.62527,-1,43,0
812,1152,-43.08630981,31.04943925,28.01375,120.6551,28.013647,120.656985,3,526,0
257,2653,-31.74275023,-39.78607939,28.076984,120.602335,28.03697,120.58917,9,15,0
1782,2293,13.31816635,29.59321171,27.997236,120.700653,27.9937,120.6981,-1,36,0
408,1646,-39.39492865,0.182212181,28.05042,120.6339,28.03083,120.63755,7,28,0
26,2021,38.54750755,-43.64265025,27.91714,120.66023,27.92043,120.68424,3,192,0
422,1845,18.30236727,38.33291571,28.00525,120.70299,27.99406,120.72557,7,13,0
2061,2248,12.6241034,21.14341274,27.98839,120.68338,27.97512,120.69186,-1,26,0
844,1723,-15.31843086,52.87378709,28.00813,120.67287,28.01437,120.67295,3,146,0
1028,2621,-9.043934318,24.58065787,28.01278,120.6749,28.01036,120.67777,-1,10,0
385,488,16.39055292,49.38056063,28.00125,120.72481,28.01171,120.71924,7,122,0
779,1560,-24.26591315,-40.2699694,28.03387,120.594038,28.034241,120.588717,9,22438,0
1446,2549,7.286310789,-52.91171942,27.98015,120.60519,27.98841,120.58255,8,171,0
468,1094,-21.59838757,-28.18941508,28.02464,120.59155,28.01845,120.59962,3,572,0
2479,2564,37.45573136,-1.604883204,27.95756,120.72822,27.96169,120.70433,10,714,0
194,2239,2.408847146,29.43376773,28.0005,120.67726,28.00222,120.68192,4,47,0
1007,1956,23.82928467,1.012642334,27.96558,120.68672,27.96946,120.72066,-1,50,0
12,2649,75.72213509,9.0733924,27.8751,120.81027,27.88565,120.80804,6,1887,0
1019,2714,67.20808422,13.97808237,27.89391,120.81686,27.8832,120.80518,6,201,0
2037,2691,59.19012997,-9.118563662,27.9208,120.84047,27.93204,120.83665,6,148,0
1002,2764,-18.00210599,-53.09681505,28.04392,120.5765,28.044142,120.567394,9,34,0
850,2099,-4.523405188,43.04038703,27.99186,120.67498,27.99084,120.68506,4,199,0
15,204,-5.299858551,-22.10684512,27.97664,120.63227,27.99015,120.62566,8,299,0
1072,1653,-33.19798992,29.37211518,28.00679,120.65524,28.00714,120.65555,3,163,0
650,2545,40.40508066,38.41819561,27.980495,120.729412,27.977701,120.73082,10,509,0
105,2504,5.217665086,-57.43258647,27.9972,120.56436,27.99595,120.55678,8,467,0
2325,2331,40.26181978,-36.91110173,27.91782,120.69607,27.92645,120.67635,3,26,0
439,874,-37.83330216,11.60831638,28.02332,120.64816,28.04411,120.64767,-1,32,0
84,2686,11.20357707,64.0718797,28.01988,120.68913,28.0508,120.683,7,70,0
1851,2142,23.30553419,29.17009755,27.980051,120.702261,27.98684,120.71242,-1,32,0
347,409,43.06889472,19.38340968,27.98785,120.71681,27.95855,120.75661,-1,17,0
2067,2697,-19.62680335,-41.68924414,28.028224,120.587166,28.02837,120.58877,9,260,0
1176,1958,-27.75486946,15.02599705,28.01711,120.65265,28.01842,120.65967,3,42,0
578,1999,38.0799746,-38.22988377,27.91219,120.68358,27.91395,120.70028,3,240,0
1922,2130,72.19165881,20.02594859,27.85558,120.80096,27.85823,120.80871,6,572,0
64,539,-22.62977242,15.16447759,28.01276,120.65434,28.01516,120.65303,3,65,0
1698,1848,26.26159148,-12.29003232,27.95861,120.665556,27.96164,120.66747,5,29100,0
1932,2452,-38.13610371,34.82412338,28.01062,120.65932,28.0105,120.66068,3,434,0
703,2420,9.10950087,-41.81325292,27.99417,120.59982,27.98362,120.61785,8,8,0
1136,2200,-42.42096431,4.933701191,28.04624,120.66456,28.03746,120.65611,7,79,0
1352,2020,67.98464497,24.02685621,27.878333,120.793611,27.87833,120.79361,6,999,0
756,1705,61.15899921,4.343071818,27.90472,120.82388,27.90977,120.83609,6,60,0
239,2687,-48.52166153,-12.94458093,28.03887,120.7934,28.0443,120.70804,-1,0,0
6,259,-63.64091194,19.09441147,28.0635,120.68056,28.05022,120.66531,7,22,0
430,730,7.926529265,41.63021755,28.00437,120.69558,28.0101,120.69668,7,124,0
457,2762,8.947715237,45.65493682,28.01851,120.70462,28.01919,120.67036,-1,2,0
451,936,-49.72061252,-0.441263719,28.023056,120.634722,28.02145,120.63334,3,68,0
217,1424,-20.50906923,-25.55366969,28.01578,120.59444,28.02108,120.60101,3,248,0
758,1255,-12.13129816,41.28207585,27.99542,120.68153,27.9997,120.67055,-1,113,0
2405,2756,16.03676762,3.701999152,27.96984,120.68551,27.98645,120.68772,-1,3,0
92,1329,-42.96418564,10.1969229,28.02774,120.65947,28.02655,120.65947,7,7,0
1419,2614,-50.38040597,-6.891514996,28.01125,120.62553,28.01688,120.6293,4,160,0
449,1348,28.83496561,-21.00713693,27.93173,120.70133,27.92776,120.69408,3,21,0
19,1683,19.36542475,-7.874331832,27.98443,120.66958,27.95708,120.67304,-1,0,0
1811,2153,31.75073913,-43.31758946,27.89896,120.665197,27.91643,120.68875,3,11,0
560,1613,12.37995781,38.16923343,28.016323,120.703784,28.00291,120.69868,7,2,0
677,2396,-58.11372442,-30.28788987,28.040628,120.619569,28.03985,120.62173,7,12440,0
183,1340,-9.355714416,4.152186574,27.995578,120.650046,27.99419,120.65338,3,95,0
2236,2758,-1.046998695,22.61076609,27.9946,120.674,27.98519,120.67735,4,39,0
2663,2852,23.52122152,35.91173654,27.99627,120.72691,28.0076,120.724,7,4,0
1646,2294,-33.67043927,5.751991536,28.03083,120.63755,28.017358,120.65303,-1,4,0
999,1895,10.95609448,-8.115767794,27.95989,120.64875,27.96905,120.70307,-1,4,0
2012,2031,-50.76496655,8.164100826,28.02392,120.644412,28.024044,120.64407,3,510,0
987,1977,-5.009355757,18.57096027,28.00626,120.66415,27.99753,120.67522,-1,21,0
561,2614,-32.38506876,1.539703912,28.02374,120.641626,28.01688,120.6293,-1,0,0
669,761,-41.16474161,-4.124147397,28.01255,120.63174,28.02569,120.64175,-1,29,0
78,2593,11.33879216,-1.874216746,27.969361,120.674444,27.96314,120.66947,5,35,0
623,2248,22.69654812,2.46268692,27.94373,120.68649,27.97512,120.69186,-1,40,0
1940,2860,-47.37266697,-45.47965613,28.05756,120.60725,28.0702,120.62208,-1,714,0
1742,1904,-20.64678874,47.45667035,28.010383,120.6909,28.01361,120.68305,7,4,0
293,1510,-54.4588843,-4.154445965,28.02476,120.635142,28.023269,120.632426,-1,350,0
1077,2682,-6.353428877,1.488010423,27.99632,120.65051,27.99605,120.64769,3,74,0
1920,2366,13.12779821,6.884537897,27.97507,120.66847,27.97973,120.67677,5,7,0
331,814,-52.96522881,-29.89687696,28.03958,120.62042,28.06065,120.61145,7,195,0
1628,2621,-8.049278577,32.52771758,28.01497,120.68572,28.01036,120.67777,-1,19,0
249,1293,57.12690818,-1.386429174,27.91719,120.84188,27.93743,120.83414,6,81,0
481,1626,-12.05764832,-28.56472591,28.00644,120.59212,28.01389,120.60169,3,64,0
341,1774,-9.366924834,-15.69123804,27.98975,120.64468,27.99094,120.65242,-1,2568,0
534,909,11.21338831,-8.763728421,27.93767,120.66978,27.95992,120.64877,5,6,0
1218,1440,66.07888072,-5.697037871,27.91539,120.8198,27.92653,120.78661,6,148,0
1388,2421,-37.25506191,17.04411692,28.01822,120.64711,28.014321,120.650131,3,231,0
1285,2542,-35.26570659,-32.74447095,28.04108,120.61641,28.01903,120.61189,-1,59,0
452,2198,-18.90952,-12.70351224,28.01066,120.62114,28.01139,120.622331,4,48,0
692,2750,5.440648111,58.34016504,28.00622,120.6991,28.00455,120.70115,7,11845,0
284,969,44.15319639,-16.6553529,27.92764,120.69437,27.92722,120.69833,3,4000,0
3,1398,-37.34936779,-36.92926342,28.03927,120.5877,28.02438,120.60303,-1,53,0
647,2531,-1.051869426,-15.71350323,27.9749,120.63133,27.99591,120.64416,-1,2,0
427,2471,-15.99339194,48.90191654,28.005808,120.669146,28.00877,120.66836,3,13812,0
172,2888,-51.57641618,-29.71422917,28.0428,120.62069,28.05349,120.61286,7,39,0
937,1124,53.65730726,-4.710100132,27.94444,120.83533,27.92529,120.82185,6,3,0
1286,2546,-22.64107754,9.121748827,28.01117,120.65006,28.010372,120.647733,3,6,0
475,1921,1.009911261,-22.93917787,27.98226,120.62389,27.985876,120.627305,8,80,0
871,1082,-29.35791452,6.938783581,28.02285,120.64607,28.016688,120.655528,3,10,0
237,695,-25.9209297,-49.9022387,28.023421,120.592786,28.054694,120.586916,-1,31,0
1617,2825,-18.63511195,29.63393717,28.02176,120.66936,28.021763,120.668383,3,23,0
1347,1774,-33.93192447,31.10547858,28.01058,120.65406,27.99094,120.65242,-1,66,0
1429,1590,-12.21239895,-38.09630202,28.019912,120.604277,28.02239,120.59436,3,15,0
147,604,-21.35123556,-25.33136254,28.01625,120.60085,28.015777,120.594444,3,1425,0
55,1929,34.55576026,-45.18817468,27.85781,120.66563,27.91255,120.63921,3,65,0
402,2452,-38.68733107,36.1112588,28.01188,120.66205,28.0105,120.66068,3,6456,0
2263,2778,-5.419028541,-1.622757618,28.00726,120.65848,27.99859,120.64039,3,21,0
69,1981,-41.76629612,-29.47434942,28.055285,120.609474,28.04382,120.61146,7,33,0
633,1025,14.57383693,29.43223509,27.98491,120.70392,27.992,120.69598,4,9,0
510,2568,-21.25398344,-54.98233772,28.04567,120.60077,28.04901,120.58582,9,98,0
382,2701,-20.82033583,21.49988879,28.01967,120.6623,28.0144,120.6591,3,22,0
1082,1415,-36.23629872,15.15190775,28.016688,120.655528,28.01447,120.64201,3,15,0
547,828,11.47800053,9.352323712,27.98521,120.67877,27.96168,120.677789,-1,0,0
3,2146,-37.09844025,-40.28301782,28.03927,120.5877,28.051431,120.600469,-1,374,0
133,1108,32.13006029,-9.751979438,27.9535,120.69621,27.924685,120.69711,-1,11,0
574,702,31.37180513,-14.56764074,27.93368,120.71241,27.94104,120.72061,-1,0,0
202,2899,-13.64132531,13.99472758,28.0087,120.65515,28.02802,120.65472,-1,0,0
537,1563,40.68572761,-32.07953819,27.91572,120.69582,27.92204,120.69661,3,442,0
580,2929,-40.74978554,8.239888408,28.02797,120.6552,28.026713,120.658442,7,11,0
1582,2756,16.92589561,4.042372986,27.96936,120.67444,27.98645,120.68772,-1,62,0
945,2946,55.01073138,8.799365306,27.87922,120.78748,27.91587,120.81258,6,19,0
1337,2228,20.72854303,-44.48352694,27.9422,120.581,27.94986,120.5872,10,1835,0
1603,1607,20.24556712,-39.55179779,27.94403,120.59556,27.95079,120.59932,10,491,0
164,464,15.18359375,-21.90058165,27.95724,120.65969,27.9659,120.64111,-1,238,0
906,1723,-23.31316334,27.79996739,28.01211,120.69386,28.01437,120.67295,-1,24,0
1166,1837,6.417493774,-37.43674301,27.95794,120.60138,27.98603,120.63754,-1,18,0
500,2469,15.59251243,37.14575595,27.99978,120.7112,28.00923,120.72917,7,23,0
1606,1723,-29.04018739,44.79057073,28.01492,120.67488,28.01437,120.67295,3,1667,0
5,518,-19.36103072,31.83051867,28.05615,120.67115,28.025347,120.666909,-1,25,0
1761,2409,-6.310993556,49.33090892,27.99851,120.67952,28.001286,120.679136,4,164,0
2483,2746,-35.30494767,-18.76652794,28.02455,120.61196,28.03863,120.61579,-1,2,0
450,2150,16.07844532,-49.04378178,27.96474,120.57156,27.99711,120.58895,-1,70,0
1789,2661,-36.57794768,-51.12279593,28.09369,120.58816,28.079828,120.589546,9,117,0
780,2471,-6.740145947,24.31434892,28.01006,120.68043,28.00877,120.66836,-1,19,0
2396,2784,-52.0404219,-29.78990925,28.03985,120.62173,28.05184,120.61542,7,347,0
358,2300,27.33076497,32.50234135,27.96854,120.74135,27.99832,120.72424,-1,22,0
1812,2468,-27.7337657,7.029726617,28.01671,120.64947,28.022717,120.632107,3,4,0
263,2797,-5.387125015,-23.47377899,27.988147,120.628893,27.987898,120.629043,8,889,0
1108,2021,46.2552878,-30.61559774,27.924685,120.69711,27.92043,120.68424,3,3854,0
2263,2344,-12.51967777,-1.681685337,28.00726,120.65848,28.000843,120.64058,3,24,0
115,423,52.50967373,-7.297351316,27.94565,120.83188,27.962446,120.822852,6,82,0
942,2589,30.89325585,13.14720241,28.021266,120.794656,28.02612,120.83038,2,251,0
1133,1656,34.77454299,0.520772418,27.97533,120.72453,27.94263,120.73736,10,7,0
1308,2715,5.610822321,20.09545014,27.98404,120.68203,27.99435,120.66326,4,31,0
365,405,6.740226624,10.14219942,27.98328,120.65734,27.989232,120.680662,4,0,0
291,624,-16.18818664,21.20335115,28.023257,120.659016,28.01854,120.66394,3,41,0
1133,2603,37.18112165,37.94281643,27.97533,120.72453,27.97458,120.72556,10,890,0
109,1051,-38.76098354,-37.90422724,28.03316,120.59087,28.04252,120.60963,-1,211,0
936,1650,-52.12386859,-5.653763354,28.02145,120.63334,28.020022,120.631375,-1,2683,0
1608,2137,-68.7884025,6.587458286,28.0453,120.65749,28.04852,120.65349,7,11703,0
1167,2426,-36.22843782,3.692293831,28.03274,120.64129,28.0241,120.647393,-1,17,0
652,2649,73.09837067,8.505003763,27.88623,120.80236,27.88565,120.80804,6,372,0
1483,1769,24.6813037,40.9669881,27.9897,120.71206,27.998722,120.707177,7,116,0
84,529,-22.01976735,46.77197124,28.01988,120.68913,28.01174,120.68077,-1,28,0
279,2761,35.46166815,30.99296683,27.98465,120.73383,27.98027,120.73911,10,64,0
2003,2621,-2.555423855,31.28347526,28.00191,120.67862,28.01036,120.67777,4,3,0
1005,2229,-31.80869291,32.88719552,28.00628,120.65332,27.99852,120.65649,3,177,0
155,1581,65.55514207,6.258513154,27.90066,120.82456,27.90633,120.81918,6,117,0
735,1969,-7.158763168,-13.75214954,27.993371,120.637184,28.00303,120.63895,-1,80,0
3,2666,-32.07536877,-38.44489557,28.03927,120.5877,28.04116,120.62863,-1,2,0
1999,2497,34.84576605,-12.51247994,27.91395,120.70028,27.92371,120.73494,3,205,0
541,1774,9.265791456,-33.79228113,27.96193,120.60948,27.99094,120.65242,-1,2,0
752,2481,28.8220154,-15.82748739,27.9454,120.65697,27.97265,120.66766,5,16,0
1221,2453,-42.35959357,-39.19350323,28.074942,120.604791,28.04644,120.60417,-1,228,0
1273,2116,-39.65335042,-39.97990137,28.02347,120.61544,28.04925,120.60197,-1,1012,0
1729,1850,72.51648953,19.54144676,27.855613,120.81738,27.86362,120.81173,6,131,0
584,2185,7.444459322,-30.42274753,27.99383,120.62841,27.97251,120.60263,8,0,0
708,2398,33.46495684,-32.94430763,27.9343,120.7072,27.923249,120.687804,3,7,0
1506,2116,-32.63104579,-38.83558785,28.02799,120.66168,28.04925,120.60197,7,12,0
278,661,10.76249643,35.54655476,28.00309,120.69882,28.00053,120.6999,7,9,0
976,2741,-53.61411839,-15.23158524,28.044851,120.648285,28.047585,120.646853,7,57,0
691,836,-30.16713046,-18.95507394,28.05782,120.58736,28.02242,120.60801,-1,4,0
178,959,-38.52626035,30.41124967,28.01444,120.65108,28.009115,120.657413,3,185,0
1284,1496,24.04571659,3.59666905,27.94439,120.71319,27.97767,120.70127,-1,6,0
1699,2236,-5.367011419,38.31659336,27.97659,120.67899,27.9946,120.674,-1,101,0
553,1870,-15.18848355,42.68070367,27.999,120.66,27.99576,120.6574,3,188,0
176,1351,-57.76568707,4.543844311,28.02521,120.6105,28.04387,120.63355,-1,24,0
164,1794,24.46992721,-14.10279939,27.95724,120.65969,27.94302,120.67619,5,1552,0
656,1257,19.19978305,-43.79270769,27.96161,120.59217,27.97868,120.57877,-1,111,0
971,2779,66.43520755,-1.145193882,27.92205,120.80111,27.9069,120.82629,6,17,0
1643,1749,3.458770992,-35.29191861,27.98054,120.61279,27.97581,120.57281,8,33,0
1022,2885,28.41256814,51.70841675,27.99539,120.7173,27.99535,120.71624,7,144,0
1386,2405,18.20043055,3.416374949,27.98557,120.68544,27.96984,120.68551,-1,27,0
1,866,39.1143585,22.60119502,27.97014,120.75603,27.97155,120.73972,10,32,0
1853,2092,-32.83751975,-3.120226548,28.02098,120.63701,28.0195,120.63455,3,50,0
696,2150,19.35630192,-32.86465676,27.960958,120.569257,27.99711,120.58895,-1,21,0
2360,2363,31.20805667,32.94827341,27.97589,120.75072,27.98627,120.73454,10,85,0
1870,2263,-31.71237778,33.59146347,27.99576,120.6574,28.00726,120.65848,3,148,0
720,1821,46.9110345,31.38171682,27.97976,120.74186,27.98011,120.74803,10,2337,0
1727,2305,42.14599572,18.96718757,27.91218,120.83617,27.98543,120.73922,-1,2,0
168,479,33.2353963,-43.20490575,27.88708,120.63386,27.89857,120.63091,3,17,0
1,2414,43.85468372,18.18342776,27.97014,120.75603,27.96391,120.75937,10,125,0
412,2123,39.35299003,-40.64788792,27.91108,120.67813,27.92383,120.67387,3,3737,0
1693,2026,29.38596172,-49.95168772,27.85534,120.66953,27.856261,120.670711,3,283,0
1255,1291,-4.284994343,15.71473467,27.9997,120.67055,28.0021,120.6664,3,66,0
292,382,-51.89773771,16.30354438,28.02857,120.65898,28.01967,120.6623,-1,74,0
292,548,-39.19955556,6.641194902,28.02857,120.65898,28.02569,120.66766,-1,19,0
2040,2913,63.56793081,-5.483469019,27.92457,120.81572,27.92081,120.81459,6,222,0
314,1511,36.53966569,27.34885917,27.97965,120.74458,27.97302,120.73654,10,35,0
298,462,35.53303248,-26.81932988,27.92054,120.70164,27.92121,120.70312,3,71,0
2643,2822,24.7128764,25.96987008,27.98611,120.71722,27.97743,120.73394,-1,147,0
773,1386,-4.719401,42.11148201,27.989406,120.673557,27.98557,120.68544,4,153,0
95,982,68.73425776,21.30533867,27.871381,120.804451,27.87452,120.79789,6,384,0
1233,2960,-8.106958782,-32.27695878,28.01428,120.58353,28.017,120.583,9,2975,0
380,676,35.57477534,-36.04788562,27.92086,120.68299,27.92115,120.683,3,163,0
539,812,-43.13768959,29.61505736,28.01516,120.65303,28.01375,120.6551,3,3293,0
522,1998,9.932987157,-33.06990971,27.95536,120.60011,27.987217,120.623164,-1,0,0
2212,2650,-17.18327902,31.219113,28.02264,120.67946,28.024386,120.675309,3,0,0
448,1772,-27.88344989,-30.75870314,28.024644,120.599644,28.02618,120.60498,3,114,0
2125,2425,22.97918532,54.32119867,28.005059,120.711717,28.001305,120.717516,7,616,0
1642,1751,23.16241757,18.80361697,28.073,120.719972,28.0794,120.72004,1,270,0
1164,2459,-42.60289408,-13.59566756,28.04057,120.64705,28.043254,120.648648,7,92,0
1276,1944,-0.21383173,-36.69910061,28.00066,120.58221,27.97112,120.57378,8,0,0
936,1400,-33.81149697,-4.675856425,28.02145,120.63334,28.01833,120.60806,3,2,0
2116,2653,-37.97484859,-39.90170461,28.04925,120.60197,28.03697,120.58917,-1,1316,0
464,2298,12.48002129,-24.80851871,27.9659,120.64111,27.92952,120.68107,-1,0,0
1743,2213,-55.91351427,-0.278579103,28.02983,120.63357,28.0397,120.63304,7,42,0
1759,2044,-21.87501332,43.55082617,28.018481,120.682668,28.021,120.679,3,78,0
1665,2632,17.00851909,52.4948994,28.008214,120.715624,28.0072,120.71529,7,232,0
2450,2486,-67.92714355,10.45070408,28.04901,120.63968,28.04854,120.66293,7,384,0
257,814,-43.00214015,-50.3116291,28.076984,120.602335,28.06065,120.61145,-1,377,0
2129,2531,-9.012406967,-15.68804843,27.98951,120.64774,27.99591,120.64416,-1,888,0
402,1873,-24.12430356,24.23158454,28.01188,120.66205,28.01486,120.66325,3,87,0
599,2353,18.99139656,2.863741768,27.97321,120.72684,27.973777,120.682079,-1,13,0
1506,2208,-59.60720247,10.71926327,28.02799,120.66168,28.047396,120.656783,7,58,0
47,1651,48.61428511,17.68960174,27.97433,120.75967,27.97707,120.74717,10,515,0
668,1736,-35.14237095,-32.39581762,28.0105,120.60976,28.029592,120.6244,-1,85,0
502,1081,-4.116122671,8.663790158,27.975415,120.651576,27.997963,120.659738,-1,0,0
1108,2902,37.70885689,-29.50422479,27.924685,120.69711,27.92072,120.70621,3,252,0
675,1869,33.56183843,-45.42434261,27.91318,120.6689,27.89644,120.63496,3,62,0
2323,2968,-35.13143784,7.26825618,28.02463,120.6447,28.02802,120.6546,7,0,0
1087,2506,-35.382812,-18.28941135,28.02274,120.66726,28.02561,120.63825,-1,0,0
1480,2254,50.11032093,2.51512495,27.96194,120.78881,27.923401,120.816621,-1,56,0
1729,1924,69.1863159,17.45169639,27.855613,120.81738,27.86419,120.81517,6,14,0
57,1054,-6.71959667,-6.537450795,28.00954,120.61511,27.99918,120.641648,-1,0,0
59,1218,71.60274982,-0.074713295,27.90238,120.80278,27.91539,120.8198,6,203,0
446,647,8.792397179,-32.46739376,27.98581,120.61459,27.9749,120.63133,8,28,0
317,2200,-41.46578794,4.88514707,28.01994,120.655,28.03746,120.65611,-1,19,0
541,2185,14.41253153,-44.0660646,27.96193,120.60948,27.97251,120.60263,-1,964,0
609,836,-55.43438912,-8.035504001,28.02096,120.62016,28.02242,120.60801,3,371,0
217,237,-9.05778538,-29.35413224,28.01578,120.59444,28.023421,120.592786,3,91,0
1244,2787,-13.03695526,50.23292699,28.00503,120.67134,28.00461,120.6752,-1,363,0
1625,2779,69.79595024,-1.646553808,27.91671,120.81301,27.9069,120.82629,6,523,0
966,2422,58.54727273,-13.30309541,27.918388,120.823666,27.93079,120.82979,6,276,0
1388,2180,-27.35550298,7.966184284,28.01822,120.64711,27.98333,120.65125,-1,7,0
145,2137,-62.9304112,8.788427053,28.044045,120.652283,28.04852,120.65349,7,10,0
72,1995,8.345045881,-52.28335429,27.97367,120.59704,27.98625,120.5825,8,548,0
2282,2540,0.866619082,46.70712532,27.99125,120.69051,27.991878,120.694119,4,412,0
1386,2750,10.10392536,33.9763642,27.98557,120.68544,28.00455,120.70115,-1,26,0
1800,1845,28.07335109,30.63581237,27.987621,120.722773,27.99406,120.72557,7,52,0
1140,2439,-15.94335136,-58.67000313,28.04193,120.57698,28.04261,120.57226,9,10917,0
1155,2223,57.53868691,3.810074453,27.9164,120.82583,27.922663,120.824735,6,78,0
42,1833,-5.371129884,6.313557418,28.0014,120.65569,28.004724,120.662825,3,11,0
2051,2324,65.10246539,12.44668428,27.91544,120.83871,27.8722,120.8266,6,44,0
727,1724,11.50465162,49.87503303,28.00933,120.69355,28.00258,120.70728,7,25,0
1603,2970,16.26883227,-30.03364031,27.94403,120.59556,27.9567,120.57364,10,20,0
6,2461,-67.26482654,14.21519362,28.0635,120.68056,28.06159,120.66189,7,454,0
499,2921,-58.25317459,-25.45712251,28.04339,120.62726,28.04626,120.62812,7,1196,0
547,2915,-0.905080518,41.81667936,27.98521,120.67877,27.98732,120.68157,4,86,0
152,2338,64.28066092,1.649221661,27.91139,120.82389,27.91182,120.82248,6,2381,0
1544,2571,52.63865298,-9.213860482,27.94688,120.81569,27.95427,120.8335,6,390,0
293,2840,-43.62145156,-2.514000986,28.02476,120.635142,28.04323,120.58656,-1,10,0
273,2622,-45.7077396,11.28215413,28.02613,120.64691,28.0547,120.64565,7,39,0
621,631,-0.874167576,-46.97227851,27.98848,120.61075,27.98274,120.56357,8,19,0
322,1025,4.901909264,38.63889118,27.994,120.695,27.992,120.69598,4,46,0
380,412,31.7689015,-34.92838891,27.92086,120.68299,27.91108,120.67813,3,4,0
68,2168,-29.12822517,-19.03015876,28.02467,120.61708,28.02265,120.60445,3,61,0
552,797,47.65193829,24.70414524,27.96536,120.74141,27.97373,120.74409,10,4614,0
1257,1407,14.21189956,-26.6038055,27.97868,120.57877,27.97235,120.62717,8,7,0
1991,2787,-12.58966732,50.02927629,28.00104,120.67237,28.00461,120.6752,-1,1462,0
378,2606,42.50361675,11.50781543,27.96458,120.79525,27.998592,120.80087,-1,75,0
669,1528,-46.26040254,4.424648851,28.01255,120.63174,28.01484,120.64575,-1,2,0
1305,1469,63.89314464,-3.518615205,27.92668,120.81126,27.93568,120.7957,6,218,0
1650,1736,-54.5627951,-6.529097515,28.020022,120.631375,28.029592,120.6244,-1,203,0
389,734,-15.35217942,-23.27619845,28.01058,120.62116,28.01097,120.60609,-1,22,0
1087,2510,-20.36873947,32.62679258,28.02274,120.66726,28.02204,120.66593,3,34,0
414,2319,17.30102815,-43.89640088,27.96162,120.59686,27.97631,120.60491,-1,640,0
764,2682,-10.19840766,5.666553392,28.00285,120.65381,27.99605,120.64769,3,0,0
1168,2037,58.47143063,-7.950834056,27.92409,120.83383,27.9208,120.84047,6,56,0
257,1646,-37.18314666,-10.24709873,28.076984,120.602335,28.03083,120.63755,-1,0,0
982,2187,61.87717052,14.83951758,27.87452,120.79789,27.89058,120.80958,6,13,0
46,670,-21.8022537,-32.45304477,28.04917,120.61056,28.026927,120.60664,-1,2,0
883,1427,30.16807426,34.93148831,27.99238,120.73064,27.98011,120.74983,-1,154,0
1722,1729,65.89913096,18.18705357,27.87744,120.7991,27.855613,120.81738,6,60,0
1501,2352,-45.16910535,-29.13761054,28.05557,120.61784,28.048507,120.618708,7,90,0
600,2801,-21.64247385,11.10905214,28.00892,120.64776,28.01569,120.65545,3,11,0
928,2662,26.41028663,47.72070316,27.99601,120.708,27.9944,120.7017,-1,7,0
643,936,-42.58468219,-15.371802,28.04355,120.65147,28.02145,120.63334,-1,2,0
487,2282,13.10867262,25.06006217,27.98776,120.67428,27.99125,120.69051,4,0,0
1591,2780,16.78366437,43.06582189,28.00528,120.70899,28.00116,120.7232,7,8,0
1939,2756,-0.255862376,34.29613051,28.00197,120.68016,27.98645,120.68772,4,85,0
1646,2581,-35.42061733,4.122269308,28.03083,120.63755,28.020019,120.648575,-1,35,0
1984,2745,-57.42209874,3.730224252,28.039803,120.642004,28.02921,120.62987,7,0,0
382,1958,-41.58471553,39.79728249,28.01967,120.6623,28.01842,120.65967,3,6488,0
521,2190,-1.156505271,13.57778608,27.99979,120.66739,27.98235,120.67423,-1,5,0
817,1312,-7.940828483,-44.51665956,28.02382,120.58085,28.023857,120.581022,9,105,0
2153,2613,40.47632196,-33.82073159,27.91643,120.68875,27.916821,120.696911,3,238,0
1338,1900,-41.4088409,-31.8997279,28.056963,120.625239,28.06605,120.58485,-1,2,0
317,609,-40.26966412,15.38263956,28.01994,120.655,28.02096,120.62016,3,0,0
2706,2954,-66.80214287,16.24144834,28.05757,120.67252,28.05735,120.66573,7,193,0
224,2442,-13.63812588,28.38253247,28.01492,120.66976,28.01459,120.66235,3,3,0
535,2430,50.52652708,-9.209104325,27.96456,120.79906,27.96011,120.81628,-1,89,0
841,1338,-39.49984196,-0.92752123,28.0171,120.63698,28.056963,120.625239,-1,2,0
290,959,-37.89955588,33.37756225,28.01162,120.65943,28.009115,120.657413,3,151,0
127,578,5.508124286,-6.980400887,27.9207,120.68866,27.91219,120.68358,3,4,0
324,633,21.15731037,29.93477933,27.98847,120.70684,27.98491,120.70392,-1,31,0
2651,2809,-23.3838337,40.01218285,28.0228,120.67335,28.022802,120.673347,3,208,0
1995,2319,2.266470509,-34.90998677,27.98625,120.5825,27.97631,120.60491,8,27,0
288,1061,42.51839236,-25.8076982,27.92329,120.7048,27.92415,120.70545,3,2457,0
382,1723,-29.26389291,46.17065045,28.01967,120.6623,28.01437,120.67295,3,32,0
1375,2927,29.77528327,14.67524208,28.022718,120.800605,28.02026,120.79958,2,33,0
1481,1876,14.10410892,-29.19464041,27.96111,120.6227,27.954186,120.587915,-1,30,0
2297,2564,17.2382621,-5.537154192,27.92659,120.71116,27.96169,120.70433,-1,0,0
1406,2385,-9.442145348,45.76573033,27.99845,120.67286,27.998,120.672205,4,827,0
1112,2890,-39.57026587,-11.76945606,28.05274,120.62436,28.02424,120.6348,-1,16,0
1394,2846,3.623270082,23.52358984,27.99572,120.672658,28.00084,120.68266,4,18,0
1433,1605,-42.63806102,23.29737514,28.015196,120.648057,28.01353,120.6398,3,826,0
991,1441,-51.65510305,15.03639307,28.02726,120.65732,28.04381,120.65767,7,27,0
188,2094,7.648275689,-39.89278071,27.97988,120.63103,27.992,120.60987,8,15,0
2059,2319,3.90994021,-45.17758623,27.987233,120.614505,27.97631,120.60491,8,282,0
2475,2616,1.434689616,-3.567513809,28.013766,120.701869,28.018222,120.70197,7,0,0
709,911,41.29329471,33.98163276,27.97153,120.73361,27.96141,120.73461,10,2715,0
498,2446,0.347565798,9.981651179,27.985475,120.663767,27.98763,120.66308,4,183,0
1596,2666,-41.35092761,-0.072990837,28.027266,120.655901,28.04116,120.62863,7,2,0
517,2293,6.017039939,37.0433789,27.99235,120.69767,27.9937,120.6981,4,14,0
57,700,-19.4362558,-15.01615218,28.00954,120.61511,28.01302,120.61638,4,416,0
446,1460,2.027312234,-18.26035408,27.98581,120.61459,27.985304,120.632788,8,117,0
909,1191,16.06750358,-13.94101145,27.95992,120.64877,27.95227,120.64535,5,0,0
995,1090,19.66998719,-46.57915567,27.941,120.574,27.92639,120.56111,10,259,0
1706,2398,42.10601964,-30.38937903,27.9208,120.70586,27.923249,120.687804,3,186,0
397,1966,-0.314381282,-37.22933142,27.98278,120.56366,27.99619,120.58337,8,16,0
154,1624,8.217452266,-33.47533628,27.9473,120.56566,27.971715,120.608414,-1,9,0
680,738,52.12906374,-8.034482904,27.95109,120.83505,27.9652,120.81554,-1,46,0
550,2305,32.66196385,23.02459188,28.0076,120.72365,27.98543,120.73922,-1,30,0
1385,1736,-56.53572729,-4.872833137,28.05153,120.62762,28.029592,120.6244,7,177,0
384,391,-45.13088746,3.272641326,28.01405,120.63301,28.02273,120.64301,-1,66,0
104,2372,-24.47427541,-33.2140591,28.0211,120.601,28.023805,120.597166,3,383,0
836,2372,-23.93597913,-29.80723571,28.02242,120.60801,28.023805,120.597166,3,215,0
797,908,39.47914106,31.80375115,27.97373,120.74409,27.971495,120.733406,10,127,0
2359,2616,11.93807779,46.71235361,28.00191,120.70463,28.018222,120.70197,7,57,0
159,828,26.25466566,-6.068447837,27.94833,120.66804,27.96168,120.677789,5,248,0
936,2431,-30.28008607,-4.025681722,28.02145,120.63334,28.0053,120.633,3,5,0
343,1596,-40.99361458,5.820041645,28.03943,120.62365,28.027266,120.655901,7,61,0
76,447,30.43847236,48.95735427,27.99619,120.71034,27.99055,120.7118,7,436,0
528,2534,-4.39213831,-23.37118579,27.987113,120.628219,27.986553,120.628013,8,103,0
202,2269,-31.6616464,28.53028677,28.0087,120.65515,28.0054,120.65452,3,280,0
961,2906,-29.71058224,-55.02628937,28.06451,120.58223,28.08007,120.56796,9,17,0
1256,1673,-20.41382393,13.25332633,28.01222,120.65195,28.00217,120.64577,3,0,0
234,1388,-25.73952846,3.450493214,28.01828,120.62547,28.01822,120.64711,-1,6,0
264,2507,-20.1129366,22.83628625,28.01535,120.66232,28.02519,120.66642,3,47,0
693,1865,36.13537705,29.74468513,27.97736,120.73532,27.97506,120.73909,10,51,0
370,1698,15.72114069,-15.59146899,27.95455,120.65292,27.95861,120.665556,5,74,0
2297,2331,29.22471535,-17.93048902,27.92659,120.71116,27.92645,120.67635,3,46,0
895,2687,10.1110712,67.72580079,28.03688,120.73858,28.0443,120.70804,7,160,0
496,584,-6.485973789,-13.93029675,27.993833,120.628333,27.99383,120.62841,8,79,0
1416,2614,-29.32817208,-9.050086651,28.01137,120.64581,28.01688,120.6293,-1,9,0
64,2136,-22.11164863,14.57208617,28.01276,120.65434,28.01201,120.65481,3,78,0
1983,2187,65.97787887,10.47606128,27.88689,120.80628,27.89058,120.80958,6,38,0
815,1150,-10.48640778,-36.96703689,28.022225,120.579329,28.00906,120.58854,-1,208,0
653,2116,-17.99224437,-49.66703643,28.03924,120.56603,28.04925,120.60197,-1,11,0
1098,2396,-55.65032866,-29.23671701,28.0475,120.62333,28.03985,120.62173,7,2213,0
1682,1950,26.52448082,30.03189366,27.96568,120.73665,27.99139,120.71952,-1,0,0
87,1999,34.4667333,-30.18730462,27.92144,120.6877,27.91395,120.70028,3,9,0
22,756,58.38856665,1.692178672,27.921557,120.82208,27.90472,120.82388,6,42,0
173,886,42.54621242,-19.79906266,27.92548,120.70387,27.92484,120.70451,3,63,0
1180,1851,30.96656603,42.18240505,27.97777,120.70138,27.980051,120.702261,4,817,0
1420,2254,60.27325709,-1.698705688,27.930444,120.818555,27.923401,120.816621,6,56,0
1429,2372,-23.64848754,-30.09185556,28.019912,120.604277,28.023805,120.597166,3,13,0
1811,2063,38.27615597,-50.50018793,27.89896,120.665197,27.90108,120.68568,3,337,0
1319,1416,-35.19527554,26.7182962,28.01152,120.65068,28.01137,120.64581,3,54,0
422,2901,28.23489723,6.371269812,28.00525,120.70299,27.97339,120.7071,-1,0,0
419,1335,59.16456156,-8.171679428,27.92169,120.82665,27.92006,120.82563,6,150,0
358,2882,45.85011852,24.61232956,27.96854,120.74135,27.970769,120.742755,10,3628,0
883,1800,27.25403119,31.30268104,27.99238,120.73064,27.987621,120.722773,7,27,0
1511,2360,41.44221462,22.69123743,27.97302,120.73654,27.97589,120.75072,10,110,0
975,1290,6.931853717,32.51557853,28.00397,120.67029,28.003203,120.691994,-1,9,0
1913,2316,-27.33347337,-28.77439031,28.02588,120.60418,28.0271,120.60091,3,938,0
2214,2353,22.98766994,-1.34112885,27.9598,120.68203,27.973777,120.682079,5,1658,0
9,1470,-7.208631839,9.698132874,27.99378,120.6501,27.97225,120.68006,-1,8,0
637,1449,3.684598348,63.03492089,28.01522,120.68916,28.01592,120.69364,7,1521,0
691,1789,-40.80510385,-52.41349475,28.05782,120.58736,28.09369,120.58816,9,90,0
1494,2137,-61.72778312,-13.54855552,28.04977,120.64759,28.04852,120.65349,7,247,0
1067,1699,17.47883953,6.442313039,27.974212,120.684207,27.97659,120.67899,5,102,0
112,729,-15.50851286,-35.51801186,28.01472,120.61007,28.02336,120.60588,3,11,0
758,2611,-6.353791094,46.28887459,27.99542,120.68153,27.995832,120.677166,4,570,0
2440,2840,-23.87747908,-55.54706666,28.043033,120.586455,28.04323,120.58656,9,2797,0
1445,2050,32.7333488,50.86453618,27.99263,120.7145,27.99268,120.71424,7,396,0
372,2003,-2.691239988,34.4428935,27.99629,120.68028,28.00191,120.67862,4,207,0
1660,2183,66.95130271,0.981245383,27.91134,120.80988,27.89444,120.81353,6,172,0
349,1036,4.594921213,-6.684113667,27.92317,120.70288,27.92406,120.70335,3,31,0
1285,2304,-42.97019782,-20.57185785,28.04108,120.61641,28.04617,120.63678,7,32,0
1578,1876,21.32541314,-44.15981014,27.97058,120.5853,27.954186,120.587915,-1,1063,0
698,1789,-38.28559029,-51.79148867,28.07126,120.60869,28.09369,120.58816,9,50,0
1342,1380,-9.518462948,54.45046309,28.00491,120.67627,28.00675,120.68244,4,7202,0
950,1184,1.528057011,-14.56883651,27.98069,120.61263,27.982012,120.645724,-1,34,0
979,2900,-22.75016663,-35.98206855,28.02921,120.59331,28.02464,120.59964,-1,28,0
4,2965,-3.277403161,-28.05023718,27.98663,120.61963,27.991469,120.622368,8,100,0
594,1394,-0.415334155,21.08259387,27.99348,120.67357,27.99572,120.672658,4,21,0
1814,2047,33.46639338,-52.06820183,27.88108,120.671,27.8738,120.67228,3,1005,0
1461,1613,12.98648868,35.51339944,28.008516,120.702342,28.00291,120.69868,7,2,0
1840,2118,-4.729367,5.345211862,27.9981,120.6541,27.99228,120.66244,-1,4,0
1166,1749,17.55971174,-41.61913399,27.95794,120.60138,27.97581,120.57281,-1,57,0
1021,1885,11.99152946,-43.50881231,27.96668,120.62461,27.96887,120.61609,8,7746,0
1459,1511,35.57851717,24.22796174,27.97111,120.739,27.97302,120.73654,10,42,0
367,1578,0.767064872,-44.45096195,27.99233,120.60381,27.97058,120.5853,8,37,0
1019,1362,70.38338629,6.130426737,27.89391,120.81686,27.89369,120.80917,6,299,0
2632,2690,12.71128598,52.29608564,28.0072,120.71529,28.00749,120.70643,7,132,0
1523,2881,15.51143284,46.39790658,28.00705,120.72174,28.00606,120.714808,7,24,0
2303,2832,59.66781643,10.50980684,27.90821,120.80227,27.8881,120.80006,6,7,0
2160,2301,39.23024065,14.60000888,27.9668,120.7548,27.97211,120.77582,10,46,0
956,1774,5.138763952,-15.55708707,27.97159,120.65547,27.99094,120.65242,5,72,0
655,2225,11.03275169,62.01230157,28.03962,120.71918,28.01963,120.71371,7,17,0
77,2932,-15.58051752,-2.403144777,28.00743,120.64853,28.003843,120.643621,3,286,0
1901,2445,-2.589441605,-40.54920811,28.00515,120.56955,27.992515,120.595201,8,116,0
308,1503,-36.5658109,-59.32347292,28.07118,120.58698,28.0363,120.5857,9,195,0
1474,2199,-21.38489738,-36.1879549,28.02436,120.58545,28.026587,120.594413,-1,12,0
11,90,46.58616301,8.247803692,27.99544,120.72251,27.96939,120.78179,-1,0,0
60,285,71.84431612,3.709838085,27.89629,120.80392,27.90175,120.80936,6,1574,0
48,646,-25.24956482,42.47831837,28.01947,120.67661,28.02101,120.67872,3,3885,0
1295,2047,33.01727698,-52.43486783,27.87791,120.67133,27.8738,120.67228,3,3313,0
2219,2335,30.23075678,-45.86172931,27.88424,120.6382,27.86624,120.66547,3,45,0
453,761,-51.45079269,6.816526404,28.023866,120.643318,28.02569,120.64175,-1,295,0
338,1651,42.84746545,31.35558617,27.978332,120.738888,27.97707,120.74717,10,188,0
365,1081,-15.22261486,40.31005435,27.98328,120.65734,27.997963,120.659738,-1,58,0
859,2149,21.32475892,2.006536022,27.95386,120.68203,27.98472,120.69611,-1,3,0
1308,1369,13.94921207,14.58807899,27.98404,120.68203,27.98473,120.6773,4,138,0
1736,1927,-57.91106148,-26.94218517,28.029592,120.6244,28.04626,120.62785,7,671,0
2116,2484,-40.65831496,-44.89475285,28.04925,120.60197,28.07449,120.5874,-1,52,0
237,2156,-13.47120576,-38.28181984,28.023421,120.592786,28.02454,120.591434,3,0,0
815,2575,-15.34658382,-42.23394659,28.022225,120.579329,28.02926,120.59028,9,79,0
98,2746,-8.073163809,-2.56884476,27.996306,120.644374,28.03863,120.61579,-1,6,0
2538,2627,30.17880383,15.90175549,28.00886,120.77826,28.01826,120.7953,-1,297,0
191,2901,30.35737835,4.794026322,27.96628,120.68116,27.97339,120.7071,-1,10,0
2637,2802,33.06845936,30.67862721,27.99476,120.73128,27.98055,120.72944,-1,28,0
999,2176,14.70282707,-18.44051235,27.95989,120.64875,27.95843,120.65338,5,1880,0
347,1133,34.81821727,40.06855246,27.98785,120.71681,27.97533,120.72453,-1,835,0
2147,2780,17.4078584,44.36555906,28.00191,120.72282,28.00116,120.7232,7,22,0
214,1345,-17.47374304,-14.20165735,28.01125,120.625528,28.00711,120.61047,4,419,0
1455,1535,-66.11859119,-0.719153896,28.03905,120.62757,28.03768,120.63277,7,966,0
691,1357,-39.54661419,-44.43520091,28.05782,120.58736,28.05143,120.60047,-1,15,0
42,1415,-5.752094374,3.096514252,28.0014,120.65569,28.01447,120.64201,3,11,0
741,790,21.33853444,-14.99872516,27.95095,120.65688,27.95053,120.66517,5,212,0
449,973,40.51364255,-12.141487,27.93173,120.70133,27.93169,120.70193,3,1864,0
2129,2942,0.329643411,-9.411111332,27.98951,120.64774,27.99994,120.64617,-1,19,0
1579,2856,6.657418519,33.03921734,28.00642,120.69411,28.00877,120.69668,7,29,0
414,417,17.07016895,-42.99116122,27.96162,120.59686,27.95978,120.59707,10,10481,0
852,2433,-30.82898733,16.08246889,28.013741,120.650393,28.02202,120.66394,3,0,0
1727,2051,63.59812487,-14.75544176,27.91218,120.83617,27.91544,120.83871,6,13420,0
167,2835,70.9210311,-9.352240708,27.94045,120.7928,27.94411,120.78597,2,1786,0
1453,1969,-15.08340922,-4.516656333,27.99832,120.6366,28.00303,120.63895,3,253,0
1512,2438,-24.73481955,-53.73085927,28.04225,120.58748,28.04073,120.58623,9,493,0
920,1495,16.88651607,-37.09782245,27.94553,120.6091,27.95745,120.62666,-1,3,0
1870,2767,-30.86468093,34.97247593,27.99576,120.6574,28.00293,120.64916,3,364,0
317,2189,-28.18282151,-9.344112883,28.01994,120.655,28.01722,120.63141,-1,0,0
621,2076,7.013358073,-54.55229852,27.98848,120.61075,27.99335,120.57729,8,130,0
812,2109,-40.1776451,30.50768671,28.01375,120.6551,28.01345,120.65446,3,406,0
78,2032,11.69773907,-1.58356445,27.969361,120.674444,27.971743,120.676601,5,10,0
134,2637,5.594653309,-6.664389858,27.989953,120.728443,27.99476,120.73128,7,4,0
1680,1860,19.19492098,6.046391568,27.96413,120.67139,27.97729,120.68651,-1,100,0
1613,2519,7.645908982,51.98444533,28.00291,120.69868,27.99715,120.70087,7,0,0
197,1676,-1.948696985,20.3294381,27.99572,120.67266,27.99435,120.67119,4,73,0
1167,1743,-37.70271789,-9.716598636,28.03274,120.64129,28.02983,120.63357,7,10,0
1834,2064,73.80927096,10.23408442,27.87957,120.7999,27.889525,120.804362,6,1164,0
293,1415,-36.65318889,-0.707968731,28.02476,120.635142,28.01447,120.64201,3,32,0
35,468,-27.2890257,-52.51169333,28.06905,120.57281,28.02464,120.59155,-1,99,0
891,1791,64.1444467,24.34048305,27.85508,120.7815,27.86862,120.78313,6,812,0
1655,1844,46.25772548,-20.77237842,27.92826,120.70156,27.92562,120.70294,3,480,0
1399,1908,-16.11949566,-28.0597971,28.024487,120.608733,28.0141,120.60512,3,14,0
1166,2182,15.95542237,-42.47678259,27.95794,120.60138,27.96515,120.61124,-1,1939,0
308,2453,-38.81013068,-32.45472453,28.07118,120.58698,28.04644,120.60417,-1,58,0
2010,2471,-5.545904462,20.02445509,27.99742,120.68104,28.00877,120.66836,-1,0,0
1284,2624,34.32701305,1.467223064,27.94439,120.71319,27.97603,120.71773,10,15,0
183,1238,-11.40076022,2.616571086,27.995578,120.650046,28.00439,120.65275,3,42,0
487,2405,16.05280821,-1.224567907,27.98776,120.67428,27.96984,120.68551,-1,53,0
695,961,-29.02058911,-56.79835348,28.054694,120.586916,28.06451,120.58223,9,298,0
1132,1840,-32.46615306,35.59027634,27.99853,120.6532,27.9981,120.6541,3,113,0
1360,2169,6.416677581,36.05800292,27.993854,120.698744,28.002851,120.698951,-1,27,0
179,708,28.11621171,-24.40349609,27.92748,120.69689,27.9343,120.7072,3,27,0
1610,2146,-44.68552098,-40.50130456,28.05249,120.60567,28.051431,120.600469,7,4010,0
420,692,11.94855358,38.20457888,28.019477,120.715049,28.00622,120.6991,7,24,0
1347,2544,-35.41661644,24.55413553,28.01058,120.65406,28.01046,120.64997,3,59,0
550,2425,20.16590929,56.46995183,28.0076,120.72365,28.001305,120.717516,7,212,0
2743,2827,-45.89518883,-26.17888,28.049957,120.622963,28.05657,120.60001,7,18,0
634,1094,-21.35649388,-30.10992639,28.02449,120.60873,28.01845,120.59962,3,105,0
1703,1766,-44.13659871,-23.42927369,28.0483,120.62027,28.043254,120.617338,7,12,0
969,2159,28.27582992,-25.34234709,27.92722,120.69833,27.9283,120.69546,3,94,0
282,671,0.838756483,26.71755068,27.99564,120.68132,27.99588,120.681383,4,19,0
344,1134,-18.1123509,-5.335770167,27.99981,120.62687,27.99644,120.63354,-1,348,0
2746,2847,-19.77796211,-46.52150524,28.03863,120.61579,28.041041,120.588459,-1,0,0
969,2052,30.60522832,-23.23053237,27.92722,120.69833,27.92832,120.69785,3,90,0
1094,1399,-20.97034062,-26.95261775,28.01845,120.59962,28.024487,120.608733,3,313,0
955,1351,-65.3014245,4.765387681,28.04133,120.65311,28.04387,120.63355,7,1201,0
1227,2933,51.90983999,-0.910053744,27.93314,120.80285,27.93377,120.80323,6,44,0
1416,2024,-39.68524733,22.18905574,28.01137,120.64581,28.01102,120.64355,3,541,0
362,1804,-13.33429395,-20.1726434,28.01738,120.60605,28.00502,120.61628,-1,10,0
1363,1922,66.03065067,20.96617554,27.87025,120.79516,27.85558,120.80096,6,470,0
1596,2588,-10.55016145,-40.59099304,28.027266,120.655901,28.02213,120.5743,-1,13,0
213,1528,-46.21199841,5.118188664,28.01009,120.63564,28.01484,120.64575,3,35,0
345,1055,60.96506497,16.42757702,27.885116,120.788686,27.89321,120.79688,6,4,0
1393,2380,32.46765917,-52.12343786,27.88797,120.67287,27.87032,120.66347,3,573,0
1821,1948,46.53819207,20.54216423,27.98011,120.74803,27.96583,120.74971,10,1103,0
312,2392,18.9347101,-7.374029567,27.97483,120.67456,28.00878,120.68835,-1,5,0
943,2848,19.77220075,27.29025332,27.98369,120.71502,27.965369,120.686131,-1,40,0
246,1092,24.11006785,-12.29002015,27.95634,120.66596,27.96187,120.66042,5,1060,0
1112,1984,-40.40477767,-10.66877736,28.05274,120.62436,28.039803,120.642004,7,2,0
1394,2190,-2.094208993,22.0879591,27.99572,120.672658,27.98235,120.67423,-1,32,0
1051,1151,-40.28661268,-23.5807312,28.04252,120.60963,28.082463,120.58878,-1,0,0
59,2966,71.21888513,0.247732571,27.90238,120.80278,27.90319,120.81717,6,4432,0
1376,2802,40.89554358,41.41462506,27.99176,120.72451,27.98055,120.72944,-1,277,0
347,2578,1.528819097,-2.948381757,27.98785,120.71681,27.99188,120.71874,7,8,0
746,752,22.438981,-16.28309993,27.94545,120.66986,27.9454,120.65697,5,5405,0
475,2963,-1.003215514,-27.80616951,27.98226,120.62389,27.98802,120.61588,8,679,0
2779,2854,3.238531546,-4.349124764,27.9069,120.82629,27.91056,120.82462,6,33,0
487,1867,-2.416631785,43.67197665,27.98776,120.67428,27.9905,120.6805,4,502,0
22,2033,63.74887136,-8.896399668,27.921557,120.82208,27.9196,120.81824,6,220,0
741,1021,10.69743994,-27.82108897,27.95095,120.65688,27.96668,120.62461,-1,6,0
244,2495,-64.64474505,20.0189482,28.08021,120.69711,28.0832,120.74525,1,21,0
529,1886,6.842810199,42.41966416,28.01174,120.68077,28.010095,120.696678,-1,20,0
1937,2556,22.06346785,50.04750852,27.99978,120.71126,28.00322,120.7122,7,71,0
972,2123,38.81040091,-40.34319807,27.94366,120.68317,27.92383,120.67387,-1,1012,0
1323,2560,66.16551813,19.030618,27.85707,120.81238,27.86448,120.80129,6,112,0
608,2903,0.458144897,42.21606867,27.99367,120.69233,27.98648,120.68189,4,85,0
986,1138,-40.07104303,-47.10569143,28.077531,120.587363,28.05708,120.58299,9,0,0
2029,2666,-46.86856471,-22.60912555,28.0414,120.62359,28.04116,120.62863,7,39,0
1562,2432,-1.77912802,-40.48528042,27.99767,120.57531,27.99839,120.59856,8,101,0
1828,2890,-58.72610359,6.432739041,28.039716,120.651201,28.02424,120.6348,-1,2,0
1108,1877,41.17816296,-17.09689956,27.924685,120.69711,27.928215,120.695478,3,35,0
380,2021,38.28298998,-36.21373227,27.92086,120.68299,27.92043,120.68424,3,306,0
2007,2305,44.14434924,13.01373027,27.99715,120.77526,27.98543,120.73922,10,46,0
772,2085,-40.17336002,-41.43699726,28.05187,120.61117,28.04973,120.58807,-1,83,0
14,1402,-13.90664899,24.17244225,28.02496,120.66541,28.014576,120.681581,3,5,0
112,362,-21.46442607,-20.71195814,28.01472,120.61007,28.01738,120.60605,3,2754,0
1774,2229,-30.78758114,34.0652509,27.99094,120.65242,27.99852,120.65649,-1,183,0
414,2330,13.50356793,-31.76989924,27.96162,120.59686,27.9967,120.60336,-1,0,0
86,2433,-26.79022983,16.35115515,28.01563,120.65181,28.02202,120.66394,3,22,0
317,1088,-28.22258783,15.07558181,28.01994,120.655,28.016654,120.650607,3,55,0
1188,2644,28.76456551,18.56488576,28.02612,120.795888,28.019199,120.784475,2,1565,0
680,2962,53.08757032,-11.0039199,27.95109,120.83505,27.95764,120.82445,6,338,0
1317,1904,33.00942132,53.14550794,27.995577,120.71498,28.01361,120.68305,7,0,0
1584,2046,69.08145205,6.751266704,27.89209,120.81396,27.88702,120.81085,6,8253,0
61,1606,-6.937608941,28.59737052,28.00969,120.67408,28.01492,120.67488,3,23,0
361,2033,50.07756542,2.929253456,27.95277,120.79908,27.9196,120.81824,-1,14,0
772,2887,-18.37274853,-54.47197669,28.05187,120.61117,28.04609,120.57533,-1,22,0
949,1140,-17.99446191,-58.14873455,28.042263,120.582178,28.04193,120.57698,9,1821,0
2567,2682,-4.847493142,-3.355431048,27.992138,120.656444,27.99605,120.64769,-1,94,0
1625,2100,58.45820206,-3.830385309,27.91671,120.81301,27.93118,120.82472,6,92,0
1428,2197,-53.31495151,-3.713250548,28.02259,120.62662,28.04449,120.62163,7,2,0
966,1763,64.28116965,-9.733654141,27.918388,120.823666,27.92159,120.82161,6,5827,0
2355,2460,-25.36647431,37.2827662,28.02099,120.66672,28.021791,120.665431,3,974,0
2232,2694,8.075482644,54.53679404,27.99607,120.71016,28.00118,120.70197,7,123,0
353,1008,-45.44748657,-39.00443038,28.04744,120.60876,28.06212,120.60705,-1,332,0
500,1022,27.1672468,54.30005366,27.99978,120.7112,27.99539,120.7173,7,6,0
1478,2012,-51.19845164,0.662895772,28.02333,120.63639,28.02392,120.644412,-1,234,0
405,2848,8.80135523,16.37083697,27.989232,120.680662,27.965369,120.686131,-1,31,0
1255,1521,-4.979753924,13.61595789,27.9997,120.67055,28.00551,120.66263,3,4,0
2200,2792,-37.57195146,7.07819981,28.03746,120.65611,28.02302,120.66759,-1,19,0
935,1699,17.00179721,12.00738939,27.97987,120.68111,27.97659,120.67899,-1,8433,0
1103,2351,12.16930025,-33.71667066,27.97694,120.62826,27.95215,120.60432,-1,4,0
1174,1563,36.7854178,-30.96351983,27.92084,120.70303,27.92204,120.69661,3,176,0
1962,1999,31.14624364,-15.81866767,27.89658,120.7334,27.91395,120.70028,3,10,0
298,2362,44.63508861,-29.15251694,27.92054,120.70164,27.92159,120.70412,3,1148,0
133,164,18.23309855,-8.282399398,27.9535,120.69621,27.95724,120.65969,5,41,0
500,2949,20.92564429,46.10250158,27.99978,120.7112,28.000868,120.712569,7,169,0
54,2316,-28.69274711,-12.67439671,28.018598,120.620672,28.0271,120.60091,-1,7,0
1391,1980,27.79022066,-5.884035329,27.95467,120.69939,27.9546,120.667,-1,92,0
1528,1687,-29.81446714,11.67398596,28.01484,120.64575,28.0134,120.65344,3,4,0
950,1103,5.72361413,-42.13785305,27.98069,120.61263,27.97694,120.62826,8,11961,0
1178,1358,6.323070962,35.37017493,27.99689,120.69531,27.99701,120.69685,4,8,0
1298,1535,-37.8929936,-2.654019736,28.01943,120.636564,28.03768,120.63277,-1,11,0
621,1624,7.649812529,-46.13568556,27.98848,120.61075,27.971715,120.608414,8,892,0
2507,2650,-16.28398274,29.17463278,28.02519,120.66642,28.024386,120.675309,3,49,0
857,2037,59.63903878,-4.305634704,27.93632,120.80777,27.9208,120.84047,6,17,0
2642,2890,-62.8640527,1.142008456,28.03965,120.64593,28.02424,120.6348,-1,280,0
467,2894,-11.09732358,31.26671539,28.012398,120.68848,28.01941,120.67004,-1,41,0
188,2539,3.723993133,-39.31689821,27.97988,120.63103,27.97231,120.62724,8,1935,0
1273,2622,-36.62585235,-19.30429405,28.02347,120.61544,28.0547,120.64565,-1,19,0
878,1178,2.322975966,55.37626165,28.000355,120.697765,27.99689,120.69531,-1,434,0
1678,1769,26.00230732,48.78012823,27.99551,120.70595,27.998722,120.707177,-1,406,0
1455,1501,-53.58846498,-27.58085615,28.03905,120.62757,28.05557,120.61784,7,321,0
545,2248,23.67123567,5.999355216,27.96676,120.65937,27.97512,120.69186,-1,76,0
574,1895,30.63518204,-15.24610048,27.93368,120.71241,27.96905,120.70307,-1,47,0
856,2147,18.25359947,45.04730088,28.0052,120.72043,28.00191,120.72282,7,5,0
1622,1939,-4.169635882,53.8210473,28.00126,120.6875,28.00197,120.68016,4,4683,0
1723,2620,-8.155816868,18.57252923,28.01437,120.67295,28.005401,120.667985,3,67,0
773,1977,-6.96558207,44.02295432,27.989406,120.673557,27.99753,120.67522,4,252,0
824,2344,-17.30381605,-1.714244987,28.002956,120.643807,28.000843,120.64058,3,1464,0
767,1796,-63.39131133,1.031857485,28.03954,120.64044,28.04071,120.63988,7,1133,0
2042,2431,-15.2141279,-7.822648002,28.00136,120.63642,28.0053,120.633,3,110,0
4,621,-1.874139914,-28.86579439,27.98663,120.61963,27.98848,120.61075,8,2782,0
519,1306,-1.383696693,-11.18954134,27.98972,120.63892,27.99383,120.62833,8,10,0
619,2258,-42.63973005,33.80059215,28.01319,120.65921,28.01658,120.65764,3,93,0
695,1008,-33.52048753,-42.57381203,28.054694,120.586916,28.06212,120.60705,9,5,0
2065,2656,-42.07925541,5.299044459,28.03893,120.65902,28.024797,120.649708,7,7,0
1723,1926,-29.24353844,45.28553613,28.01437,120.67295,28.01239,120.67322,3,13841,0
2129,2767,-13.02496826,2.896192115,27.98951,120.64774,28.00293,120.64916,-1,112,0
621,1215,5.31057775,-46.50083152,27.98848,120.61075,27.98702,120.60848,8,24253,0
1500,2352,-55.12206538,-30.73966943,28.05006,120.62061,28.048507,120.618708,7,321,0
729,2483,-21.05081915,-29.6091819,28.02336,120.60588,28.02455,120.61196,3,139,0
1082,2792,-25.60130574,18.12486703,28.016688,120.655528,28.02302,120.66759,3,27,0
644,1173,-39.21907891,33.00232692,28.01278,120.65944,28.01246,120.65751,3,2069,0
1007,2624,26.70390947,7.324381576,27.96558,120.68672,27.97603,120.71773,-1,0,0
491,1889,-24.55834745,20.38999476,28.014866,120.661141,28.01442,120.65841,3,103,0
1260,2795,63.33713192,-13.0707156,27.91444,120.83278,27.91981,120.8278,6,512,0
925,1291,-13.84161386,40.13530154,28.00554,120.66603,28.0021,120.6664,3,14,0
133,2842,22.95547948,2.643832692,27.9535,120.69621,27.98853,120.69743,-1,23,0
279,2545,34.52420272,29.19333248,27.98465,120.73383,27.977701,120.73082,10,84,0
268,2385,-12.13663362,39.03780709,28.002086,120.662539,27.998,120.672205,-1,57,0
394,1830,-25.23600439,-42.65532776,28.029211,120.593311,28.0362,120.58118,-1,28,0
2298,2398,37.10201176,-35.49948453,27.92952,120.68107,27.923249,120.687804,-1,775,0
26,1929,39.41114738,-47.80132721,27.91714,120.66023,27.91255,120.63921,3,2784,0
422,1499,9.525931517,39.47381223,28.00525,120.70299,28.00636,120.69525,7,31,0
2071,2813,40.46982144,25.16493396,27.97079,120.74276,27.96972,120.74326,10,46,0
506,776,27.51089935,-49.56608103,27.8557,120.65678,27.86219,120.64959,3,183,0
2912,2929,-52.81097068,19.03643357,28.02671,120.65844,28.026713,120.658442,7,51,0
950,2550,4.733318503,-27.94518264,27.98069,120.61263,27.98622,120.61752,8,49,0
995,1965,18.60133011,-33.10090928,27.941,120.574,27.94943,120.58007,10,46,0
1398,2568,-36.03359411,-36.09721486,28.02438,120.60303,28.04901,120.58582,-1,33,0
920,2083,17.73095267,-39.40270639,27.94553,120.6091,27.95887,120.60962,10,3082,0
675,1141,35.49555527,-39.65953973,27.91318,120.6689,27.933084,120.674452,-1,187,0
1385,2198,-40.52723596,-4.971957648,28.05153,120.62762,28.01139,120.622331,-1,0,0
623,1316,18.02833917,-0.313730208,27.94373,120.68649,27.97332,120.71019,-1,9,0
902,1995,-1.422546214,-37.93403554,27.99381,120.57017,27.98625,120.5825,8,10,0
1388,2890,-45.02916258,1.512273233,28.01822,120.64711,28.02424,120.6348,3,46,0
439,871,-44.50418701,18.33863416,28.02332,120.64816,28.02285,120.64607,3,253,0
1858,2871,30.72990444,-28.02317957,27.92336,120.69364,27.92341,120.69408,3,40,0
475,621,5.42037942,-40.60637956,27.98226,120.62389,27.98848,120.61075,8,529,0
221,1931,16.89311337,48.35258424,28.00742,120.71768,28.00622,120.72256,7,116,0
312,1187,13.05821592,1.998206951,27.97483,120.67456,27.96331,120.66311,5,319,0
208,2873,18.67692994,55.18695078,28.00568,120.7226,28.000323,120.727524,7,123,0
708,2075,32.55246328,-8.645131913,27.9343,120.7072,27.94054,120.69195,-1,116,0
1386,1867,7.393625161,20.47886366,27.98557,120.68544,27.9905,120.6805,4,34,0
2241,2425,22.42139101,44.66943191,27.98751,120.72346,28.001305,120.717516,7,35,0
1058,2483,-36.75707662,-6.490548326,28.04752,120.63044,28.02455,120.61196,-1,2,0
291,1596,-46.70967498,14.09003447,28.023257,120.659016,28.027266,120.655901,-1,137,0
726,816,-15.44040984,-0.176971397,28.00074,120.64324,28.000546,120.645436,3,452,0
15,606,-5.463248045,-15.78442225,27.97664,120.63227,28.004829,120.6409,-1,6,0
2183,2946,70.52245097,1.528354113,27.89444,120.81353,27.91587,120.81258,6,266,0
561,2180,-32.88191974,1.507137643,28.02374,120.641626,27.98333,120.65125,-1,3,0
2049,2092,-49.94250427,-2.938159594,28.01711,120.63167,28.0195,120.63455,-1,3027,0
966,2537,64.42167077,-3.221299219,27.918388,120.823666,27.92328,120.80462,6,130,0
1958,2939,-26.38836251,16.60954749,28.01842,120.65967,28.011397,120.653141,3,31,0
80,2053,-48.1953396,-7.162085256,28.01143,120.62756,28.01003,120.63016,4,9458,0
9,243,-15.5266837,2.076158108,27.99378,120.6501,28.000291,120.647161,3,32,0
224,1799,-4.821968779,25.54809245,28.01492,120.66976,27.99461,120.68409,-1,36,0
1415,2215,-23.33233397,4.19559088,28.01447,120.64201,28.01028,120.64503,3,5,0
174,1494,-61.28388679,-14.42616163,28.04894,120.64323,28.04977,120.64759,7,5069,0
1130,1298,-46.84630718,0.601014173,28.02327,120.63423,28.01943,120.636564,3,9,0
1500,2213,-54.22535907,-22.69041035,28.05006,120.62061,28.0397,120.63304,7,111,0
467,573,-32.25763692,45.11922741,28.012398,120.68848,28.014374,120.672952,-1,218,0
659,2505,18.45387293,-30.43632174,27.98025,120.58452,27.94729,120.54847,-1,68,0
259,273,-57.40952439,5.954221459,28.05022,120.66531,28.02613,120.64691,7,14,0
1080,1366,36.98643544,-28.99677495,27.92057,120.7039,27.90849,120.70916,3,36,0
542,2632,12.82063497,54.89669305,28.00788,120.70268,28.0072,120.71529,7,414,0
1308,2010,-3.193211616,47.5173637,27.98404,120.68203,27.99742,120.68104,4,183,0
1123,2787,-3.705993736,29.89232664,27.96552,120.64757,28.00461,120.6752,-1,2,0
124,724,1.158696295,-11.86125009,27.99261,120.62341,27.99279,120.64931,-1,11,0
95,2472,66.29798301,18.58989907,27.871381,120.804451,27.86229,120.80734,6,81,0
50,905,63.72730578,18.80375962,27.86632,120.78925,27.86954,120.80506,6,23,0
1237,2490,34.24111182,-46.86761597,27.888329,120.714934,27.88534,120.6674,3,43,0
1373,2073,-22.17106067,24.85258105,28.01793,120.66445,28.01371,120.66619,3,81,0
786,955,-47.14360869,-17.0008385,28.065163,120.642463,28.04133,120.65311,7,39,0
457,2535,-10.84819301,30.15311129,28.01851,120.70462,28.01377,120.68309,-1,2,0
1679,2322,26.06508752,46.55522174,27.99338,120.70875,27.99169,120.70661,7,173,0
421,1740,57.89494472,-8.334816954,27.91626,120.8268,27.9275,120.83694,6,368,0
644,1319,-19.5031785,11.6371378,28.01278,120.65944,28.01152,120.65068,3,44,0
310,1152,-41.82526226,34.17794866,28.01428,120.65834,28.013647,120.656985,3,165,0
1689,2258,-29.63661285,6.917155705,28.02095,120.64389,28.01658,120.65764,3,15,0
366,382,-51.24787499,17.5666892,28.026431,120.658121,28.01967,120.6623,-1,10,0
1166,2319,16.40243815,-44.03044931,27.95794,120.60138,27.97631,120.60491,-1,704,0
142,1098,-40.40387739,-24.25212161,28.07201,120.60483,28.0475,120.62333,-1,12,0
1170,2053,-45.50310686,0.425254385,28.023333,120.636389,28.01003,120.63016,-1,5,0
1221,2888,-46.45246743,-44.01276956,28.074942,120.604791,28.05349,120.61286,-1,272,0
999,1753,13.95057677,-19.0344792,27.95989,120.64875,27.96526,120.65283,5,4139,0
12,1228,70.55703615,16.03230297,27.8751,120.81027,27.873505,120.818568,6,367,0
243,606,-14.11764859,1.707440129,28.000291,120.647161,28.004829,120.6409,3,32,0
1027,2517,-40.59914088,-55.66095683,28.08394,120.58605,28.08227,120.59052,9,10021,0
599,883,39.69451031,45.11323398,27.97321,120.72684,27.99238,120.73064,-1,0,0
410,1727,53.7962289,-7.154464403,27.95123,120.82795,27.91218,120.83617,6,193,0
2259,2626,4.128626682,54.34349058,28.00154,120.69636,28.00254,120.695427,7,214,0
2190,2385,2.733068159,16.93690649,27.98235,120.67423,27.998,120.672205,-1,17,0
464,1848,15.39625995,-4.014771459,27.9659,120.64111,27.96164,120.66747,-1,4,0
447,1818,32.80977531,47.62709451,27.99055,120.7118,27.98955,120.71298,7,865,0
912,1679,25.84975482,40.9319611,27.98324,120.72334,27.99338,120.70875,-1,27,0
1256,2767,-35.71883248,29.29709809,28.01222,120.65195,28.00293,120.64916,3,71,0
982,2714,72.60388423,11.27238895,27.87452,120.79789,27.8832,120.80518,6,224,0
2653,2818,-26.07313848,-45.21893012,28.03697,120.58917,28.04104,120.58846,9,608,0
1094,2509,-22.69718243,-25.90579888,28.01845,120.59962,28.02225,120.60442,3,1074,0
1805,2366,16.21288794,7.584919461,27.970239,120.685696,27.97973,120.67677,5,13,0
111,2353,14.14303916,-8.356306946,27.95612,120.65155,27.973777,120.682079,5,18,0
133,2593,27.65476026,-7.295917417,27.9535,120.69621,27.96314,120.66947,5,14,0
194,1394,-8.629746539,47.89328474,28.0005,120.67726,27.99572,120.672658,4,80,0
638,1848,-1.321514481,-12.49662443,27.99736,120.62159,27.96164,120.66747,-1,12,0
211,1276,-5.086374645,-34.67311502,28.01211,120.58988,28.00066,120.58221,-1,0,0
1226,2939,-33.79186103,27.44335391,28.01039,120.65256,28.011397,120.653141,3,172,0
449,2357,33.91865206,-11.42110518,27.93173,120.70133,27.92044,120.6689,3,72,0
365,989,3.005716766,6.976767481,27.98328,120.65734,27.987092,120.667981,4,39,0
1315,2325,38.51309646,-30.93885242,27.91937,120.7061,27.91782,120.69607,3,374,0
278,1397,9.263675884,33.44158343,28.00309,120.69882,28.00398,120.69828,7,15,0
460,2265,24.77329102,38.21044755,27.996057,120.710262,27.99418,120.70931,7,76,0
1643,2778,4.476712247,-29.62780077,27.98054,120.61279,27.99859,120.64039,-1,33,0
989,2127,-9.307008252,38.79256763,27.987092,120.667981,27.98869,120.6726,4,400,0
1966,2150,4.42330705,-54.27160364,27.99619,120.58337,27.99711,120.58895,-1,718,0
946,2155,19.55404156,-40.20552216,27.94117,120.60038,27.93749,120.59711,10,18679,0
109,836,-16.3511285,-36.62740317,28.03316,120.59087,28.02242,120.60801,-1,19,0
1753,1871,11.14250007,-17.07231294,27.96526,120.65283,27.96874,120.65488,5,23402,0
560,692,11.74029188,53.37855813,28.016323,120.703784,28.00622,120.6991,7,155,0
394,1031,-25.12803995,-43.146226,28.029211,120.593311,28.036972,120.589166,-1,319,0
291,2468,-36.8029433,13.36903199,28.023257,120.659016,28.022717,120.632107,3,273,0
1619,1754,34.72376004,-35.78395217,27.920381,120.683202,27.920858,120.682988,3,68,0
2185,2970,11.41995077,-30.44397159,27.97251,120.60263,27.9567,120.57364,-1,129,0
2255,2409,-2.111741899,31.72527909,27.99861,120.67972,28.001286,120.679136,4,22,0
1176,2493,-44.50511901,25.64769649,28.01711,120.65265,28.01736,120.65303,3,127,0
2347,2496,47.65363132,2.402412265,27.91091,120.81602,27.94412,120.76969,-1,10,0
455,2583,32.23195214,50.31672742,27.992983,120.713162,27.99181,120.71288,7,10,0
41,2103,12.88708008,-30.18548749,27.95746,120.61208,27.98211,120.59701,-1,49,0
1164,2507,-62.08667161,11.15271192,28.04057,120.64705,28.02519,120.66642,-1,20,0
1689,2049,-31.76767691,0.402754173,28.02095,120.64389,28.01711,120.63167,-1,74,0
1105,1249,-37.3792408,25.0049394,28.00791,120.64843,28.00533,120.6479,3,2234,0
389,668,-18.95337933,-14.45988665,28.01058,120.62116,28.0105,120.60976,-1,233,0
1599,2182,11.93622698,-38.2891604,27.955208,120.625696,27.96515,120.61124,8,102,0
609,1713,-48.33709975,-9.37522177,28.02096,120.62016,28.01567,120.62619,-1,1272,0
358,2810,42.38496686,24.7252205,27.96854,120.74135,27.96861,120.74222,10,6707,0
560,2279,12.25330454,45.61380298,28.016323,120.703784,27.98388,120.70501,-1,0,0
1980,2593,26.42956903,-7.860190684,27.9546,120.667,27.96314,120.66947,5,394,0
656,2150,20.30236231,-43.49722837,27.96161,120.59217,27.99711,120.58895,-1,29,0
2593,2793,19.67559991,-6.46961648,27.96314,120.66947,27.96841,120.73048,-1,21,0
464,1021,16.48156645,-21.34336346,27.9659,120.64111,27.96668,120.62461,8,668,0
2513,2827,-45.59199094,-41.74176509,28.060569,120.603702,28.05657,120.60001,7,4483,0
487,608,-1.169537785,45.65534405,27.98776,120.67428,27.99367,120.69233,4,20,0
1448,1821,49.12489402,30.11839422,27.99567,120.715,27.98011,120.74803,-1,424,0
149,1286,-22.06951298,10.26983551,28.01646,120.65935,28.01117,120.65006,3,68,0
1699,2131,13.76885774,6.448732002,27.97659,120.67899,27.97509,120.65593,5,41,0
147,1400,-22.35732745,-24.20846511,28.01625,120.60085,28.01833,120.60806,3,522,0
909,1605,-45.03034135,2.606879584,27.95992,120.64877,28.01353,120.6398,-1,9,0
1650,2189,-49.93976594,-5.368186465,28.020022,120.631375,28.01722,120.63141,4,865,0
1457,2885,22.08065212,43.85554086,27.99566,120.715,27.99535,120.71624,7,127,0
1578,2182,13.53815336,-29.12780003,27.97058,120.5853,27.96515,120.61124,8,70,0
2061,2446,6.18030598,20.83580342,27.98839,120.68338,27.98763,120.66308,4,39,0
1601,2592,55.1144845,-11.27826254,27.94796,120.8414,27.93254,120.82423,6,67,0
621,1819,1.560702511,-50.96568066,27.98848,120.61075,27.996696,120.603355,8,2576,0
317,1160,-25.93039327,19.82457795,28.01994,120.655,28.01525,120.66252,3,30,0
349,2110,35.21290904,-24.46692555,27.92317,120.70288,27.92408,120.70403,3,313,0
2344,2431,-12.19612288,-6.344142437,28.000843,120.64058,28.0053,120.633,3,16,0
1590,2900,-24.55399056,-35.43815253,28.02239,120.59436,28.02464,120.59964,3,117,0
207,1286,-13.23099883,6.983941717,27.99871,120.65225,28.01117,120.65006,3,0,0
1837,2853,6.306452012,-20.81847836,27.98603,120.63754,27.97599,120.59211,8,35,0
1053,2578,22.84806529,39.63215482,27.99068,120.7167,27.99188,120.71874,7,24,0
1528,2263,-30.58781509,10.97817455,28.01484,120.64575,28.00726,120.65848,3,0,0
1689,2816,-42.498578,1.937772046,28.02095,120.64389,28.04411,120.63996,-1,53,0
1454,2434,42.22675462,-26.26932202,27.92271,120.7068,27.92215,120.70629,3,494,0
1098,2197,-57.3317053,-26.08820622,28.0475,120.62333,28.04449,120.62163,7,19514,0
1022,1782,21.73642437,43.02749623,27.99539,120.7173,27.997236,120.700653,7,56,0
126,2157,5.576446402,62.15438015,28.014957,120.696342,28.01324,120.69695,7,67,0
25,2298,29.59966605,-14.90649038,27.976204,120.667973,27.92952,120.68107,5,2,0
1557,2913,66.0753444,-0.027310664,27.90165,120.81193,27.92081,120.81459,6,131,0
1341,2425,18.15119496,39.32216746,27.9986,120.70953,28.001305,120.717516,7,31,0
335,2123,37.10735022,-39.96882178,27.93483,120.66784,27.92383,120.67387,-1,1219,0
1024,2585,0.273386477,-3.116637665,27.989558,120.6089,27.98729,120.6081,8,15,0
255,2946,68.96169121,-2.139745121,27.91211,120.79786,27.91587,120.81258,6,1985,0
2537,2913,64.91692299,-3.86234942,27.92328,120.80462,27.92081,120.81459,6,129,0
814,2049,-39.5322881,-5.33004793,28.06065,120.61145,28.01711,120.63167,-1,0,0
317,2415,-46.76323897,32.72575799,28.01994,120.655,28.02,120.655,3,9827,0
1584,2472,63.40949448,12.76709384,27.89209,120.81396,27.86229,120.80734,6,66,0
239,2093,25.05861721,17.52951294,28.03887,120.7934,28.02905,120.78585,2,213,0
243,2129,-10.76812668,1.77067864,28.000291,120.647161,27.98951,120.64774,-1,80,0
1079,2125,15.92035485,42.02065805,28.00471,120.71764,28.005059,120.711717,7,38,0
32,1188,29.60946182,15.36958118,28.02917,120.77439,28.02612,120.795888,2,152,0
488,2852,16.93335957,54.33892659,28.01171,120.71924,28.0076,120.724,7,171,0
392,1658,67.45100328,0.269378681,27.90266,120.80723,27.90655,120.80646,6,180,0
906,1394,-2.309112736,39.48390345,28.01211,120.69386,27.99572,120.672658,-1,18,0
1159,2316,-27.49727673,-34.66376141,28.02791,120.59925,28.0271,120.60091,3,35097,0
2058,2863,31.29427683,-44.03025533,27.87238,120.65735,27.888,120.649,3,15,0
1343,1637,-15.7350328,-13.69417687,28.00754,120.6164,28.007347,120.618907,4,66,0
466,2180,-3.121918924,-15.60592198,27.993,120.6404,27.98333,120.65125,-1,10,0
545,1699,15.8667626,10.05535494,27.96676,120.65937,27.97659,120.67899,5,170,0
26,335,28.66164978,-40.99353515,27.91714,120.66023,27.93483,120.66784,-1,118,0
1094,1400,-23.25006857,-24.52530136,28.01845,120.59962,28.01833,120.60806,3,530,0
1638,2597,-8.741853704,42.76464515,27.99258,120.67111,27.993358,120.671015,4,843,0
916,2252,-41.67773891,35.23926507,28.01381,120.65692,28.0135,120.659,3,517,0
353,510,-39.85872672,-35.88775667,28.04744,120.60876,28.04567,120.60077,-1,363,0
4,1916,2.526556677,-24.11456131,27.98663,120.61963,27.988443,120.627578,8,27,0
19,1855,16.17266103,15.74311049,27.98443,120.66958,27.98606,120.67631,4,1878,0
8,2823,19.37449547,-46.94248627,27.91704,120.56917,27.94947,120.55856,10,216,0
309,1885,15.40364352,-42.59254816,27.95804,120.59516,27.96887,120.61609,-1,710,0
2574,2870,-11.74342007,42.9071397,27.99428,120.66013,27.993073,120.660361,4,504,0
1682,2774,43.58775835,20.93121671,27.96568,120.73665,27.96407,120.76438,10,70,0
1141,1698,29.24309557,-42.17905693,27.933084,120.674452,27.95861,120.665556,5,18,0
2127,2385,4.163610601,15.3072539,27.98869,120.6726,27.998,120.672205,4,21,0
109,1444,-15.4041032,-40.6608957,28.03316,120.59087,28.019216,120.588125,9,7,0
697,1108,46.8298736,-19.71519348,27.92414,120.70279,27.924685,120.69711,3,3011,0
1774,2127,1.179575658,15.29195389,27.99094,120.65242,27.98869,120.6726,-1,0,0
1713,2614,-49.79579298,-6.500310653,28.01567,120.62619,28.01688,120.6293,4,3458,0
302,1110,31.33223368,-22.92042451,27.9241,120.70277,27.946867,120.69923,-1,35,0
264,2294,-35.72794171,22.15859876,28.01535,120.66232,28.017358,120.65303,3,121,0
1923,2705,-9.82528436,0.658692032,27.99631,120.64437,27.999704,120.646389,3,9,0
637,868,-20.61635332,25.34386018,28.01522,120.68916,28.01279,120.66871,-1,23,0
1494,1807,-57.86259792,-12.86354652,28.04977,120.64759,28.040568,120.63282,7,231,0
1279,1869,38.27226992,-47.35718979,27.89941,120.63473,27.89644,120.63496,3,3100,0
621,1998,-3.956581491,-28.64719043,27.98848,120.61075,27.987217,120.623164,8,1580,0
1767,2788,9.036254776,-18.12374302,27.97914,120.65482,27.96243,120.65546,5,81,0
1218,2051,58.28548111,2.719847295,27.91539,120.8198,27.91544,120.83871,6,93,0
1123,2508,15.96080872,-20.92112775,27.96552,120.64757,27.96724,120.66561,5,84,0
2900,2938,-19.23143742,-33.11910474,28.02464,120.59964,28.02158,120.59654,3,2,0
2063,2297,30.89882312,-16.1510497,27.90108,120.68568,27.92659,120.71116,3,12,0
447,1845,27.76499091,38.50017455,27.99055,120.7118,27.99406,120.72557,7,62,0
803,1442,-38.47934303,12.15629966,28.02715,120.65114,28.021742,120.649455,-1,139,0
1576,2399,15.14975523,-27.64478306,27.970529,120.613192,27.951096,120.598666,-1,8,0
1769,2881,16.65315612,38.77194304,27.998722,120.707177,28.00606,120.714808,7,52,0
1018,2196,-35.70157949,42.26603546,28.01725,120.66577,28.0176,120.6671,3,119,0
343,1766,-53.58678435,-28.96051296,28.03943,120.62365,28.043254,120.617338,7,61,0
692,1769,5.034654378,54.30897847,28.00622,120.6991,27.998722,120.707177,7,74,0
1496,2756,24.6038534,5.078246857,27.97767,120.70127,27.98645,120.68772,4,126,0
1430,2564,36.52631947,-1.697712713,27.9498,120.72544,27.96169,120.70433,10,65,0
613,1081,-15.48515531,41.10569448,27.999,120.659,27.997963,120.659738,3,114,0
741,1848,19.92222991,-14.54939386,27.95095,120.65688,27.96164,120.66747,5,82,0
1009,1188,27.94269801,18.51280438,28.029342,120.785869,28.02612,120.795888,2,627,0
1125,1460,3.289944075,-22.66566927,27.987701,120.628236,27.985304,120.632788,8,40,0
2286,2555,30.88955885,11.31443849,28.06047,120.84031,28.04092,120.83605,2,63,0
786,2407,-57.65389151,-17.15415378,28.065163,120.642463,28.06561,120.63194,7,874,0
935,1698,13.91910458,12.36595988,27.97987,120.68111,27.95861,120.665556,-1,29,0
1844,2021,34.00995236,-29.36520389,27.92562,120.70294,27.92043,120.68424,3,15,0
164,1391,17.08142892,-6.390876002,27.95724,120.65969,27.95467,120.69939,-1,16,0
57,209,-18.16845841,-15.83009074,28.00954,120.61511,28.01202,120.61381,-1,165,0
482,1878,42.45041022,13.34337975,27.97359,120.74776,27.97253,120.76819,10,192,0
959,2415,-38.2269769,32.66178746,28.009115,120.657413,28.02,120.655,3,57,0
913,2620,-14.77871553,13.00745391,28.01042,120.65885,28.005401,120.667985,3,0,0
133,2901,26.40914353,1.414447915,27.9535,120.69621,27.97339,120.7071,-1,135,0
421,461,60.13249665,8.673604691,27.91626,120.8268,27.8974,120.81737,6,49,0
27,1209,16.84041814,49.59676975,28.00949,120.71444,28.00032,120.72752,7,21,0
1007,2612,21.95462386,1.472506624,27.96558,120.68672,27.97238,120.685041,5,44,0
224,2424,-31.88597612,43.09385444,28.01492,120.66976,28.01008,120.67058,3,816,0
1398,2669,-26.92022404,-30.11230201,28.02438,120.60303,28.02459,120.60332,3,2315,0
1419,2431,-16.14705247,-8.810697697,28.01125,120.62553,28.0053,120.633,-1,88,0
188,2389,3.553526694,-19.13424249,27.97988,120.63103,27.9764,120.63278,8,77,0
708,2788,29.03883824,-17.25991578,27.9343,120.7072,27.96243,120.65546,-1,0,0
442,965,60.01686284,-9.719582258,27.92124,120.83163,27.92175,120.83021,6,414,0
197,1255,-0.660662629,21.52821836,27.99572,120.67266,27.9997,120.67055,-1,4,0
1124,2303,53.79149697,3.923474889,27.92529,120.82185,27.90821,120.80227,6,18,0
61,2828,-6.269011401,27.1377946,28.00969,120.67408,28.01051,120.67617,-1,91,0
227,2450,-60.39958282,-18.70125759,28.05333,120.63083,28.04901,120.63968,7,1704,0
1105,1774,-32.73265463,30.31032151,28.00791,120.64843,27.99094,120.65242,-1,19,0
372,1930,-4.975788841,49.14125248,27.99629,120.68028,27.99704,120.68015,4,378,0
172,2666,-40.32208478,-19.77849757,28.0428,120.62069,28.04116,120.62863,7,10,0
646,991,-51.11095962,14.88218764,28.02101,120.67872,28.02726,120.65732,-1,68,0
814,1981,-46.66620264,-36.08519714,28.06065,120.61145,28.04382,120.61146,7,304,0
130,801,38.64220784,-49.95931562,27.90369,120.65562,27.87582,120.66951,3,1530,0
581,2028,72.3335651,-8.382044032,27.93237,120.77134,27.92122,120.80887,-1,113,0
19,481,-17.68273541,-44.35201204,27.98443,120.66958,28.00644,120.59212,-1,0,0
1709,2124,44.70719009,13.21917824,27.97034,120.76311,28.0048,120.764,10,263,0
296,2028,53.20366497,2.326649792,27.93013,120.81461,27.92122,120.80887,6,40,0
243,2120,-33.29654018,36.95688944,28.000291,120.647161,28.00312,120.65388,3,701,0
2269,2767,-33.59147449,32.11526991,28.0054,120.65452,28.00293,120.64916,3,59,0
372,2446,4.253677027,23.42688663,27.99629,120.68028,27.98763,120.66308,4,11,0
1255,1994,-10.72069692,40.97708187,27.9997,120.67055,27.992378,120.669665,-1,161,0
1094,1572,-22.20282966,-27.89551512,28.01845,120.59962,28.02693,120.60664,3,645,0
8,1944,18.6644989,-31.96783837,27.91704,120.56917,27.97112,120.57378,-1,95,0
2010,2224,3.220907381,25.80511859,27.99742,120.68104,27.98445,120.67253,4,6,0
384,2745,-44.47719903,-3.910170991,28.01405,120.63301,28.02921,120.62987,-1,0,0
845,1661,-30.03386219,-58.22765012,28.06506,120.57549,28.060416,120.573888,9,7327,0
1213,1860,19.68112169,3.883786489,27.97513,120.69553,27.97729,120.68651,10,10,0
174,1506,-40.714283,-11.75110283,28.04894,120.64323,28.02799,120.66168,7,6,0
403,2842,32.31148549,41.00524728,27.98093,120.71034,27.98853,120.69743,-1,101,0
1340,1774,-1.615575791,3.5940874,27.99419,120.65338,27.99094,120.65242,-1,785,0
1415,1528,-43.06483253,21.4087476,28.01447,120.64201,28.01484,120.64575,3,3813,0
1768,2826,67.94715324,13.98006362,27.87577,120.82258,27.86957,120.81322,6,37,0
191,2405,23.68553529,-2.604459079,27.96628,120.68116,27.96984,120.68551,5,3605,0
1813,2528,-15.72330726,20.34259695,28.01988,120.65723,28.023744,120.653645,-1,29,0
2234,2863,33.03773431,-43.72368345,27.8815,120.63331,27.888,120.649,3,66,0
720,2793,39.77940969,31.01203687,27.97976,120.74186,27.96841,120.73048,10,203,0
1150,2372,-13.88656552,-31.34393846,28.00906,120.58854,28.023805,120.597166,3,129,0
1111,1433,-25.33843101,6.98959241,28.02502,120.63963,28.015196,120.648057,-1,25,0
1622,2385,0.026932328,22.07009375,28.00126,120.6875,27.998,120.672205,4,6,0
2693,2842,28.4692407,45.55918725,27.989197,120.703236,27.98853,120.69743,-1,763,0
593,1168,57.12883868,1.614843959,27.91758,120.83739,27.92409,120.83383,6,21,0
1713,2168,-26.53537156,-12.35403869,28.01567,120.62619,28.02265,120.60445,-1,5,0
554,2006,28.44980254,16.48924813,28.02289,120.80151,28.02272,120.80061,2,535,0
2834,2938,-12.83332275,-30.74775904,28.00969,120.59728,28.02158,120.59654,3,85,0
691,1650,-41.37346161,-5.479499753,28.05782,120.58736,28.020022,120.631375,-1,11,0
608,2359,10.69035157,33.22909895,27.99367,120.69233,28.00191,120.70463,-1,34,0
512,2788,14.01544246,-15.53282335,27.96138,120.66311,27.96243,120.65546,5,1636,0
181,2248,22.68598802,7.986887453,27.97517,120.69185,27.97512,120.69186,10,21504,0
1101,2739,37.38346919,12.89143075,28.008865,120.778256,27.9972,120.775,-1,28,0
189,1180,20.92871265,4.803492801,27.98396,120.69007,27.97777,120.70138,4,31,0
666,1744,-28.82420415,-49.91989207,28.07352,120.58467,28.049438,120.581163,9,37,0
72,631,7.89047921,-55.61213199,27.97367,120.59704,27.98274,120.56357,8,112,0
1519,1747,40.77165195,15.89088668,27.97433,120.75966,27.978667,120.735061,10,13,0
312,2036,15.40399775,3.583994007,27.97483,120.67456,27.97268,120.68433,5,71,0
234,2840,-42.50750949,-5.551693027,28.01828,120.62547,28.04323,120.58656,-1,6,0
1184,2334,-1.689524649,-16.90972017,27.982012,120.645724,27.98855,120.64216,5,15,0
331,426,-56.99909896,-1.346312537,28.03958,120.62042,28.025933,120.641498,7,21,0
454,1262,6.486719115,5.632461441,27.98,120.66708,27.98453,120.66027,-1,2807,0
1,47,47.70000593,18.35469263,27.97014,120.75603,27.97433,120.75967,10,2146,0
606,1419,-11.10207949,-7.056477401,28.004829,120.6409,28.01125,120.62553,-1,0,0
1081,2428,-16.02104484,44.2101709,27.997963,120.659738,27.98819,120.6531,-1,308,0
2433,2899,-51.00131751,20.25227239,28.02202,120.66394,28.02802,120.65472,-1,190,0
828,1141,28.52713258,-16.92362916,27.96168,120.677789,27.933084,120.674452,5,3,0
1644,2360,36.55796863,18.61380831,27.97549,120.72917,27.97589,120.75072,10,27,0
53,872,0.444293107,-12.78285828,27.98833,120.64222,27.98477,120.64882,-1,32,0
1697,2223,59.60231531,-12.46283648,27.93044,120.81856,27.922663,120.824735,6,1862,0
80,1804,-14.78845694,-12.96094407,28.01143,120.62756,28.00502,120.61628,4,25,0
2367,2632,17.0427254,52.20931655,28.008302,120.718349,28.0072,120.71529,7,38,0
972,1262,18.43566148,-6.67472633,27.94366,120.68317,27.98453,120.66027,-1,0,0
508,2622,-44.6101093,-16.06423078,28.04337,120.65572,28.0547,120.64565,7,20,0
2213,2745,-54.05797341,-0.409519584,28.0397,120.63304,28.02921,120.62987,7,11,0
331,961,-30.59420443,-55.29150077,28.03958,120.62042,28.06451,120.58223,-1,17,0
172,1098,-52.93258432,-27.97399796,28.0428,120.62069,28.0475,120.62333,7,96,0
188,2089,2.940806602,-11.84304574,27.97988,120.63103,27.970224,120.651685,-1,19,0
872,2096,7.505315486,-31.52690284,27.98477,120.64882,27.97745,120.61375,-1,10,0
996,1098,-47.83630373,-22.72516299,28.04161,120.62551,28.0475,120.62333,7,70,0
2080,2277,-10.69121857,39.86752219,27.994449,120.671107,27.99474,120.67188,4,115,0
1682,2422,43.14433807,3.224149242,27.96568,120.73665,27.93079,120.82979,-1,34,0
1455,1796,-64.01658001,-0.865661902,28.03905,120.62757,28.04071,120.63988,7,3605,0
1923,2120,-15.02229675,1.929622542,27.99631,120.64437,28.00312,120.65388,3,76,0
1502,2385,-1.957383258,16.74583876,27.991292,120.664871,27.998,120.672205,4,9,0
305,1353,-15.46377203,-13.58686172,28.008511,120.618079,28.01018,120.617543,4,13,0
554,1458,25.80351976,11.48807304,28.02289,120.80151,28.023603,120.80906,2,5339,0
415,2258,-39.00694849,14.06990113,28.01975,120.65219,28.01658,120.65764,3,74,0
2433,2569,-21.63903421,34.44609962,28.02202,120.66394,28.025414,120.669513,3,98,0
269,1376,6.433041828,-7.966912827,27.96807,120.80604,27.99176,120.72451,-1,5,0
297,2033,53.67042644,2.025244724,27.92911,120.80675,27.9196,120.81824,6,7,0
694,906,6.260641787,41.54554007,28.015,120.686,28.01211,120.69386,7,167,0
1166,1240,13.64175518,-32.68285664,27.95794,120.60138,27.952149,120.604131,10,550,0
455,2841,14.8382562,34.33998407,27.992983,120.713162,28.000286,120.70749,7,0,0
120,836,-23.78153209,-23.08572597,28.0183,120.607999,28.02242,120.60801,3,405,0
949,986,-18.32418246,-47.66454518,28.042263,120.582178,28.077531,120.587363,9,37,0
1799,2249,-3.829322607,52.36542119,27.99461,120.68409,27.997139,120.68626,4,272,0
1536,2908,10.21834952,14.16799017,27.985,120.67851,27.98585,120.6777,4,7,0
127,1108,35.62549569,-31.32619846,27.9207,120.68866,27.924685,120.69711,3,52,0
2330,2432,1.475008716,-51.30556048,27.9967,120.60336,27.99839,120.59856,8,4646,0
27,347,13.85636108,47.02061903,28.00949,120.71444,27.98785,120.71681,7,6,0
2234,2910,33.47200601,-43.78631439,27.8815,120.63331,27.896919,120.638597,3,68,0
816,2767,-14.2513887,0.644941293,28.000546,120.645436,28.00293,120.64916,3,167,0
539,2511,-32.68644495,16.89047437,28.01516,120.65303,28.015241,120.649988,3,185,0
1305,2664,66.66674698,-6.902135157,27.92668,120.81126,27.93035,120.81024,6,591,0
1184,2574,-2.268711437,8.391041787,27.982012,120.645724,27.99428,120.66013,-1,30,0
565,2385,-3.683738761,18.67567574,28.00841,120.66454,27.998,120.672205,-1,6,0
2456,2628,-18.25781631,31.40661848,28.022125,120.670739,28.01511,120.67465,3,14,0
1729,2909,65.94047353,15.75125431,27.855613,120.81738,27.86513,120.81613,6,11,0
1472,2540,1.771991105,47.63965286,27.99188,120.69412,27.991878,120.694119,4,506,0
291,2196,-19.00110117,23.55619614,28.023257,120.659016,28.0176,120.6671,3,100,0
1401,2559,-33.05576303,17.99457532,28.01999,120.65209,28.01104,120.64986,3,0,0
1722,2394,62.12534532,16.72105163,27.87744,120.7991,27.86351,120.786,6,5,0
439,1938,-45.89882269,19.44960297,28.02332,120.64816,28.01832,120.65141,3,996,0
273,1415,-37.22960981,2.987396248,28.02613,120.64691,28.01447,120.64201,-1,27,0
319,2176,24.69807846,-11.33617675,27.93831,120.66539,27.95843,120.65338,5,70,0
2449,2615,68.65016936,13.91478689,27.8763,120.82073,27.87142,120.82061,6,117,0
273,1164,-62.94215734,1.958661052,28.02613,120.64691,28.04057,120.64705,7,1035,0
1939,2202,1.41103607,28.8115983,28.00197,120.68016,27.99802,120.68311,4,109,0
48,368,10.11758677,43.92900336,28.01947,120.67661,28.0175,120.69666,-1,0,0
1889,2452,-40.01410448,36.04167388,28.01442,120.65841,28.0105,120.66068,3,220,0
970,2843,-13.93404051,29.28976996,28.014998,120.674961,28.01538,120.6731,3,4,0
646,1220,-3.632404292,33.07282314,28.02101,120.67872,28.000812,120.679146,-1,24,0
539,849,-31.5410206,18.75038211,28.01516,120.65303,28.01215,120.65165,3,109,0
1496,2209,26.79601392,7.986852534,27.97767,120.70127,27.96734,120.67106,-1,22,0
534,2508,31.41238296,-12.65418507,27.93767,120.66978,27.96724,120.66561,5,4,0
2053,2346,-22.00754742,-4.69701372,28.01003,120.63016,28.009052,120.630765,4,109,0
1167,2012,-57.44612449,0.210956024,28.03274,120.64129,28.02392,120.644412,-1,66,0
3,1737,-20.44898292,-55.87224736,28.03927,120.5877,28.03968,120.57291,9,188,0
1803,2417,-21.65690993,23.69562601,28.01235,120.66512,28.01324,120.6611,3,17,0
89,1515,-22.34673993,15.53493163,28.0164,120.65703,28.01034,120.65781,3,4,0
1760,1809,-22.85403487,8.398520632,28.01143,120.64969,28.011648,120.649797,3,12,0
42,98,-12.40809224,1.399733168,28.0014,120.65569,27.996306,120.644374,3,41,0
492,636,31.27747692,47.95409111,27.99261,120.71419,27.98612,120.70958,7,19,0
1051,1273,-50.24096052,-36.67101854,28.04252,120.60963,28.02347,120.61544,-1,414,0
1351,2879,-41.22099741,-12.54329519,28.04387,120.63355,28.040077,120.644167,7,52,0
2186,2232,22.94746328,33.21980381,27.99188,120.7165,27.99607,120.71016,7,0,0
1116,2967,38.74350113,-21.58078552,27.92366,120.70449,27.92614,120.70507,3,37,0
693,1052,36.64992285,31.13530691,27.97736,120.73532,27.97486,120.72843,10,53,0
1306,1446,7.894123411,-36.68666405,27.99383,120.62833,27.98015,120.60519,8,49,0
2061,2444,-3.12350729,41.83238014,27.98839,120.68338,27.99277,120.67775,4,227,0
1811,2021,38.20941048,-41.30313756,27.89896,120.665197,27.92043,120.68424,3,54,0
112,2316,-19.29654589,-18.61731856,28.01472,120.61007,28.0271,120.60091,3,25,0
255,2913,68.56429375,-2.6804822,27.91211,120.79786,27.92081,120.81459,6,71,0
2075,2237,33.16352777,-9.586371186,27.94054,120.69195,27.92797,120.69797,-1,93,0
533,1935,8.578742738,-2.02127647,27.97788,120.66759,27.97505,120.67499,5,29,0
220,1006,5.383601124,-55.01741036,27.9974,120.58543,27.99467,120.56692,8,77,0
1092,2180,6.674321284,-9.001572442,27.96187,120.66042,27.98333,120.65125,5,9,0
1549,2232,28.2216538,48.0301163,27.98966,120.70619,27.99607,120.71016,7,1246,0
1801,2512,-0.850378863,23.09941997,27.99838,120.67269,27.99935,120.67604,4,37,0
2733,2745,-35.1892101,-7.414351281,28.019524,120.631948,28.02921,120.62987,-1,24,0
1295,1489,4.037807085,-7.018246927,27.87791,120.67133,27.861,120.67971,3,10,0
171,1428,-33.07612895,-7.495526417,28.00072,120.63977,28.02259,120.62662,-1,2,0
42,619,-22.39104533,18.54989096,28.0014,120.65569,28.01319,120.65921,3,5,0
699,2452,-19.47680936,16.44567727,28.012774,120.661939,28.0105,120.66068,3,2,0
1894,2921,-46.52275794,-21.92947591,28.044511,120.621742,28.04626,120.62812,7,114,0
1440,2946,65.58154541,-5.2616539,27.92653,120.78661,27.91587,120.81258,6,50,0
956,1134,0.604107029,-14.36445053,27.97159,120.65547,27.99644,120.63354,-1,0,0
1448,2516,33.70200443,28.24773937,27.99567,120.715,27.97841,120.73883,-1,111,0
836,2575,-28.22303723,-39.19976822,28.02242,120.60801,28.02926,120.59028,-1,77,0
57,2938,-17.24456314,-18.39340913,28.00954,120.61511,28.02158,120.59654,-1,33,0
1753,2508,13.28717514,-18.8294498,27.96526,120.65283,27.96724,120.66561,5,820,0
499,677,-34.40513744,-20.92242239,28.04339,120.62726,28.040628,120.619569,7,9,0
982,1983,61.39100402,15.12365173,27.87452,120.79789,27.88689,120.80628,6,47,0
578,1619,37.27589352,-37.17441318,27.91219,120.68358,27.920381,120.683202,3,214,0
202,1605,-34.47615381,16.7906014,28.0087,120.65515,28.01353,120.6398,3,6,0
257,2547,-38.37032662,-57.52968296,28.076984,120.602335,28.077515,120.5896,9,5833,0
4,1620,-14.61890014,-12.547423,27.98663,120.61963,28.01578,120.62194,-1,0,0
2004,2515,-37.33539746,-44.44175688,28.05469,120.58692,28.06853,120.60201,9,27,0
529,2750,7.492406699,39.8693813,28.01174,120.68077,28.00455,120.70115,-1,2,0
1243,2413,64.50897992,21.40654074,27.86417,120.78289,27.85882,120.79137,6,281,0
2176,2788,15.72943479,-17.28684881,27.95843,120.65338,27.96243,120.65546,5,30739,0
619,1142,-20.69073174,15.75743436,28.01319,120.65921,28.01146,120.65856,3,82,0
2407,2729,-59.13374666,-17.74839586,28.06561,120.63194,28.05359,120.63947,7,1064,0
1288,1755,42.3318165,-33.32309921,27.91607,120.69654,27.916499,120.696973,3,377,0
408,2396,-56.07533156,-20.10356561,28.05042,120.6339,28.03985,120.62173,7,113,0
1959,2968,-40.69326307,9.790655393,28.02514,120.6594,28.02802,120.6546,-1,49,0
306,1288,31.90574868,-27.67913922,27.93177,120.67802,27.91607,120.69654,-1,35,0
522,741,4.820368809,-12.04690499,27.95536,120.60011,27.95095,120.65688,-1,0,0
1591,2074,21.11868395,37.22845236,28.00528,120.70899,27.986124,120.709577,7,66,0
569,1587,-17.03356717,-6.042966568,28.006636,120.635923,28.00917,120.64028,3,99,0
673,1512,-32.95519123,-39.2034483,28.05464,120.60495,28.04225,120.58748,-1,44,0
1405,2416,-37.46547198,-63.32761505,28.10206,120.56347,28.101941,120.550401,9,2702,0
75,2575,-23.20267072,-40.25581936,28.03269,120.59105,28.02926,120.59028,9,278,0
615,2224,13.2802916,15.079988,27.99109,120.67677,27.98445,120.67253,4,311,0
1697,2314,63.45746458,-7.029315696,27.93044,120.81856,27.93059,120.81358,6,292,0
987,1049,-17.38969437,46.72110008,28.00626,120.66415,28.00814,120.66242,3,15,0
813,1590,-23.36095531,-18.22349985,28.01833,120.607999,28.02239,120.59436,3,16,0
305,2198,-16.8777062,-13.07273233,28.008511,120.618079,28.01139,120.622331,4,154,0
1548,1958,-21.03747599,21.29933457,28.01442,120.66161,28.01842,120.65967,3,21,0
1262,2209,10.37265225,2.391780022,27.98453,120.66027,27.96734,120.67106,-1,44,0
1900,2827,-42.34913062,-45.33623291,28.06605,120.58485,28.05657,120.60001,-1,3476,0
2456,2943,-19.52790841,29.40580583,28.022125,120.670739,28.02187,120.6698,3,37,0
1249,1289,-20.69921537,6.64355846,28.00533,120.6479,28.0114,120.65314,3,20,0
541,1944,13.584037,-49.40985789,27.96193,120.60948,27.97112,120.57378,-1,109,0
1402,1443,-14.74094739,31.64609346,28.014576,120.681581,28.02212,120.67074,3,0,0
369,2309,58.9037337,-4.74843601,27.9277,120.83323,27.92657,120.81725,6,337,0
306,875,32.19622982,-34.68969922,27.93177,120.67802,27.92099,120.68452,-1,24,0
258,1304,-1.223510171,-3.084491376,27.986706,120.608952,27.989339,120.608294,8,23,0
149,2164,-23.75782858,22.74657596,28.01646,120.65935,28.01286,120.66582,3,41,0
332,687,-1.262856795,59.69835388,28.00341,120.68731,28.006318,120.696659,-1,465,0
316,2458,30.38187616,-52.06488589,27.85765,120.67291,27.85734,120.67149,3,2652,0
1322,1386,3.509471395,34.16949681,28.00798,120.69032,27.98557,120.68544,-1,5,0
648,2159,40.7983503,-14.79999308,27.92779,120.69413,27.9283,120.69546,3,522,0
742,1796,-55.60497062,2.916568509,28.069541,120.641029,28.04071,120.63988,7,13,0
1433,2189,-28.00682853,2.818956998,28.015196,120.648057,28.01722,120.63141,-1,26,0
365,575,5.791543621,3.802256304,27.98328,120.65734,27.98117,120.66776,4,353,0
219,1563,34.98427844,-22.12384399,27.92298,120.70731,27.92204,120.69661,3,38,0
668,2094,-19.12872348,-17.40492581,28.0105,120.60976,27.992,120.60987,-1,12,0
608,1613,10.54849106,33.25497248,27.99367,120.69233,28.00291,120.69868,-1,51,0
553,1081,-15.24069975,42.88097691,27.999,120.66,27.997963,120.659738,3,353,0
1478,2914,-49.30567553,0.902887301,28.02333,120.63639,28.01922,120.64427,-1,30,0
1824,2016,41.90058679,-24.05973601,27.9227,120.70332,27.92264,120.70453,3,244,0
972,1245,39.20447183,-16.32595303,27.94366,120.68317,27.92828,120.69722,-1,173,0
1322,2924,-0.473991487,57.30099691,28.00798,120.69032,28.0079,120.69401,7,92,0
1911,2342,40.37933729,22.46093885,27.97773,120.72673,27.96902,120.74658,10,23,0
595,1207,-8.457390742,32.3423886,28.01681,120.67808,28.01158,120.67785,-1,171,0
609,2899,-37.79653601,9.347925918,28.02096,120.62016,28.02802,120.65472,-1,33,0
1942,2326,37.1978055,25.37617802,27.97292,120.74185,27.97597,120.7509,10,6,0
284,1794,38.91834751,-12.72183391,27.92764,120.69437,27.94302,120.67619,-1,404,0
367,1765,3.2385385,-52.41240808,27.99233,120.60381,27.9931,120.58597,8,127,0
1070,1571,43.4139088,16.62444582,27.97374,120.7589,27.97334,120.75738,10,156,0
510,1273,-34.76245168,-36.83015958,28.04567,120.60077,28.02347,120.61544,-1,27,0
338,2937,43.62593156,34.08009314,27.978332,120.738888,27.97398,120.7324,10,456,0
883,2241,39.49558981,43.69201262,27.99238,120.73064,27.98751,120.72346,7,2384,0
949,2048,-32.3917531,-49.12241529,28.042263,120.582178,28.07875,120.58356,9,27,0
1365,2802,40.35710706,40.77396493,27.982061,120.727042,27.98055,120.72944,-1,689,0
552,1365,36.15589622,24.24699989,27.96536,120.74141,27.982061,120.727042,-1,10,0
1632,2519,7.600327916,51.34919696,28.0016,120.70563,27.99715,120.70087,7,15,0
5,273,-63.9928981,17.5031619,28.05615,120.67115,28.02613,120.64691,7,14,0
552,1223,42.63188268,3.405012402,27.96536,120.74141,27.960593,120.741204,10,4,0
2515,2746,-42.00119762,-37.51143488,28.06853,120.60201,28.03863,120.61579,-1,10,0
84,1441,-65.3253605,10.96637099,28.01988,120.68913,28.04381,120.65767,7,150,0
176,1510,-33.65604884,-10.19251274,28.02521,120.6105,28.023269,120.632426,-1,56,0
724,735,-6.308993599,-16.21236629,27.99279,120.64931,27.993371,120.637184,-1,107,0
521,1991,-12.3128538,46.93392774,27.99979,120.66739,28.00104,120.67237,3,1042,0
943,2673,26.45590998,25.27764993,27.98369,120.71502,27.96916,120.74277,-1,50,0
937,2966,58.90188534,10.62771015,27.94444,120.83533,27.90319,120.81717,6,28,0
547,1994,4.533574129,12.0108956,27.98521,120.67877,27.992378,120.669665,4,4,0
385,2147,17.099334,43.67037556,28.00125,120.72481,28.00191,120.72282,7,19,0
2225,2881,14.48941212,48.44343677,28.01963,120.71371,28.00606,120.714808,7,31,0
2046,2570,72.74310244,7.779834315,27.88702,120.81085,27.8882,120.80334,6,293,0
1816,2445,0.108482666,-41.79378449,27.9845,120.611,27.992515,120.595201,8,39,0
703,1944,-1.271908237,-44.05307926,27.99417,120.59982,27.97112,120.57378,8,3,0
1007,2848,25.38892779,-2.159612444,27.96558,120.68672,27.965369,120.686131,5,25675,0
2392,2928,0.847350177,25.12111194,28.00878,120.68835,27.99271,120.68075,-1,0,0
949,1900,-36.53320485,-59.58801096,28.042263,120.582178,28.06605,120.58485,9,807,0
1444,2609,-9.945942608,-34.33257635,28.019216,120.588125,28.01418,120.59753,-1,13,0
1051,2197,-52.07357463,-30.23501534,28.04252,120.60963,28.04449,120.62163,7,14,0
608,1321,0.083011672,49.52804765,27.99367,120.69233,27.99863,120.68954,4,4531,0
698,2653,-40.16203506,-25.32330451,28.07126,120.60869,28.03697,120.58917,9,19,0
999,1698,12.56979402,-17.39533448,27.95989,120.64875,27.95861,120.665556,5,27,0
673,1112,-55.46280197,-32.47618471,28.05464,120.60495,28.05274,120.62436,7,192,0
198,1991,0.455161036,21.96128111,27.99428,120.679324,28.00104,120.67237,-1,191,0
727,878,-2.308332893,56.86855896,28.00933,120.69355,28.000355,120.697765,7,51,0
619,1689,-27.14401072,4.504443667,28.01319,120.65921,28.02095,120.64389,3,51,0
55,2734,35.99945981,-46.19163745,27.85781,120.66563,27.90428,120.63587,3,190,0
381,427,-8.183168173,38.93739106,27.99445,120.67111,28.005808,120.669146,-1,116,0
660,2599,-0.541754104,13.01275524,27.99791,120.66801,28.00304,120.66839,3,6,0
673,2729,-45.14461046,-26.16652698,28.05464,120.60495,28.05359,120.63947,7,11,0
42,427,-7.608009806,15.76234836,28.0014,120.65569,28.005808,120.669146,3,0,0
1306,1774,-7.159327344,-16.45067733,27.99383,120.62833,27.99094,120.65242,-1,96,0
328,1232,-69.10065753,7.536199975,28.05929,120.65781,28.04357,120.651564,7,621,0
949,1830,-17.47119624,-59.14279537,28.042263,120.582178,28.0362,120.58118,9,1991,0
46,1128,-44.61026598,-31.74097974,28.04917,120.61056,28.04816,120.61455,7,238,0
640,1958,-45.21537089,32.59934541,28.01677,120.65806,28.01842,120.65967,3,221,0
2528,2656,-46.60323163,14.96154889,28.023744,120.653645,28.024797,120.649708,7,313,0
466,789,-1.712875547,-13.62253413,27.993,120.6404,27.99022,120.63948,8,53,0
1742,2452,-19.96797686,14.97311212,28.010383,120.6909,28.0105,120.66068,-1,33,0
689,2841,22.38950079,48.24484507,28.001145,120.705368,28.000286,120.70749,7,7,0
1455,1752,-54.79466638,-0.24619368,28.03905,120.62757,28.0312,120.63393,7,59,0
1026,2190,15.08727018,13.4192866,27.981479,120.677436,27.98235,120.67423,5,1463,0
850,2619,3.365883445,17.52127275,27.99186,120.67498,27.992814,120.696225,4,7,0
54,468,-27.34131555,-13.10965915,28.018598,120.620672,28.02464,120.59155,-1,0,0
76,2265,23.43194525,47.04385539,27.99619,120.71034,27.99418,120.70931,7,304,0
1239,2465,35.8944887,-51.07897371,27.87124,120.64996,27.88796,120.64935,3,7567,0
1206,2131,11.13544349,-12.31986012,27.95921,120.65553,27.97509,120.65593,5,38,0
1610,1900,-39.66444596,-33.70721521,28.05249,120.60567,28.06605,120.58485,-1,3,0
1008,2745,-35.7394073,-7.555769842,28.06212,120.60705,28.02921,120.62987,-1,0,0
692,1020,4.982461082,55.42847951,28.00622,120.6991,28.00029,120.70357,7,372,0
850,2383,-3.880652868,38.15906455,27.99186,120.67498,27.99134,120.67277,4,34,0
1898,2142,27.47673423,40.0786117,27.988654,120.709784,27.98684,120.71242,7,29,0
1558,1866,-34.97889795,41.91750489,28.01502,120.66503,28.01517,120.66503,3,34,0
100,1155,61.22622118,1.631050035,27.91637,120.82567,27.9164,120.82583,6,0,0
305,1605,-47.64488142,6.532047248,28.008511,120.618079,28.01353,120.6398,-1,12,0
534,1141,23.24890911,-17.54738817,27.93767,120.66978,27.933084,120.674452,5,4250,0
916,1319,-16.84644046,16.2042388,28.01381,120.65692,28.01152,120.65068,3,16,0
206,2274,74.2687675,14.18109554,27.87965,120.81513,27.87983,120.81482,6,914,0
1774,2682,-14.68625817,2.682618471,27.99094,120.65242,27.99605,120.64769,-1,771,0
1152,2092,-27.05397824,-3.067519917,28.013647,120.656985,28.0195,120.63455,3,54,0
1362,2324,65.43976622,11.57878474,27.89369,120.80917,27.8722,120.8266,6,39,0
159,2021,17.29848719,-7.793138393,27.94833,120.66804,27.92043,120.68424,-1,8,0
1255,2787,-10.03459575,49.06183249,27.9997,120.67055,28.00461,120.6752,-1,144,0
1885,2718,14.80773782,-28.31349081,27.96887,120.61609,27.94477,120.59481,-1,6,0
609,779,-35.15313344,-22.77921032,28.02096,120.62016,28.03387,120.594038,-1,0,0
916,2628,-16.01910202,16.64307749,28.01381,120.65692,28.01511,120.67465,3,21,0
761,2528,-43.58094449,2.692995207,28.02569,120.64175,28.023744,120.653645,7,122,0
637,2792,-18.13698026,32.31321822,28.01522,120.68916,28.02302,120.66759,-1,25,0
207,1005,-12.29181754,7.346794422,27.99871,120.65225,28.00628,120.65332,3,23,0
627,1759,-60.56192046,14.70642838,28.0494,120.66193,28.018481,120.682668,-1,11,0
646,2392,-8.821782069,33.51017934,28.02101,120.67872,28.00878,120.68835,-1,12,0
259,2087,-43.0681125,-11.7449924,28.05022,120.66531,28.02363,120.66164,-1,7,0
2187,2328,65.72668576,11.32589128,27.89058,120.80958,27.88837,120.81206,6,60,0
1072,1784,-14.33560762,11.93567174,28.00679,120.65524,28.00685,120.65571,3,59,0
2762,2792,-26.91991497,38.72058363,28.01919,120.67036,28.02302,120.66759,3,14988,0
1194,2149,21.12586777,1.550433384,27.9573,120.67705,27.98472,120.69611,-1,21,0
1624,2788,9.200126452,-35.53027867,27.971715,120.608414,27.96243,120.65546,-1,2,0
720,2305,46.1786787,34.03969806,27.97976,120.74186,27.98543,120.73922,10,5687,0
11,2315,33.88992203,52.9261748,27.99544,120.72251,27.9939,120.72128,7,1271,0
143,1273,-37.41677097,-18.05881874,28.04546,120.65895,28.02347,120.61544,-1,2,0
159,746,24.70181936,-15.1787088,27.94833,120.66804,27.94545,120.66986,5,23057,0
492,1769,20.0447232,36.21770743,27.99261,120.71419,27.998722,120.707177,7,55,0
795,1814,38.53113732,-49.7028101,27.91839,120.66065,27.88108,120.671,3,110,0
1081,1238,-8.69806676,6.100429483,27.997963,120.659738,28.00439,120.65275,3,84,0
1512,2887,-18.30226699,-50.61115669,28.04225,120.58748,28.04609,120.57533,9,12,0
1188,1543,27.84988441,18.56599186,28.02612,120.795888,28.03307,120.79284,2,4581,0
1790,2787,-4.224967429,33.70400915,28.00243,120.67766,28.00461,120.6752,4,64,0
1402,1534,-25.91776316,44.96274245,28.014576,120.681581,28.017189,120.678534,3,1107,0
25,1391,27.66703455,-15.05226914,27.976204,120.667973,27.95467,120.69939,-1,21,0
76,2959,24.23989227,47.85687719,27.99619,120.71034,27.996193,120.708797,7,423,0
628,1544,55.8974263,-0.606201453,27.92742,120.82878,27.94688,120.81569,6,12,0
2092,2914,-31.02610209,-2.576255104,28.0195,120.63455,28.01922,120.64427,3,30,0
2571,2641,52.23417766,-9.279082595,27.95427,120.8335,28.00624,120.82807,-1,60,0
603,2260,5.846795739,-26.14897477,27.97164,120.62661,27.97853,120.62639,8,27,0
502,2176,9.377133143,-14.53123743,27.975415,120.651576,27.95843,120.65338,5,210,0
2476,2556,25.29574613,53.70626439,27.99996,120.71136,28.00322,120.7122,7,1514,0
1143,2721,42.62452289,-24.91793209,27.92288,120.70458,27.92299,120.70473,3,324,0
579,1774,-0.699746596,5.593687726,27.99223,120.65477,27.99094,120.65242,-1,219,0
899,1344,-30.97633688,-57.73712976,28.06049,120.57424,28.06042,120.57389,9,129,0
1610,1981,-46.01720399,-37.4638929,28.05249,120.60567,28.04382,120.61146,7,943,0
69,227,-44.37722769,-26.23116179,28.055285,120.609474,28.05333,120.63083,7,17,0
227,293,-35.9938526,-9.397087675,28.05333,120.63083,28.02476,120.635142,-1,4,0
911,1852,39.7084152,7.472291374,27.96141,120.73461,27.96059,120.7497,10,316,0
348,1997,-65.15523488,21.33880418,28.07753,120.6897,28.07481,120.68325,1,414,0
178,1442,-33.56517233,13.44838562,28.01444,120.65108,28.021742,120.649455,3,176,0
891,2064,61.64805305,18.07907777,27.85508,120.7815,27.889525,120.804362,6,37,0
2176,2848,13.44245969,-8.190049639,27.95843,120.65338,27.965369,120.686131,5,35,0
155,285,61.27912831,8.194276036,27.90066,120.82456,27.90175,120.80936,6,25,0
1130,2840,-42.58450431,-3.718905024,28.02327,120.63423,28.04323,120.58656,-1,2,0
2119,2516,41.73690531,29.7558359,27.97513,120.74591,27.97841,120.73883,10,69,0
394,1560,-25.6604229,-41.33107903,28.029211,120.593311,28.034241,120.588717,-1,3432,0
243,735,-0.82743073,-9.586635191,28.000291,120.647161,27.993371,120.637184,-1,0,0
541,1837,6.599276678,-21.84157996,27.96193,120.60948,27.98603,120.63754,-1,7,0
909,1848,11.041299,-18.3793966,27.95992,120.64877,27.96164,120.66747,5,32,0
1767,2567,-0.004298889,3.627369271,27.97914,120.65482,27.992138,120.656444,-1,954,0
1533,2880,-30.5300674,-57.58918619,28.06943,120.56735,28.06668,120.55625,9,434,0
1082,2109,-22.96615338,13.94120107,28.016688,120.655528,28.01345,120.65446,3,85,0
1792,2797,1.579741683,-21.93368417,27.985149,120.627224,27.987898,120.629043,8,77,0
361,2592,68.7881879,-9.768622997,27.95277,120.79908,27.93254,120.82423,-1,340,0
438,1899,-38.23364629,-19.73149856,28.03933,120.62364,28.06248,120.60338,-1,37,0
116,2964,23.76323351,15.85615366,28.06043,120.80995,28.07691,120.77662,2,84,0
2007,2891,35.60124079,12.13830616,27.99715,120.77526,27.99425,120.83053,-1,2,0
1819,2420,0.189966733,-42.90034186,27.996696,120.603355,27.98362,120.61785,8,13,0
2051,2222,56.58297019,-0.185354392,27.91544,120.83871,27.92255,120.8311,6,39,0
772,1294,-39.06844011,-26.73672506,28.05187,120.61117,28.06952,120.58518,-1,5,0
1143,1520,39.20123059,-23.4660863,27.92288,120.70458,27.92287,120.7033,3,105,0
841,2509,-25.86790874,-4.178115808,28.0171,120.63698,28.02225,120.60442,3,0,0
1768,2046,7.078358004,-7.662537439,27.87577,120.82258,27.88702,120.81085,6,0,0
35,2921,-31.73057661,-53.46947864,28.06905,120.57281,28.04626,120.62812,-1,0,0
766,2542,-14.92718787,-15.28967121,28.00726,120.61292,28.01903,120.61189,-1,82,0
457,1505,12.64575274,60.98802518,28.01851,120.70462,28.02211,120.70716,7,125,0
1626,2372,-14.79811842,-30.48168171,28.01389,120.60169,28.023805,120.597166,3,32,0
914,1218,61.65432213,-2.083579318,27.93088,120.80284,27.91539,120.8198,6,0,0
960,1938,-26.96772171,10.43381841,28.021679,120.650433,28.01832,120.65141,3,21,0
606,1670,-11.9622392,-4.257796112,28.004829,120.6409,28.00788,120.63732,3,22,0
227,1766,-39.34886064,-21.64186653,28.05333,120.63083,28.043254,120.617338,7,16,0
958,2764,-18.35778734,-52.09603487,28.04944,120.58116,28.044142,120.567394,9,8,0
623,2214,27.33105612,-3.229271536,27.94373,120.68649,27.9598,120.68203,5,1016,0
1839,2476,18.37423314,40.19628001,27.97706,120.75192,27.99996,120.71136,-1,0,0
904,2392,-7.230184271,55.31942799,28.006121,120.686436,28.00878,120.68835,-1,110,0
1289,2120,-20.54616682,8.536023447,28.0114,120.65314,28.00312,120.65388,3,8,0
1256,2899,-29.51489352,26.19907491,28.01222,120.65195,28.02802,120.65472,-1,4,0
477,2663,19.16730224,58.69078862,27.994763,120.731284,27.99627,120.72691,7,7088,0
1689,2191,-45.03896667,4.226704325,28.02095,120.64389,28.022725,120.642908,3,158,0
714,1145,-40.1110685,12.28272868,28.02373,120.65221,28.024208,120.653538,7,51,0
574,2214,30.24388247,-18.93403787,27.93368,120.71241,27.9598,120.68203,-1,4,0
1093,1737,-14.02695607,-47.7625541,28.03228,120.58055,28.03968,120.57291,9,166,0
2009,2666,-48.64290213,-19.03456316,28.04976,120.647462,28.04116,120.62863,7,23,0
84,687,8.738671877,40.96216584,28.01988,120.68913,28.006318,120.696659,7,14,0
1724,1820,20.0644403,50.11664203,28.00258,120.70728,28.00416,120.70748,7,166,0
1019,2128,71.06253942,5.980128318,27.89391,120.81686,27.8883,120.80901,6,308,0
1839,2774,44.65216051,19.8123623,27.97706,120.75192,27.96407,120.76438,10,20,0
758,2239,-4.087619422,54.8427257,27.99542,120.68153,28.00222,120.68192,4,89,0
340,2385,-9.030693501,46.87602042,27.99961,120.68514,27.998,120.672205,4,97,0
490,1506,-11.7604315,-13.40309941,28.00307,120.6298,28.02799,120.66168,-1,0,0
407,1093,-9.024542297,-47.48443486,28.026727,120.58226,28.03228,120.58055,9,35758,0
438,634,-37.6824625,-21.85438421,28.03933,120.62364,28.02449,120.60873,-1,4,0
87,2362,41.63929315,-29.97972078,27.92144,120.6877,27.92159,120.70412,3,885,0
2149,2214,24.4854767,2.703721292,27.98472,120.69611,27.9598,120.68203,-1,54,0
572,659,-0.249570108,-38.34066166,27.99271,120.56614,27.98025,120.58452,8,43,0
156,2414,43.96462041,22.95758971,27.965975,120.749599,27.96391,120.75937,10,117,0
1166,1446,16.71419639,-44.33915442,27.95794,120.60138,27.98015,120.60519,-1,151,0
1230,1736,-43.41969699,7.561722897,28.02816,120.65689,28.029592,120.6244,7,7,0
2003,2512,-3.316336895,32.73526488,28.00191,120.67862,27.99935,120.67604,4,100,0
86,2087,-30.87407542,15.31762535,28.01563,120.65181,28.02363,120.66164,3,15,0
1262,1516,4.751277866,4.323176749,27.98453,120.66027,27.98422,120.6593,4,779,0
309,1965,20.16614017,-43.27313578,27.95804,120.59516,27.94943,120.58007,10,145,0
534,2305,20.79145653,13.54039971,27.93767,120.66978,27.98543,120.73922,-1,7,0
1958,2442,-22.36321333,21.845477,28.01842,120.65967,28.01459,120.66235,3,59,0
1865,2326,36.10026745,25.95108759,27.97506,120.73909,27.97597,120.7509,10,92,0
313,2465,32.46230463,-42.691064,27.900456,120.63408,27.88796,120.64935,3,2,0
2258,2415,-43.7547282,33.40645723,28.01658,120.65764,28.02,120.655,3,411,0
622,2578,25.37764446,36.46080178,27.991878,120.718744,27.99188,120.71874,7,0,0
585,1025,6.726504771,37.96198831,28.00115,120.70215,27.992,120.69598,-1,25,0
1194,2481,26.08835366,-7.600918203,27.9573,120.67705,27.97265,120.66766,5,143,0
1105,2801,-36.63137901,26.54067919,28.00791,120.64843,28.01569,120.65545,3,174,0
1123,1257,14.54619627,-26.54937191,27.96552,120.64757,27.97868,120.57877,-1,13,0
2100,2713,56.06784655,0.069525339,27.93118,120.82472,27.9236,120.82555,6,2,0
2261,2366,23.47258602,-0.649619737,27.97054,120.68557,27.97973,120.67677,5,68,0
585,633,25.49848298,45.89848191,28.00115,120.70215,27.98491,120.70392,-1,8,0
1850,2659,68.80545616,17.48210521,27.86362,120.81173,27.86472,120.81605,6,187,0
1855,2424,9.972726684,13.53168432,27.98606,120.67631,28.01008,120.67058,-1,2,0
160,2241,36.72885187,43.80364763,27.97864,120.71467,27.98751,120.72346,-1,1032,0
1549,1769,27.76011381,47.84563588,27.98966,120.70619,27.998722,120.707177,7,1242,0
747,2767,-19.51215253,15.43759411,28.01175,120.66003,28.00293,120.64916,3,0,0
2890,2968,-42.93072839,7.234330598,28.02424,120.6348,28.02802,120.6546,-1,0,0
1386,1470,17.58858669,5.406516329,27.98557,120.68544,27.97225,120.68006,-1,193,0
1560,2467,-41.02219905,-1.536539058,28.034241,120.588717,28.025613,120.638246,-1,105,0
308,2887,-28.33893821,-50.20130458,28.07118,120.58698,28.04609,120.57533,9,197,0
160,1391,33.68808244,1.645178145,27.97864,120.71467,27.95467,120.69939,10,30,0
878,1771,3.559968077,52.6053806,28.000355,120.697765,27.99855,120.69275,-1,117,0
935,1860,21.472921,9.622175443,27.97987,120.68111,27.97729,120.68651,-1,1249,0
194,1104,-8.122954302,49.5765768,28.0005,120.67726,27.99923,120.67458,4,357,0
1929,2490,30.78730822,-44.60470098,27.91255,120.63921,27.88534,120.6674,3,4,0
481,2791,-3.995377811,-34.88736468,28.00644,120.59212,27.99739,120.58551,-1,171,0
1534,2456,-11.54228862,25.97539707,28.017189,120.678534,28.022125,120.670739,3,24,0
748,2312,34.91969461,-20.15497764,27.9266,120.711,27.92006,120.70628,3,62,0
305,1033,-19.79491257,-12.50242334,28.008511,120.618079,28.007951,120.626328,4,296,0
1239,2127,2.981418746,9.256894953,27.87124,120.64996,27.98869,120.6726,-1,0,0
616,2392,0.33782866,40.36150987,27.98866,120.6816,28.00878,120.68835,-1,18,0
178,1515,-38.75631838,30.6917535,28.01444,120.65108,28.01034,120.65781,3,88,0
560,1591,13.24808965,55.71952973,28.016323,120.703784,28.00528,120.70899,7,190,0
224,970,-12.46613205,35.28789156,28.01492,120.66976,28.014998,120.674961,3,193,0
1582,2842,18.30936193,4.10195114,27.96936,120.67444,27.98853,120.69743,-1,7,0
1104,1977,-7.925521976,46.49622208,27.99923,120.67458,27.99753,120.67522,4,3816,0
72,1753,10.75891454,-26.47036832,27.97367,120.59704,27.96526,120.65283,-1,8,0
1938,2801,-44.23038301,28.79037508,28.01832,120.65141,28.01569,120.65545,3,272,0
152,601,64.60319984,-14.05200124,27.91139,120.82389,27.91157,120.83255,6,236,0
570,2568,-39.29762613,-43.83923574,28.0722,120.5703,28.04901,120.58582,9,58,0
2046,2328,75.6849976,7.6802937,27.88702,120.81085,27.88837,120.81206,6,604,0
1637,1804,-16.38104503,-15.42278592,28.007347,120.618907,28.00502,120.61628,4,142,0
1870,2715,-12.44854612,42.85891055,27.99576,120.6574,27.99435,120.66326,-1,3289,0
1290,2924,-2.624646698,57.69117898,28.003203,120.691994,28.0079,120.69401,7,242,0
720,1911,36.5244871,32.35137553,27.97976,120.74186,27.97773,120.72673,10,221,0
204,621,7.249422841,-43.74796639,27.99015,120.62566,27.98848,120.61075,8,435,0
84,1373,-61.10693867,13.10724233,28.01988,120.68913,28.01793,120.66445,-1,7,0
1938,2528,-42.02542724,15.54246862,28.01832,120.65141,28.023744,120.653645,-1,245,0
1736,2085,-35.63332039,-35.47354283,28.029592,120.6244,28.04973,120.58807,-1,64,0
1239,2428,2.343445013,7.946063541,27.87124,120.64996,27.98819,120.6531,-1,63,0
1638,2366,1.215071464,18.68104109,27.99258,120.67111,27.97973,120.67677,-1,49,0
792,949,-17.70436676,-47.41322767,28.040732,120.576351,28.042263,120.582178,9,26,0
1283,2756,1.047966121,46.49054408,27.992019,120.689101,27.98645,120.68772,4,163,0
500,542,13.93790294,38.73106833,27.99978,120.7112,28.00788,120.70268,7,14,0
259,1555,-68.05648697,8.559776105,28.05022,120.66531,28.043798,120.657967,7,2435,0
565,893,-15.34521179,45.71027271,28.00841,120.66454,28.00209,120.66254,3,223,0
152,2625,66.28494415,6.25832266,27.91139,120.82389,27.89938,120.82864,6,267,0
1672,1977,-6.465711588,38.20903279,27.996661,120.677358,27.99753,120.67522,4,179,0
692,1759,-15.84322891,33.37834752,28.00622,120.6991,28.018481,120.682668,-1,7,0
636,2149,18.30358716,21.53519253,27.98612,120.70958,27.98472,120.69611,-1,129,0
761,2180,-32.66965047,1.588589795,28.02569,120.64175,27.98333,120.65125,-1,4,0
326,1448,27.41421554,53.58452514,28.0003,120.71557,27.99567,120.715,7,190,0
378,2301,39.08539321,12.63174374,27.96458,120.79525,27.97211,120.77582,-1,36,0
869,2774,46.65056491,4.667422661,27.94864,120.77547,27.96407,120.76438,-1,12,0
1090,1787,19.94664524,-47.13780298,27.92639,120.56111,27.90939,120.56294,10,1279,0
685,1944,15.07768554,-51.38134412,27.97822,120.56591,27.97112,120.57378,8,19924,0
1057,1342,-10.56825284,52.54671743,28.00859,120.67718,28.00491,120.67627,-1,184,0
1031,1695,-23.25518538,-44.3114286,28.036972,120.589166,28.02937,120.5775,9,72,0
482,1365,37.34968368,27.65614617,27.97359,120.74776,27.982061,120.727042,-1,28,0
1601,2037,53.44248397,-5.192011936,27.94796,120.8414,27.9208,120.84047,6,44,0
2232,2424,15.1302284,33.56585422,27.99607,120.71016,28.01008,120.67058,-1,6,0
98,1969,-8.559218655,-2.540481112,27.996306,120.644374,28.00303,120.63895,3,22,0
1463,2122,-41.98635821,28.22478098,28.014375,120.653999,28.01469,120.65426,3,20,0
1895,2867,28.93412924,6.974359795,27.96905,120.70307,27.971116,120.71478,10,9,0
874,1506,-62.32961507,2.788391805,28.04411,120.64767,28.02799,120.66168,7,124,0
677,1912,-54.60752036,-18.36880108,28.040628,120.619569,28.05972,120.64548,7,240,0
167,369,51.92621191,-1.814835872,27.94045,120.7928,27.9277,120.83323,-1,9,0
2119,2160,42.1707606,21.43524622,27.97513,120.74591,27.9668,120.7548,10,142,0
1555,1575,-42.21914862,-14.44219858,28.043798,120.657967,28.03973,120.6399,7,54,0
9,1184,-0.489222921,-14.94877793,27.99378,120.6501,27.982012,120.645724,-1,57,0
1058,1385,-58.14882389,-21.7557475,28.04752,120.63044,28.05153,120.62762,7,5454,0
35,695,-29.1578159,-56.44338592,28.06905,120.57281,28.054694,120.586916,9,650,0
365,553,-5.062814182,10.09832211,27.98328,120.65734,27.999,120.66,-1,2,0
328,2407,-48.5655403,-15.58065094,28.05929,120.65781,28.06561,120.63194,7,56,0
1119,1837,3.582505173,-21.08437741,27.98495,120.62353,27.98603,120.63754,8,42,0
1927,2921,-59.25101921,-24.41321324,28.04626,120.62785,28.04626,120.62812,7,35544,0
901,2789,3.046236806,-4.887437367,27.86601,120.77885,27.87222,120.79381,6,15,0
1360,1799,3.390067104,49.31650358,27.993854,120.698744,27.99461,120.68409,4,24,0
451,2049,-33.47939129,-4.415114167,28.023056,120.634722,28.01711,120.63167,-1,0,0
1290,1771,8.379636315,32.86049455,28.003203,120.691994,27.99855,120.69275,-1,86,0
958,1592,-18.89121104,-57.77648619,28.04944,120.58116,28.04448,120.57033,9,1554,0
948,2431,-15.81899421,-8.101809616,28.00702,120.63389,28.0053,120.633,3,27,0
1068,2686,-64.76877572,16.67774674,28.04759,120.69334,28.0508,120.683,7,115,0
408,1112,-59.8186484,-19.7217825,28.05042,120.6339,28.05274,120.62436,7,1484,0
959,1779,-31.2352386,26.67330665,28.009115,120.657413,28.01179,120.65261,3,94,0
211,1398,-11.07971444,-34.38268261,28.01211,120.58988,28.02438,120.60303,-1,8,0
109,1899,-38.26597356,-42.93392922,28.03316,120.59087,28.06248,120.60338,9,143,0
1015,1150,-23.52824246,-14.59521689,28.02245,120.61239,28.00906,120.58854,3,51,0
1058,1828,-41.40086712,-14.82013881,28.04752,120.63044,28.039716,120.651201,7,15,0
369,1440,55.69480686,-1.069751332,27.9277,120.83323,27.92653,120.78661,6,62,0
925,2452,-9.874861291,16.68470526,28.00554,120.66603,28.0105,120.66068,3,33,0
1105,2452,-19.12154175,11.71945074,28.00791,120.64843,28.0105,120.66068,3,9,0
84,483,-13.57801908,33.49538878,28.01988,120.68913,28.015482,120.68332,-1,66,0
987,1255,-5.74618228,18.85883834,28.00626,120.66415,27.9997,120.67055,3,4,0
319,2123,32.91679411,-37.71068386,27.93831,120.66539,27.92383,120.67387,-1,96,0
1215,1599,9.658922852,-31.59109615,27.98702,120.60848,27.955208,120.625696,8,2,0
1563,1683,18.15947,-7.277958545,27.92204,120.69661,27.95708,120.67304,-1,0,0
412,1755,34.75161008,-37.8183372,27.91108,120.67813,27.916499,120.696973,3,20,0
1298,2658,-48.95595627,2.639984492,28.01943,120.636564,28.023438,120.62652,-1,118,0
772,779,-39.00774493,-32.60218199,28.05187,120.61117,28.03387,120.594038,-1,3,0
674,1312,-7.467572478,-42.86713243,28.02488,120.58073,28.023857,120.581022,9,1981,0
1994,2715,-9.987337482,43.12241205,27.992378,120.669665,27.99435,120.66326,4,2597,0
11,1427,46.9164965,29.17650558,27.99544,120.72251,27.98011,120.74983,-1,37,0
464,603,11.61060595,-40.74550088,27.9659,120.64111,27.97164,120.62661,8,279,0
1321,2931,5.151673929,36.70550864,27.99863,120.68954,27.998552,120.692752,4,80,0
1560,2568,-38.65675669,-40.5971473,28.034241,120.588717,28.04901,120.58582,9,526,0
966,2028,65.29704299,-7.180851293,27.918388,120.823666,27.92122,120.80887,6,438,0
1660,2309,55.69207126,5.974362992,27.91134,120.80988,27.92657,120.81725,6,33,0
273,1743,-39.08027454,1.530703124,28.02613,120.64691,28.02983,120.63357,7,12,0
307,2899,-20.94495786,19.61544425,28.01573,120.65876,28.02802,120.65472,-1,7,0
134,1522,34.38876128,35.23614224,27.989953,120.728443,27.987423,120.723357,7,57,0
1337,2718,19.52522027,-38.13319189,27.9422,120.581,27.94477,120.59481,10,267,0
1981,2827,-45.99564841,-36.9704577,28.04382,120.61146,28.05657,120.60001,7,805,0
2413,2723,65.50131112,23.443918,27.85882,120.79137,27.856201,120.797741,6,104,0
317,959,-37.74322254,32.48466854,28.01994,120.655,28.009115,120.657413,3,132,0
824,2170,-14.37484197,-2.613089776,28.002956,120.643807,28.00475,120.642741,3,164,0
19,1239,3.054592725,7.189038649,27.98443,120.66958,27.87124,120.64996,-1,43,0
328,1285,-48.66969374,-15.14382017,28.05929,120.65781,28.04108,120.61641,7,14,0
411,1724,23.52204706,48.8636137,27.99841,120.70809,28.00258,120.70728,7,29,0
848,1724,12.77828813,38.41601961,28.00742,120.70274,28.00258,120.70728,7,0,0
500,1360,13.79320458,30.5563936,27.99978,120.7112,27.993854,120.698744,-1,13,0
740,2189,-30.90967216,-8.429062126,28.011421,120.622423,28.01722,120.63141,4,15,0
959,2620,-16.47173225,39.11354081,28.009115,120.657413,28.005401,120.667985,3,9,0
659,1841,10.1095594,-50.80236127,27.98025,120.58452,27.980151,120.605199,8,21,0
633,825,28.70670274,41.61994282,27.98491,120.70392,27.98567,120.70701,-1,149,0
281,361,69.62953983,-9.470149265,27.94397,120.77876,27.95277,120.79908,2,247,0
893,2444,-11.09985519,39.30447498,28.00209,120.66254,27.99277,120.67775,-1,8,0
2539,2901,13.29450448,-24.58890925,27.97231,120.62724,27.97339,120.7071,-1,10,0
1018,1373,-35.82346792,42.37974209,28.01725,120.66577,28.01793,120.66445,3,724,0
1108,2325,44.72476881,-32.6739702,27.924685,120.69711,27.91782,120.69607,3,3300,0
367,1624,2.798145471,-47.90468413,27.99233,120.60381,27.971715,120.608414,8,69,0
623,1194,28.2635128,-8.348068036,27.94373,120.68649,27.9573,120.67705,5,3011,0
307,317,-43.53914204,34.87843166,28.01573,120.65876,28.01994,120.655,3,204,0
1115,1736,-29.5245663,-12.30969769,28.01941,120.61672,28.029592,120.6244,-1,6,0
1501,1927,-60.05806079,-23.34691486,28.05557,120.61784,28.04626,120.62785,7,920,0
693,2822,44.26233131,35.63616906,27.97736,120.73532,27.97743,120.73394,10,1529,0
1090,2823,20.11459216,-34.31077529,27.92639,120.56111,27.94947,120.55856,10,101,0
69,2146,-39.57422022,-28.36664138,28.055285,120.609474,28.051431,120.600469,7,8,0
1448,2873,19.33070373,55.45660744,27.99567,120.715,28.000323,120.727524,7,259,0
1391,1563,40.03428488,-17.46330711,27.95467,120.69939,27.92204,120.69661,-1,162,0
911,2803,40.2095548,33.63393485,27.96141,120.73461,27.96758,120.73351,10,537,0
1257,2150,12.4512589,-51.87919645,27.97868,120.57877,27.99711,120.58895,-1,313,0
202,932,-34.20330326,28.38789022,28.0087,120.65515,28.009722,120.654166,3,91,0
709,2793,41.35062072,34.2531565,27.97153,120.73361,27.96841,120.73048,10,18627,0
95,1197,63.68749271,15.41327947,27.871381,120.804451,27.8679,120.81282,6,52,0
1729,2472,68.26245723,17.39969698,27.855613,120.81738,27.86229,120.80734,6,169,0
1650,2840,-52.89255947,-3.469989619,28.020022,120.631375,28.04323,120.58656,-1,17,0
1308,2512,-2.232076553,42.15658979,27.98404,120.68203,27.99935,120.67604,4,45,0
872,2089,6.202892278,-15.33554268,27.98477,120.64882,27.970224,120.651685,5,37,0
748,2696,41.81125328,-25.64729189,27.9266,120.711,27.92345,120.70485,3,142,0
1457,2265,20.35597704,37.20872672,27.99566,120.715,27.99418,120.70931,7,44,0
353,2542,-38.831626,-30.67581981,28.04744,120.60876,28.01903,120.61189,-1,3,0
1703,1927,-46.28915886,-21.48010518,28.0483,120.62027,28.04626,120.62785,7,85,0
10,2087,-29.08241584,23.61559026,28.0235,120.66211,28.02363,120.66164,3,49,0
2033,2913,64.95024614,-9.281091453,27.9196,120.81824,27.92081,120.81459,6,14131,0
818,2523,15.42394643,-39.48689613,27.94749,120.64401,27.95223,120.62989,5,0,0
54,1560,-30.1031666,-13.50215238,28.018598,120.620672,28.034241,120.588717,-1,0,0
243,872,-10.97485032,2.238260758,28.000291,120.647161,27.98477,120.64882,-1,4,0
2081,2644,25.80959985,16.31149998,28.046257,120.803292,28.019199,120.784475,2,99,0
1625,1658,55.68864387,6.686003099,27.91671,120.81301,27.90655,120.80646,6,0,0
1005,1659,-8.9770422,8.950703467,28.00628,120.65332,28.00263,120.65655,3,82,0
1650,2092,-51.21090979,-5.300918952,28.020022,120.631375,28.0195,120.63455,-1,1172,0
270,457,6.062871156,45.55633837,28.01764,120.68649,28.01851,120.70462,7,138,0
1020,2169,5.01291847,54.85845763,28.00029,120.70357,28.002851,120.698951,7,353,0
1051,2116,-48.46906599,-36.67803329,28.04252,120.60963,28.04925,120.60197,7,62,0
1058,2688,-41.94587611,-21.33912327,28.04752,120.63044,28.04277,120.62428,7,68,0
2396,2890,-41.4695766,-2.444883657,28.03985,120.62173,28.02424,120.6348,-1,12,0
1600,2577,37.03580606,-28.26170463,27.92162,120.70502,27.92101,120.70502,3,88,0
1238,1840,-31.41889087,32.03394215,28.00439,120.65275,27.9981,120.6541,3,25,0
1134,2059,-2.174365791,-27.29700038,27.99644,120.63354,27.987233,120.614505,8,53,0
1574,1865,42.10132049,32.08243771,27.980622,120.731705,27.97506,120.73909,10,100,0
1351,2116,-45.29370329,-25.1101733,28.04387,120.63355,28.04925,120.60197,7,274,0
1443,2894,-21.37291289,37.7904197,28.02212,120.67074,28.01941,120.67004,3,129,0
1653,2269,-11.97976924,10.48886432,28.00714,120.65555,28.0054,120.65452,3,77,0
48,1534,-25.90498738,44.66098096,28.01947,120.67661,28.017189,120.678534,3,1666,0
531,2315,25.10055125,35.67216084,27.991394,120.71952,27.9939,120.72128,7,57,0
204,1923,-4.048712048,-14.84142856,27.99015,120.62566,27.99631,120.64437,-1,41,0
685,1257,13.58153975,-52.18169104,27.97822,120.56591,27.97868,120.57877,8,1147,0
448,779,-18.20003054,-35.794203,28.024644,120.599644,28.03387,120.594038,-1,279,0
925,1803,-7.247522494,18.48899469,28.00554,120.66603,28.01235,120.66512,3,24,0
1416,2712,-36.29880057,18.14055477,28.01137,120.64581,28.01694,120.64891,3,35,0
666,865,-36.52308563,-45.72054192,28.07352,120.58467,28.0464,120.604,-1,69,0
1159,2658,-30.41859052,-10.74741181,28.02791,120.59925,28.023438,120.62652,-1,0,0
603,2023,10.65134496,-44.25958403,27.97164,120.62661,27.97172,120.61373,8,4848,0
358,1839,48.79827063,25.78860565,27.96854,120.74135,27.97706,120.75192,10,313,0
2419,2487,31.05728715,25.82345214,27.980722,120.721813,27.96889,120.72583,10,24,0
609,1927,-46.26546022,-21.26355017,28.02096,120.62016,28.04626,120.62785,-1,18,0
176,331,-49.51574466,-33.42991603,28.02521,120.6105,28.03958,120.62042,-1,2482,0
1767,2366,7.774371866,-3.685725539,27.97914,120.65482,27.97973,120.67677,5,19,0
1668,2386,11.76374725,43.49442809,28.014884,120.718151,28.01849,120.70996,7,2,0
1565,1595,-54.05242822,1.025109952,28.03749,120.6251,28.03104,120.63718,7,10,0
1885,2351,14.75378579,-42.65205383,27.96887,120.61609,27.95215,120.60432,-1,16,0
893,2089,-4.281844595,12.00200464,28.00209,120.66254,27.970224,120.651685,-1,14,0
1010,1347,-36.95685116,30.31420042,28.01127,120.65427,28.01058,120.65406,3,399,0
1081,2529,-3.494709059,8.277205089,27.997963,120.659738,27.99373,120.65937,-1,63,0
420,2686,12.03269155,43.47110478,28.019477,120.715049,28.0508,120.683,7,0,0
1238,1256,-33.17929591,27.67968972,28.00439,120.65275,28.01222,120.65195,3,25,0
1374,2415,-28.59491485,11.34662523,28.01676,120.64987,28.02,120.655,3,2,0
624,1160,-19.08990832,21.67160674,28.01854,120.66394,28.01525,120.66252,3,23,0
504,895,32.35909259,14.55702481,28.05578,120.81463,28.03688,120.73858,-1,33,0
1347,2914,-31.05446861,17.3816008,28.01058,120.65406,28.01922,120.64427,3,94,0
27,208,14.84134926,43.59070393,28.00949,120.71444,28.00568,120.7226,7,43,0
1196,2594,-40.26277657,-55.33749179,28.08475,120.58984,28.08581,120.59066,9,531,0
539,2426,-37.64258503,12.75194893,28.01516,120.65303,28.0241,120.647393,3,12,0
447,1982,31.07105404,45.43164938,27.99055,120.7118,27.98851,120.70899,7,1234,0
1695,1830,-11.70658068,-47.51387604,28.02937,120.5775,28.0362,120.58118,9,64,0
329,2892,27.56720536,-52.51100614,27.86838,120.6556,27.87032,120.64792,3,235,0
1483,2074,31.64006955,45.83033732,27.9897,120.71206,27.986124,120.709577,7,3018,0
1665,2881,16.24892051,48.75197223,28.008214,120.715624,28.00606,120.714808,7,92,0
1453,2373,-9.811837222,1.538703904,27.99832,120.6366,27.99672,120.65264,3,19,0
1535,1560,-41.11002001,-1.593469564,28.03768,120.63277,28.034241,120.588717,-1,2,0
2049,2055,-28.35681047,-6.509151153,28.01711,120.63167,28.02288,120.63142,-1,81,0
547,1568,15.24183155,15.2502968,27.98521,120.67877,27.98641,120.68048,4,461,0
164,1102,17.72813414,-15.87003953,27.95724,120.65969,27.95246,120.64545,5,46,0
1053,2663,28.36868133,32.91783356,27.99068,120.7167,27.99627,120.72691,7,54,0
1430,2901,34.78008317,-0.162466608,27.9498,120.72544,27.97339,120.7071,10,12,0
1736,1828,-59.0294575,6.204892434,28.029592,120.6244,28.039716,120.651201,7,75,0
1075,2255,-0.693068771,27.39967751,28.00112,120.67853,27.99861,120.67972,4,2,0
1736,2453,-48.80887153,-36.50638508,28.029592,120.6244,28.04644,120.60417,7,344,0
1723,1990,-32.8098322,40.69814425,28.01437,120.67295,28.02045,120.65999,3,135,0
112,1455,-49.98712819,-29.32809191,28.01472,120.61007,28.03905,120.62757,-1,24,0
592,986,-34.95330377,-55.99424737,28.07596,120.58581,28.077531,120.587363,9,6304,0
605,1093,-9.667525016,-47.06509767,28.0258,120.57913,28.03228,120.58055,9,5086,0
285,1055,71.62775539,6.916922809,27.90175,120.80936,27.89321,120.79688,6,203,0
1560,2086,-13.65487124,-52.18384983,28.034241,120.588717,28.03771,120.57585,9,108,0
2609,2834,-9.876037234,-27.39038904,28.01418,120.59753,28.00969,120.59728,3,1267,0
149,2349,-25.02946991,21.10859192,28.01646,120.65935,28.01461,120.65761,3,69,0
2272,2824,34.05111315,-25.37813472,27.91974,120.69145,27.92444,120.70304,3,79,0
2519,2632,23.12895304,50.69631222,27.99715,120.70087,28.0072,120.71529,7,8,0
670,2576,-25.27401741,-33.8594698,28.026927,120.60664,28.02963,120.5999,3,264,0
2351,2823,14.93827673,-32.0693745,27.95215,120.60432,27.94947,120.55856,10,36,0
2549,2790,-2.320921708,-43.90373628,27.98841,120.58255,27.99273,120.60679,8,31,0
955,1230,-53.08447684,15.58068615,28.04133,120.65311,28.02816,120.65689,7,139,0
123,666,-36.75081983,-58.42489428,28.08948,120.58851,28.07352,120.58467,9,1806,0
487,2444,-6.194684588,43.74953449,27.98776,120.67428,27.99277,120.67775,4,908,0
638,2420,2.869395494,-44.59951609,27.99736,120.62159,27.98362,120.61785,8,696,0
1500,1610,-44.90325736,-27.48142289,28.05006,120.62061,28.05249,120.60567,7,99,0
326,1022,20.74706793,39.41063729,28.0003,120.71557,27.99539,120.7173,7,3,0
112,1474,-13.70747038,-21.63787076,28.01472,120.61007,28.02436,120.58545,-1,11,0
2292,2764,-19.19070855,-56.72479141,28.04572,120.58643,28.044142,120.567394,9,164,0
298,349,36.06671784,-24.30753385,27.92054,120.70164,27.92317,120.70288,3,93,0
745,1912,-52.1637838,-15.9804165,28.04541,120.65027,28.05972,120.64548,7,17,0
1138,2085,-38.88892594,-46.77187617,28.05708,120.58299,28.04973,120.58807,9,0,0
382,868,-24.57476032,25.33714697,28.01967,120.6623,28.01279,120.66871,3,105,0
3,468,-24.60201618,-49.86463418,28.03927,120.5877,28.02464,120.59155,-1,300,0
77,1247,-37.04492739,29.27827981,28.00743,120.64853,28.00929,120.65212,3,429,0
468,1285,-35.81111042,-33.64822381,28.02464,120.59155,28.04108,120.61641,-1,13,0
1121,2574,-1.340973193,11.81529112,27.993784,120.66148,27.99428,120.66013,4,83,0
178,2087,-30.59725952,15.07633815,28.01444,120.65108,28.02363,120.66164,3,30,0
539,606,-25.67465156,12.87653862,28.01516,120.65303,28.004829,120.6409,3,7,0
548,2507,-23.91801592,35.82994027,28.02569,120.66766,28.02519,120.66642,3,239,0
1023,1964,-60.37368099,15.43804007,28.046787,120.661963,28.05262,120.666572,7,58,0
189,2508,18.72247652,7.18367328,27.98396,120.69007,27.96724,120.66561,-1,113,0
1582,1656,32.69661856,-2.825439881,27.96936,120.67444,27.94263,120.73736,-1,10,0
182,1510,-29.01888317,-17.07552871,28.01939,120.61656,28.023269,120.632426,-1,23,0
916,2258,-22.45595176,16.93871645,28.01381,120.65692,28.01658,120.65764,3,91,0
1439,2556,22.41265568,51.44707687,28.005515,120.719495,28.00322,120.7122,7,402,0
1098,1351,-57.93348245,-24.30017327,28.0475,120.62333,28.04387,120.63355,7,2509,0
1901,2299,4.10031203,-57.58737509,28.00515,120.56955,28.00512,120.57293,8,11173,0
267,2570,70.06909641,10.59913332,27.87206,120.80251,27.8882,120.80334,6,171,0
237,1590,-27.09913313,-36.85372376,28.023421,120.592786,28.02239,120.59436,3,7158,0
1035,2399,19.66354236,-39.11617793,27.95025,120.60263,27.951096,120.598666,10,546,0
823,2848,15.36537859,-6.341257798,27.9511,120.66043,27.965369,120.686131,5,36,0
1053,1821,25.65209959,28.69425386,27.99068,120.7167,27.98011,120.74803,-1,32,0
1497,1744,-18.96129879,-52.36966369,28.042251,120.587483,28.049438,120.581163,9,40,0
466,872,1.44430938,-10.14514238,27.993,120.6404,27.98477,120.64882,-1,12,0
643,2890,-61.15519793,2.123799608,28.04355,120.65147,28.02424,120.6348,-1,36,0
1572,2938,-22.38802378,-28.27864168,28.02693,120.60664,28.02158,120.59654,3,89,0
1179,1958,-40.76554783,39.84111611,28.01715,120.66124,28.01842,120.65967,3,705,0
1502,1710,-1.13506167,16.04471675,27.991292,120.664871,27.99311,120.67011,4,85,0
1744,2887,-19.58351482,-57.41848884,28.049438,120.581163,28.04609,120.57533,9,2435,0
2190,2633,15.803943,14.03989792,27.98235,120.67423,27.98511,120.67531,-1,729,0
164,376,16.91789598,-8.844092601,27.95724,120.65969,27.94798,120.66759,5,464,0
345,1352,63.92288402,17.54367809,27.885116,120.788686,27.878333,120.793611,6,40,0
204,1119,-0.733674234,-24.90442807,27.99015,120.62566,27.98495,120.62353,8,342,0
189,1855,16.26773956,18.44662932,27.98396,120.69007,27.98606,120.67631,4,157,0
874,2426,-43.48458274,15.54132155,28.04411,120.64767,28.0241,120.647393,-1,17,0
2061,2279,27.10743949,43.14442183,27.98839,120.68338,27.98388,120.70501,4,18,0
440,1521,-16.14614042,6.44639864,28.00029,120.64716,28.00551,120.66263,3,8,0
1865,1950,28.19745834,29.12695524,27.97506,120.73909,27.99139,120.71952,-1,27,0
120,1424,-22.98046656,-23.8095526,28.0183,120.607999,28.02108,120.60101,3,271,0
290,619,-18.53247537,14.8010362,28.01162,120.65943,28.01319,120.65921,3,16,0
1249,2373,-10.95129564,3.652779825,28.00533,120.6479,27.99672,120.65264,3,15,0
673,2483,-34.02876415,-39.65321657,28.05464,120.60495,28.02455,120.61196,-1,5,0
408,1807,-61.1304683,-22.0744079,28.05042,120.6339,28.040568,120.63282,7,971,0
1834,2789,64.66112916,18.25189601,27.87957,120.7999,27.87222,120.79381,6,118,0
814,923,-59.03034689,-18.11986058,28.06065,120.61145,28.06101,120.62576,7,2720,0
1841,1876,17.46296917,-32.39895463,27.980151,120.605199,27.954186,120.587915,-1,13,0
14,915,-24.41496445,38.52391142,28.02496,120.66541,28.024778,120.671965,3,398,0
449,859,33.32176039,-10.44387983,27.93173,120.70133,27.95386,120.68203,-1,232,0
2628,2762,-28.69041956,44.75204938,28.01511,120.67465,28.01919,120.67036,3,1090,0
1912,2622,-58.52770917,-16.764212,28.05972,120.64548,28.0547,120.64565,7,279,0
813,1796,-39.96722748,-11.35598023,28.01833,120.607999,28.04071,120.63988,-1,17,0
1940,2150,-41.360049,-30.52157635,28.05756,120.60725,27.99711,120.58895,-1,60,0
394,2067,-20.02182499,-41.34378763,28.029211,120.593311,28.028224,120.587166,-1,109,0
455,1950,22.41980697,38.11336107,27.992983,120.713162,27.99139,120.71952,7,52,0
1255,1342,-9.491962305,49.7719015,27.9997,120.67055,28.00491,120.67627,-1,246,0
1669,2229,1.978958639,-4.807263503,27.99656,120.65432,27.99852,120.65649,3,30,0
1373,1506,-26.88116698,37.06407728,28.01793,120.66445,28.02799,120.66168,-1,197,0
729,1626,-16.99248197,-26.14390371,28.02336,120.60588,28.01389,120.60169,3,23,0
2357,2698,31.69050886,-37.80602476,27.92044,120.6689,27.929541,120.681063,-1,71,0
759,763,39.72780554,27.44847243,27.97238,120.74249,27.97775,120.74248,10,38,0
916,2109,-39.93157152,31.44705948,28.01381,120.65692,28.01345,120.65446,3,288,0
747,959,-19.12131052,14.39182292,28.01175,120.66003,28.009115,120.657413,3,0,0
1582,2131,10.4864003,0.768341178,27.96936,120.67444,27.97509,120.65593,5,324,0
1136,2650,-62.78880214,13.91892242,28.04624,120.66456,28.024386,120.675309,-1,0,0
220,522,0.034788247,-36.39725385,27.9974,120.58543,27.95536,120.60011,-1,4,0
609,1385,-37.95884116,-6.240597961,28.02096,120.62016,28.05153,120.62762,-1,10,0
1501,2653,-36.28261843,-28.6730622,28.05557,120.61784,28.03697,120.58917,-1,6,0
29,1638,-9.016977324,40.95466646,27.9926,120.671,27.99258,120.67111,4,96,0
1430,2803,37.42567813,3.503115668,27.9498,120.72544,27.96758,120.73351,10,8,0
901,1906,64.48225446,24.71600012,27.86601,120.77885,27.86612,120.76002,6,296,0
2451,2632,17.42502933,54.15688306,28.01596,120.72171,28.0072,120.71529,7,251,0
761,1164,-56.90108426,2.730053405,28.02569,120.64175,28.04057,120.64705,7,26,0
819,2254,68.41382341,-3.899461822,27.91736,120.79806,27.923401,120.816621,6,243,0
1871,2446,7.482380726,-3.232101274,27.96874,120.65488,27.98763,120.66308,-1,87,0
994,1238,-22.55246644,13.16584657,28.01318,120.65352,28.00439,120.65275,3,24,0
643,1535,-38.85044083,-14.93305664,28.04355,120.65147,28.03768,120.63277,7,97,0
239,1974,24.54393711,17.82834205,28.03887,120.7934,28.04339,120.81815,2,315,0
1080,2398,33.01398031,-33.62665604,27.92057,120.7039,27.923249,120.687804,3,52,0
318,1871,9.491767705,-16.27173061,27.97271,120.64743,27.96874,120.65488,5,1905,0
647,1481,9.521728907,-41.64391991,27.9749,120.63133,27.96111,120.6227,8,51,0
609,2049,-48.8779095,-4.694864901,28.02096,120.62016,28.01711,120.63167,-1,115,0
130,1237,32.96151401,-44.98647228,27.90369,120.65562,27.888329,120.714934,3,4,0
973,1844,32.52555887,-21.37156222,27.93169,120.70193,27.92562,120.70294,3,171,0
76,492,29.79783858,50.25458436,27.99619,120.71034,27.99261,120.71419,7,819,0
539,1691,-18.50077632,7.683596585,28.01516,120.65303,28.01519,120.66268,3,9,0
198,1255,-1.671347827,22.57797044,27.99428,120.679324,27.9997,120.67055,-1,186,0
868,2424,-16.88195818,52.20578046,28.01279,120.66871,28.01008,120.67058,3,8079,0
1388,1416,-41.89389702,22.22157749,28.01822,120.64711,28.01137,120.64581,3,276,0
979,1398,-23.32830734,-36.48398282,28.02921,120.59331,28.02438,120.60303,-1,78,0
255,1660,66.93016138,-0.521511809,27.91211,120.79786,27.91134,120.80988,6,267,0
475,2428,6.425272189,-24.0422515,27.98226,120.62389,27.98819,120.6531,-1,42,0
31,1510,-54.14252902,-4.86526921,28.02343,120.63235,28.023269,120.632426,-1,116,0
874,2784,-42.236885,-18.51583246,28.04411,120.64767,28.05184,120.61542,7,95,0
2111,2303,53.52010984,6.650859592,27.88503,120.79691,27.90821,120.80227,6,24,0
57,2509,-15.97126862,-19.70995382,28.00954,120.61511,28.02225,120.60442,-1,62,0
116,1832,22.96578229,16.96532661,28.06043,120.80995,28.08885,120.80824,2,237,0
1263,1960,-16.66683953,31.14800082,28.02077,120.6738,28.02089,120.67732,3,41,0
616,2061,0.104977745,42.50134487,27.98866,120.6816,27.98839,120.68338,4,599,0
84,2868,4.567522079,-7.442120446,28.01988,120.68913,28.01828,120.69063,7,6,0
857,1740,60.24028948,-4.130841363,27.93632,120.80777,27.9275,120.83694,6,5,0
1562,2150,5.26673753,-54.59689303,27.99767,120.57531,27.99711,120.58895,-1,117,0
47,1709,47.64043741,17.57010555,27.97433,120.75967,27.97034,120.76311,10,14920,0
2150,2542,-16.23943208,-26.93060021,27.99711,120.58895,28.01903,120.61189,3,5,0
264,1548,-41.11991406,38.00140322,28.01535,120.66232,28.01442,120.66161,3,1615,0
422,2010,4.377440334,26.95227476,28.00525,120.70299,27.99742,120.68104,-1,11,0
237,2168,-12.78202022,-38.02747806,28.023421,120.592786,28.02265,120.60445,3,137,0
1737,2085,-21.57317617,-58.51373033,28.03968,120.57291,28.04973,120.58807,9,945,0
857,2223,61.7154156,-9.080252216,27.93632,120.80777,27.922663,120.824735,6,271,0
952,1070,46.73714506,17.07632185,27.97169,120.76145,27.97374,120.7589,10,703,0
720,2761,44.74622638,32.98760877,27.97976,120.74186,27.98027,120.73911,10,427,0
188,1481,7.68301379,-23.04367707,27.97988,120.63103,27.96111,120.6227,8,60,0
545,1767,6.435131567,2.566971113,27.96676,120.65937,27.97914,120.65482,5,812,0
893,987,-15.52795495,46.114752,28.00209,120.66254,28.00626,120.66415,3,269,0
887,2201,2.561975961,26.50210648,27.996181,120.680372,27.99446,120.68161,4,38,0
252,2173,35.15675993,32.13942828,27.9874,120.73534,28.01765,120.74361,-1,2,0
2116,2292,-37.58186953,-40.81200131,28.04925,120.60197,28.04572,120.58643,-1,2911,0
331,2198,-32.37734271,-11.55815547,28.03958,120.62042,28.01139,120.622331,-1,5,0
2852,2873,17.18151845,46.19004624,28.0076,120.724,28.000323,120.727524,7,2,0
627,1795,-69.55945258,10.04129334,28.0494,120.66193,28.05247,120.66674,7,1205,0
574,2075,36.39679871,-9.313587983,27.93368,120.71241,27.94054,120.69195,-1,741,0
919,2452,-36.11807416,39.41743031,28.01517,120.66789,28.0105,120.66068,3,109,0
448,634,-20.38180228,-33.11761174,28.024644,120.599644,28.02449,120.60873,3,42,0
1446,1667,7.004186897,-29.2236263,27.98015,120.60519,27.93583,120.61337,8,21,0
762,1620,-17.89163267,-13.29686463,28.012025,120.618869,28.01578,120.62194,4,6,0
69,1338,-44.34741352,-27.55627062,28.055285,120.609474,28.056963,120.625239,7,29,0
396,1728,29.56005257,-52.44739995,27.85425,120.65996,27.85412,120.66711,3,1388,0
188,1166,5.107612701,-41.02541637,27.97988,120.63103,27.95794,120.60138,-1,31,0
202,2744,-23.11816037,13.04734323,28.0087,120.65515,28.0132,120.654,3,21,0
599,797,40.20398092,29.40642969,27.97321,120.72684,27.97373,120.74409,10,57,0
1067,1308,18.21769806,6.066335418,27.974212,120.684207,27.98404,120.68203,-1,19,0
646,878,4.387059091,53.50895879,28.02101,120.67872,28.000355,120.697765,-1,17,0
953,2042,-13.16352135,-4.353553357,28.00115,120.63642,28.00136,120.63642,3,2,0
219,1408,37.60304545,-20.57040808,27.92298,120.70731,27.92298,120.7071,3,117,0
545,2593,9.313436411,-0.040206628,27.96676,120.65937,27.96314,120.66947,5,147,0
372,1977,-6.78126254,46.75859514,27.99629,120.68028,27.99753,120.67522,4,2537,0
691,2658,-40.06072573,-5.584260716,28.05782,120.58736,28.023438,120.62652,-1,2,0
1939,2925,-6.06731329,53.60165644,28.00197,120.68016,28.00248,120.68294,4,56,0
353,1981,-47.89572577,-38.17079315,28.04744,120.60876,28.04382,120.61146,7,3942,0
14,2278,-18.70934804,27.46985595,28.02496,120.66541,28.0258,120.65965,-1,107,0
708,2842,30.49606208,-19.56399178,27.9343,120.7072,27.98853,120.69743,-1,4,0
866,1682,41.68504819,33.48008202,27.97155,120.73972,27.96568,120.73665,10,3333,0
1503,1785,-16.62263537,-50.12231702,28.0363,120.5857,28.043723,120.575415,9,143,0
1803,2073,-10.30514038,22.08756214,28.01235,120.66512,28.01371,120.66619,3,26,0
928,2959,18.2882211,36.79642554,27.99601,120.708,27.996193,120.708797,7,14,0
1871,2190,9.85163645,7.5926243,27.96874,120.65488,27.98235,120.67423,5,56,0
1736,2653,-35.70244586,-31.33274722,28.029592,120.6244,28.03697,120.58917,-1,10,0
1830,2818,-21.83295755,-55.72308165,28.0362,120.58118,28.04104,120.58846,9,74,0
456,1737,-17.17598434,-56.28682563,28.04137,120.5735,28.03968,120.57291,9,853,0
1061,2902,38.76018185,-27.4262267,27.92415,120.70545,27.92072,120.70621,3,396,0
77,936,-19.48830646,6.083769117,28.00743,120.64853,28.02145,120.63334,3,52,0
2075,2123,32.896296,-7.417782243,27.94054,120.69195,27.92383,120.67387,-1,45,0
283,2361,37.85432978,29.77474991,27.98338,120.744,28.03623,120.76776,10,12,0
836,1650,-28.47774957,-10.43990638,28.02242,120.60801,28.020022,120.631375,-1,74,0
56,2270,25.55368171,15.93195009,28.06889,120.75639,28.05695,120.78536,-1,0,0
457,1373,-60.47785512,13.83585678,28.01851,120.70462,28.01793,120.66445,-1,18,0
688,1087,-12.51754886,31.96012754,28.008405,120.68283,28.02274,120.66726,-1,0,0
1622,2282,5.19382165,29.92177526,28.00126,120.6875,27.99125,120.69051,4,7,0
574,708,46.99405834,-23.44166179,27.93368,120.71241,27.9343,120.7072,3,3955,0
1859,2714,66.97380836,15.03461302,27.87212,120.80789,27.8832,120.80518,6,147,0
2619,2626,1.578395506,54.63059386,27.992814,120.696225,28.00254,120.695427,-1,53,0
232,2938,-20.08003722,-27.38838712,28.0199,120.59592,28.02158,120.59654,3,384,0
1441,2087,-62.51152824,12.25776639,28.04381,120.65767,28.02363,120.66164,-1,7,0
106,1060,0.429124974,-40.41462032,27.9806,120.54774,27.976777,120.549502,8,229,0
1673,2431,-12.35616794,-4.1784117,28.00217,120.64577,28.0053,120.633,3,2,0
1947,2089,7.222465508,16.12028417,27.98803,120.67876,27.970224,120.651685,-1,3,0
1968,2192,-31.05825092,-57.17396606,28.054156,120.560569,28.05416,120.56057,9,1883,0
188,1187,15.91611479,-23.04041337,27.97988,120.63103,27.96331,120.66311,-1,78,0
745,1500,-41.95413893,-17.80461658,28.04541,120.65027,28.05006,120.62061,7,14,0
117,1015,-15.52335713,-37.65844801,28.026108,120.592702,28.02245,120.61239,3,11,0
1159,1560,-25.21622649,-41.81353766,28.02791,120.59925,28.034241,120.588717,-1,14724,0
368,798,7.047992136,42.86094694,28.0175,120.69666,28.013245,120.696951,7,42,0
386,1308,10.21148401,20.88120599,27.99487,120.67969,27.98404,120.68203,4,0,0
482,1316,31.04992065,23.98220805,27.97359,120.74776,27.97332,120.71019,10,2,0
312,2564,19.30993115,-0.12597028,27.97483,120.67456,27.96169,120.70433,-1,66,0
747,1515,-28.13420532,27.42479844,28.01175,120.66003,28.01034,120.65781,3,18,0
332,1178,-2.209642815,54.16373377,28.00341,120.68731,27.99689,120.69531,4,10,0
159,999,16.78214634,-8.23600815,27.94833,120.66804,27.95989,120.64875,5,11,0
1398,2290,-11.4889518,-27.97032943,28.02438,120.60303,28.01109,120.5954,3,162,0
1895,2822,35.32826672,-0.508882404,27.96905,120.70307,27.97743,120.73394,10,12,0
1875,2220,-29.46080577,31.78622414,28.00338,120.66046,28.00312,120.65703,3,45,0
112,2666,-52.45327867,-23.37770871,28.01472,120.61007,28.04116,120.62863,-1,21,0
76,2241,23.8800106,44.85456784,27.99619,120.71034,27.98751,120.72346,7,15,0
914,1122,65.84129549,-6.057104155,27.93088,120.80284,27.9304,120.80754,6,286,0
305,1100,-20.26822792,-13.31183675,28.008511,120.618079,28.00741,120.61911,4,2387,0
1308,2819,1.341013961,42.27062906,27.98404,120.68203,27.98575,120.68281,4,802,0
415,2087,-41.34264409,15.13186958,28.01975,120.65219,28.02363,120.66164,3,27,0
1338,2116,-42.74249576,-35.59839425,28.056963,120.625239,28.04925,120.60197,7,89,0
293,803,-43.87665882,6.589041741,28.02476,120.635142,28.02715,120.65114,-1,87,0
651,814,-36.60398346,-43.19903687,28.05562,120.60146,28.06065,120.61145,7,181,0
414,2420,13.18961779,-33.13071159,27.96162,120.59686,27.98362,120.61785,-1,63,0
866,1459,39.95300789,23.18274009,27.97155,120.73972,27.97111,120.739,10,127,0
2650,2672,12.73416152,64.43160703,28.024386,120.675309,28.02026,120.69523,-1,43,0
2733,2840,-41.1204289,-4.893903615,28.019524,120.631948,28.04323,120.58656,-1,0,0
117,618,-16.76679323,-38.55698691,28.026108,120.592702,28.03155,120.59436,-1,20,0
2322,2693,18.29106979,36.29257219,27.99169,120.70661,27.989197,120.703236,7,6,0
1993,2789,66.85123452,22.66924797,27.8714,120.79231,27.87222,120.79381,6,3133,0
797,1682,47.63733721,25.09943223,27.97373,120.74409,27.96568,120.73665,10,1071,0
1284,1999,31.8411456,-26.00711411,27.94439,120.71319,27.91395,120.70028,-1,86,0
1843,2061,12.67540352,19.02816016,27.983923,120.680378,27.98839,120.68338,4,82,0
567,2237,32.66973863,-22.60199063,27.92073,120.70491,27.92797,120.69797,3,62,0
2305,2363,35.1067195,32.4096273,27.98543,120.73922,27.98627,120.73454,10,156,0
565,2452,-37.16322982,36.68500714,28.00841,120.66454,28.0105,120.66068,3,1075,0
41,1684,9.915104655,-41.94582222,27.95746,120.61208,27.98796,120.61592,-1,8,0
1650,2213,-54.56919502,-3.191080004,28.020022,120.631375,28.0397,120.63304,-1,5,0
1086,1848,14.49871253,-3.960076938,27.960187,120.662923,27.96164,120.66747,5,44,0
580,2899,-41.7708479,9.386411219,28.02797,120.6552,28.02802,120.65472,7,64,0
72,2808,17.70616244,-31.64422434,27.97367,120.59704,27.93617,120.55946,-1,44,0
1163,2153,31.58462623,-29.47750654,27.92297,120.68904,27.91643,120.68875,3,5,0
663,2543,9.629057155,5.336072607,27.97693,120.66377,27.978448,120.671401,5,245,0
1689,2318,-44.85131651,20.44789102,28.02095,120.64389,28.0217,120.647,3,7719,0
1071,2297,28.95471214,-23.49369147,27.92798,120.69488,27.92659,120.71116,3,4,0
1555,2729,-52.84685718,-14.22059612,28.043798,120.657967,28.05359,120.63947,7,187,0
2160,2793,39.85816878,7.189777274,27.9668,120.7548,27.96841,120.73048,10,131,0
574,2250,31.46104968,-14.70679944,27.93368,120.71241,27.92446,120.6923,3,2,0
1698,1935,13.5520941,4.048020483,27.95861,120.665556,27.97505,120.67499,5,35,0
438,955,-39.92950567,-15.14597767,28.03933,120.62364,28.04133,120.65311,7,13,0
1779,2136,-21.54615475,14.32403578,28.01179,120.65261,28.01201,120.65481,3,53,0
1509,2713,60.35149528,-12.4097571,27.9249,120.82617,27.9236,120.82555,6,4855,0
972,2063,34.79855274,-42.07547911,27.94366,120.68317,27.90108,120.68568,-1,7,0
1218,1705,58.49437107,6.663424421,27.91539,120.8198,27.90977,120.83609,6,144,0
397,1765,-0.094505153,-38.83842366,27.98278,120.56366,27.9931,120.58597,8,0,0
157,2366,11.20090921,11.85470426,27.980814,120.677226,27.97973,120.67677,-1,28,0
1544,2243,69.60001252,-10.13889983,27.94688,120.81569,27.94879,120.80808,-1,640,0
869,2033,49.99969529,3.865909478,27.94864,120.77547,27.9196,120.81824,-1,0,0
104,1198,-19.89152133,-32.2167661,28.0211,120.601,28.0332,120.591,-1,8,0
970,2628,-28.71088182,43.47649808,28.014998,120.674961,28.01511,120.67465,3,65,0
836,1913,-27.07926974,-27.210099,28.02242,120.60801,28.02588,120.60418,3,1372,0
1537,1760,-38.34512818,24.51395875,28.011427,120.649686,28.01143,120.64969,3,6,0
174,2197,-50.6512725,-22.09364394,28.04894,120.64323,28.04449,120.62163,7,74,0
609,1732,-21.25096707,-33.40572749,28.02096,120.62016,28.027103,120.600906,3,35,0
79,2302,36.76183484,-28.32683977,27.921889,120.696181,27.92002,120.70535,3,49,0
1433,1952,-35.60877923,15.37309608,28.015196,120.648057,28.01814,120.64798,3,90,0
1456,2425,42.1901452,13.84976074,27.9905,120.76564,28.001305,120.717516,-1,4,0
1166,1603,17.11294405,-36.17870827,27.95794,120.60138,27.94403,120.59556,10,112,0
1262,2715,-11.47658662,43.09626862,27.98453,120.66027,27.99435,120.66326,4,285,0
61,372,-1.437435238,29.19146064,28.00969,120.67408,27.99629,120.68028,-1,10,0
811,2052,40.45921905,-15.68768722,27.92878,120.69672,27.92832,120.69785,3,137,0
746,2593,25.32940918,-8.515519755,27.94545,120.66986,27.96314,120.66947,5,11,0
720,2937,41.53206909,31.76379355,27.97976,120.74186,27.97398,120.7324,10,155,0
2028,2793,45.39243907,3.807164035,27.92122,120.80887,27.96841,120.73048,-1,0,0
1244,2452,-19.24919145,15.22301346,28.00503,120.67134,28.0105,120.66068,3,28,0
1948,2479,39.29488822,5.830146329,27.96583,120.74971,27.95756,120.72822,10,269,0
176,1078,-33.67194462,-17.78532673,28.02521,120.6105,28.015777,120.621944,-1,14,0
96,2405,2.185025279,-1.888325785,27.96572,120.68191,27.96984,120.68551,5,8,0
2372,2847,-13.88410411,-32.55134685,28.023805,120.597166,28.041041,120.588459,-1,109,0
2336,2347,61.46256835,12.39948779,27.87937,120.8036,27.91091,120.81602,6,8,0
232,2372,-14.4390054,-31.25131909,28.0199,120.59592,28.023805,120.597166,3,28,0
449,2689,39.76930713,-16.74508182,27.93173,120.70133,27.92812,120.69806,3,123,0
15,2445,0.698015412,-47.54009398,27.97664,120.63227,27.992515,120.595201,8,8,0
691,2396,-49.3373278,-31.40641595,28.05782,120.58736,28.03985,120.62173,-1,21,0
1870,2597,-9.615714427,42.27692282,27.99576,120.6574,27.993358,120.671015,-1,64,0
46,2146,-44.74050717,-40.12674358,28.04917,120.61056,28.051431,120.600469,7,2049,0
49,2776,-8.393086708,-32.72852952,28.02104,120.58411,28.01919,120.588,9,115,0
2418,2465,28.9181474,-44.02186053,27.93672,120.67951,27.88796,120.64935,-1,17,0
2168,2316,-25.03498504,-26.85624448,28.02265,120.60445,28.0271,120.60091,3,1058,0
1998,2549,6.984395711,-32.02879168,27.987217,120.623164,27.98841,120.58255,8,0,0
770,1454,44.75684861,-25.6875639,27.921591,120.704296,27.92271,120.7068,3,1349,0
22,1107,55.80206192,3.287267895,27.921557,120.82208,27.917248,120.816344,6,73,0
1764,2076,3.681897519,-35.57060712,27.96875,120.60619,27.99335,120.57729,8,9,0
447,2232,30.35870034,48.47224472,27.99055,120.7118,27.99607,120.71016,7,273,0
923,1435,-51.23927651,-17.06667641,28.06101,120.62576,28.046174,120.636789,7,33,0
1058,2189,-34.84256027,-7.451972643,28.04752,120.63044,28.01722,120.63141,-1,2,0
80,1415,-25.11289311,-1.518851046,28.01143,120.62756,28.01447,120.64201,-1,76,0
1742,2629,-17.46068277,29.33337862,28.010383,120.6909,28.024983,120.66739,-1,6,0
924,2921,-46.75724671,-21.13251199,28.03883,120.63972,28.04626,120.62812,7,7,0
198,1586,-0.997313652,24.18439687,27.99428,120.679324,27.993909,120.679255,4,30,0
279,1644,34.80127049,30.69297731,27.98465,120.73383,27.97549,120.72917,10,111,0
422,2842,6.25466631,37.66870082,28.00525,120.70299,27.98853,120.69743,-1,8,0
1683,1794,27.78958069,-9.470650724,27.95708,120.67304,27.94302,120.67619,5,5069,0
926,2264,18.4733722,-18.10127246,27.949664,120.654222,27.95241,120.64911,5,831,0
568,2225,10.70349334,45.82711825,28.017992,120.701917,28.01963,120.71371,7,39,0
814,2151,-49.29715106,-43.88686371,28.06065,120.61145,28.06452,120.61682,-1,2654,0
2746,2784,-44.73249078,-32.52442395,28.03863,120.61579,28.05184,120.61542,7,108,0
836,1106,-21.40455257,-31.57974937,28.02242,120.60801,28.02311,120.59937,3,140,0
1772,1913,-27.70248629,-30.15773749,28.02618,120.60498,28.02588,120.60418,3,380,0
881,1888,65.07253073,8.222253712,27.894444,120.813527,27.89882,120.82105,6,91,0
595,2010,-9.669409116,25.77446923,28.01681,120.67808,27.99742,120.68104,-1,9,0
1,1852,47.02896412,18.98390691,27.97014,120.75603,27.96059,120.7497,10,1069,0
912,2756,14.07694348,24.86764284,27.98324,120.72334,27.98645,120.68772,-1,34,0
1186,2932,-12.99140969,-2.43923424,28.00302,120.64575,28.003843,120.643621,3,73,0
2164,2229,-10.9837016,19.62235692,28.01286,120.66582,27.99852,120.65649,3,24,0
1507,1549,27.27034343,41.59471475,27.990045,120.706877,27.98966,120.70619,7,27,0
945,2336,74.50228842,10.91344568,27.87922,120.78748,27.87937,120.8036,6,3743,0
2193,2672,7.760480766,45.49390373,28.02136,120.69276,28.02026,120.69523,7,7,0
72,1276,7.289692088,-50.6845917,27.97367,120.59704,28.00066,120.58221,8,235,0
619,2263,-39.65577065,34.50788268,28.01319,120.65921,28.00726,120.65848,3,403,0
672,1667,11.83726209,-33.11272558,27.96719,120.59359,27.93583,120.61337,8,6,0
273,2650,-38.74361881,7.325101109,28.02613,120.64691,28.024386,120.675309,-1,4,0
1460,1837,-5.694082288,-20.16835565,27.985304,120.632788,27.98603,120.63754,8,4840,0
631,1311,9.358655145,-56.83239889,27.98274,120.56357,27.98966,120.57449,8,10068,0
1024,1643,3.573471394,-30.94209351,27.989558,120.6089,27.98054,120.61279,8,4,0
328,2450,-61.53130407,-17.99015685,28.05929,120.65781,28.04901,120.63968,7,614,0
19,2131,6.814687202,4.992152743,27.98443,120.66958,27.97509,120.65593,-1,286,0
35,666,-32.939482,-57.59061562,28.06905,120.57281,28.07352,120.58467,9,5026,0
1164,1230,-38.03007598,6.35335354,28.04057,120.64705,28.02816,120.65689,7,24,0
937,1740,53.37847284,-4.889766924,27.94444,120.83533,27.9275,120.83694,6,40,0
257,949,-32.48060107,-48.76855341,28.076984,120.602335,28.042263,120.582178,9,28,0
2775,2966,61.7593534,12.21289395,27.88321,120.80518,27.90319,120.81717,6,28,0
545,956,12.75163719,-5.000602446,27.96676,120.65937,27.97159,120.65547,5,4266,0
751,813,-24.61671125,-23.02338682,28.02449,120.61195,28.01833,120.607999,3,599,0
1160,2897,-19.99930581,20.09451861,28.01525,120.66252,28.01385,120.66008,3,11,0
841,852,-23.05139038,5.916008617,28.0171,120.63698,28.013741,120.650393,3,7,0
25,2176,19.89381862,-10.59258911,27.976204,120.667973,27.95843,120.65338,5,11,0
202,1521,-35.25897256,32.95452917,28.0087,120.65515,28.00551,120.66263,3,787,0
1232,2642,-61.00338248,6.496968265,28.04357,120.651564,28.03965,120.64593,7,268,0
35,592,-32.68382465,-54.45184048,28.06905,120.57281,28.07596,120.58581,9,68,0
142,408,-41.86476116,-23.90799274,28.07201,120.60483,28.05042,120.6339,-1,35,0
2236,2366,1.371640342,18.90577672,27.9946,120.674,27.97973,120.67677,-1,108,0
2064,2832,74.2132473,6.758175739,27.889525,120.804362,27.8881,120.80006,6,6317,0
1151,1533,-37.19409194,-53.61582033,28.082463,120.58878,28.06943,120.56735,9,97,0
1767,2176,9.996280161,-10.78553182,27.97914,120.65482,27.95843,120.65338,5,27,0
1932,2263,-15.60371007,12.94344815,28.01062,120.65932,28.00726,120.65848,3,98,0
1753,2298,29.78145447,-14.22406403,27.96526,120.65283,27.92952,120.68107,5,36,0
79,1154,30.40338884,-27.03455353,27.921889,120.696181,27.92365,120.69173,3,295,0
574,2481,31.83408713,-13.68562481,27.93368,120.71241,27.97265,120.66766,-1,0,0
279,347,41.39875879,40.80230545,27.98465,120.73383,27.98785,120.71681,-1,403,0
872,1123,-6.153391597,7.888259283,27.98477,120.64882,27.96552,120.64757,5,65,0
1684,2703,-0.281661848,-20.57629708,27.98796,120.61592,27.99103,120.63464,8,23,0
1150,2575,-34.58176997,-28.33844044,28.00906,120.58854,28.02926,120.59028,-1,0,0
751,2816,-35.54757256,-13.86653327,28.02449,120.61195,28.04411,120.63996,-1,19,0
2004,2116,-39.51707297,-42.08498319,28.05469,120.58692,28.04925,120.60197,-1,1325,0
2046,2770,62.55116855,18.68195096,27.88702,120.81085,27.85916,120.78527,6,25,0
1977,2715,-9.785425356,44.41984406,27.99753,120.67522,27.99435,120.66326,4,71,0
655,1839,8.832076593,67.93948249,28.03962,120.71918,27.97706,120.75192,-1,23,0
490,1419,-51.32505309,-8.673693725,28.00307,120.6298,28.01125,120.62553,-1,106,0
54,2483,-29.10511851,-12.08829127,28.018598,120.620672,28.02455,120.61196,-1,20,0
64,1286,-22.05333373,10.93012652,28.01276,120.65434,28.01117,120.65006,3,87,0
2117,2294,-45.23104013,27.43772727,28.0167,120.6534,28.017358,120.65303,3,740,0
1555,2899,-53.34530362,15.36083658,28.043798,120.657967,28.02802,120.65472,7,59,0
1428,2658,-53.53399331,-4.69111307,28.02259,120.62662,28.023438,120.62652,7,401,0
1624,2549,9.010530689,-45.0682207,27.971715,120.608414,27.98841,120.58255,8,13,0
728,2131,1.149593625,7.894089605,27.98895,120.65771,27.97509,120.65593,-1,82,0
2224,2543,8.935929289,6.262915494,27.98445,120.67253,27.978448,120.671401,-1,317,0
1178,2519,4.303445526,51.02476061,27.99689,120.69531,27.99715,120.70087,-1,226,0
1308,1947,-1.165493484,43.42479409,27.98404,120.68203,27.98803,120.67876,4,4595,0
1134,2120,-7.446544729,0.305880306,27.99644,120.63354,28.00312,120.65388,-1,22,0
2120,2452,-27.22734776,29.70069623,28.00312,120.65388,28.0105,120.66068,3,118,0
1715,2779,60.30066928,3.755866868,27.90618,120.83106,27.9069,120.82629,6,15,0
521,1502,-12.70504051,43.72681565,27.99979,120.66739,27.991292,120.664871,-1,653,0
566,688,-7.017407453,56.94009836,28.0085,120.68531,28.008405,120.68283,4,1069,0
2214,2224,7.451309327,10.65852779,27.9598,120.68203,27.98445,120.67253,-1,65,0
1848,2392,10.44315026,19.33869248,27.96164,120.66747,28.00878,120.68835,-1,2,0
1837,2428,-5.088317774,-19.89057045,27.98603,120.63754,27.98819,120.6531,-1,964,0
1643,1764,9.417167808,-45.95454403,27.98054,120.61279,27.96875,120.60619,8,340,0
172,1736,-54.13506357,-28.80036841,28.0428,120.62069,28.029592,120.6244,7,74,0
279,1317,33.70210988,31.75753999,27.98465,120.73383,27.995577,120.71498,-1,13,0
113,2431,-23.17900088,-2.238630662,28.01211,120.63736,28.0053,120.633,3,50,0
1085,1455,-47.90184936,-32.48517976,28.0257,120.6129,28.03905,120.62757,-1,13,0
1804,2445,-1.836561395,-34.72041058,28.00502,120.61628,27.992515,120.595201,-1,27,0
1448,1519,33.03315522,20.52884831,27.99567,120.715,27.97433,120.75966,-1,21,0
1232,2200,-67.33692683,6.449807799,28.04357,120.651564,28.03746,120.65611,7,1457,0
421,2347,58.75789359,5.819052726,27.91626,120.8268,27.91091,120.81602,6,94,0
1138,1503,-35.87505435,-46.58906921,28.05708,120.58299,28.0363,120.5857,9,0,0
1839,2160,47.03892992,20.56619312,27.97706,120.75192,27.9668,120.7548,10,372,0
1152,1691,-29.83475264,19.87607706,28.013647,120.656985,28.01519,120.66268,3,48,0
1682,2624,42.8417043,1.659282107,27.96568,120.73665,27.97603,120.71773,10,193,0
409,952,45.72184351,17.73037273,27.95855,120.75661,27.97169,120.76145,10,337,0
1165,2446,2.734421848,15.13141015,27.98951,120.67228,27.98763,120.66308,4,4,0
606,2448,-16.72612607,-3.043147591,28.004829,120.6409,28.006623,120.64479,3,318,0
365,2620,-2.130678284,9.288460009,27.98328,120.65734,28.005401,120.667985,-1,0,0
735,1306,-6.907239883,-16.49518754,27.993371,120.637184,27.99383,120.62833,8,141,0
2018,2699,60.14428304,-10.47801068,27.92674,120.82518,27.92749,120.82481,6,141,0
1697,2374,60.56554767,-3.84589757,27.93044,120.81856,27.93982,120.7985,6,91,0
154,2096,8.635703826,-35.64314922,27.9473,120.56566,27.97745,120.61375,-1,8,0
1767,2127,5.354585097,0.239629232,27.97914,120.65482,27.98869,120.6726,-1,2,0
331,1981,-50.56094732,-36.69081306,28.03958,120.62042,28.04382,120.61146,7,852,0
1980,2063,34.93039019,-42.36853354,27.9546,120.667,27.90108,120.68568,-1,0,0
569,2011,-12.34547708,-4.455787409,28.006636,120.635923,28.00664,120.63592,3,43,0
562,2016,35.60471215,-24.96586266,27.92439,120.70333,27.92264,120.70453,3,12,0
157,2224,11.05605806,12.32404091,27.980814,120.677226,27.98445,120.67253,4,30,0
233,1116,39.02352951,-21.75047213,27.9299,120.70635,27.92366,120.70449,3,72,0
347,2774,41.47727327,19.89190622,27.98785,120.71681,27.96407,120.76438,-1,2,0
2167,2737,-61.2870034,11.21346806,28.0438,120.65797,28.039023,120.659441,7,2,0
756,1666,66.48212243,5.877580126,27.90472,120.82388,27.90314,120.82835,6,544,0
273,761,-60.26177783,-1.728442193,28.02613,120.64691,28.02569,120.64175,7,1759,0
644,1175,-19.27818859,13.59660887,28.01278,120.65944,28.00978,120.65422,3,60,0
1413,2619,12.84075517,29.02822079,27.995897,120.699285,27.992814,120.696225,4,3,0
595,780,-26.05828671,46.02657304,28.01681,120.67808,28.01006,120.68043,-1,548,0
673,1927,-53.59602335,-24.2225617,28.05464,120.60495,28.04626,120.62785,7,418,0
819,1888,54.76463984,6.437919641,27.91736,120.79806,27.89882,120.82105,6,15,0
468,1093,-8.902311445,-49.03417661,28.02464,120.59155,28.03228,120.58055,-1,252,0
136,849,-40.85147809,25.5117167,28.01434,120.65091,28.01215,120.65165,3,459,0
1019,2625,68.58905997,6.779206659,27.89391,120.81686,27.89938,120.82864,6,268,0
405,1308,-0.015269262,43.94767735,27.989232,120.680662,27.98404,120.68203,4,4513,0
1969,2499,-25.20511373,4.483439265,28.00303,120.63895,28.01676,120.64573,3,28,0
284,2144,43.51232781,-21.89561956,27.92764,120.69437,27.92809,120.70577,3,98,0
1736,2528,-50.47470237,11.5100591,28.029592,120.6244,28.023744,120.653645,7,65,0
1084,2725,-39.86530659,-54.09861827,28.09096,120.5847,28.08578,120.59077,9,775,0
1164,2397,-61.92551014,5.544223337,28.04057,120.64705,28.04343,120.64686,7,379,0
403,2279,30.86416446,43.3312994,27.98093,120.71034,27.98388,120.70501,-1,1038,0
1100,1415,-45.73101591,4.034239892,28.00741,120.61911,28.01447,120.64201,-1,48,0
1457,1782,14.33582907,30.60824914,27.99566,120.715,27.997236,120.700653,7,6,0
692,1321,5.615207946,35.56411491,28.00622,120.6991,27.99863,120.68954,-1,96,0
533,831,8.711837379,2.774535932,27.97788,120.66759,27.9762,120.668,5,113,0
1225,1509,60.36458901,-10.28097946,27.92421,120.82617,27.9249,120.82617,6,282,0
2592,2691,59.22176692,-10.71182991,27.93254,120.82423,27.93204,120.83665,6,1104,0
1991,2677,-10.15036757,40.88801203,28.00104,120.67237,27.99272,120.66996,-1,3,0
908,2441,32.80393236,29.83845531,27.971495,120.733406,27.98416,120.72974,10,31,0
372,1867,2.362532194,25.95459782,27.99629,120.68028,27.9905,120.6805,4,6,0
741,2180,5.769732998,-15.43398916,27.95095,120.65688,27.98333,120.65125,5,77,0
1093,2440,-16.38388649,-45.45487956,28.03228,120.58055,28.043033,120.586455,9,14,0
370,2331,29.39267516,-34.46814248,27.95455,120.65292,27.92645,120.67635,-1,139,0
655,2762,-9.159402301,24.80643006,28.03962,120.71918,28.01919,120.67036,-1,0,0
2062,2422,54.67321029,-0.930649942,27.92961,120.81073,27.93079,120.82979,6,0,0
793,1825,-31.59691771,-24.43522349,28.10014,120.65736,28.09639,120.65778,-1,155,0
295,1708,-10.78146238,-41.3050773,28.02333,120.57606,28.02381,120.59717,-1,15,0
628,971,55.74243318,-0.135381695,27.92742,120.82878,27.92205,120.80111,6,24,0
2657,2712,-32.57975797,15.86114553,28.02002,120.64857,28.01694,120.64891,3,22,0
47,1839,47.57441006,15.32572315,27.97433,120.75967,27.97706,120.75192,10,1768,0
1510,1565,-55.04959526,-3.271281001,28.023269,120.632426,28.03749,120.6251,7,28,0
42,1289,-31.14889847,17.97170271,28.0014,120.65569,28.0114,120.65314,3,22,0
1689,2617,-40.08015503,16.40346013,28.02095,120.64389,28.02136,120.65561,3,131,0
2568,2816,-35.46311254,-6.916805652,28.04901,120.58582,28.04411,120.63996,-1,5,0
250,2801,-23.63950679,17.32877601,28.014565,120.656448,28.01569,120.65545,3,88,0
1638,2089,-0.952395938,17.8770826,27.99258,120.67111,27.970224,120.651685,-1,2,0
994,2421,-24.95479219,11.81721546,28.01318,120.65352,28.014321,120.650131,3,71,0
30,1416,-26.03091297,5.892447234,28.01174,120.64358,28.01137,120.64581,3,75,0
187,1276,3.911120587,-55.42993173,27.99929,120.57877,28.00066,120.58221,8,5774,0
1257,2023,5.984286669,-35.20862032,27.97868,120.57877,27.97172,120.61373,8,10,0
298,1408,35.99112244,-21.96935839,27.92054,120.70164,27.92298,120.7071,3,6,0
2619,2693,28.77598953,45.99521545,27.992814,120.696225,27.989197,120.703236,-1,176,0
1256,1493,-38.98594883,23.80923619,28.01222,120.65195,28.013333,120.65,3,59,0
82,1799,1.013944533,24.74766249,27.99276,120.68048,27.99461,120.68409,4,36,0
828,2392,19.72230036,-7.587259829,27.96168,120.677789,28.00878,120.68835,-1,0,0
27,595,7.375430597,46.26417915,28.00949,120.71444,28.01681,120.67808,-1,4,0
569,606,-11.10797897,-4.617028997,28.006636,120.635923,28.004829,120.6409,3,7,0
1315,1826,32.3360159,-30.1003959,27.91937,120.7061,27.92285,120.68994,3,72,0
259,2890,-56.76357963,-4.902681309,28.05022,120.66531,28.02424,120.6348,-1,137,0
2480,2901,25.48846306,3.376836677,27.976345,120.701908,27.97339,120.7071,10,169,0
556,1021,4.863900826,-24.52891222,27.99014,120.62903,27.96668,120.62461,8,14,0
1321,1879,-4.247923557,52.11139097,27.99863,120.68954,27.999526,120.680665,4,59,0
1938,2053,-25.14364616,6.133754212,28.01832,120.65141,28.01003,120.63016,-1,16,0
945,2111,74.31308881,10.25032934,27.87922,120.78748,27.88503,120.79691,6,2476,0
697,1110,45.06209652,-28.09209892,27.92414,120.70279,27.946867,120.69923,-1,58,0
541,2155,15.19023666,-30.77354245,27.96193,120.60948,27.93749,120.59711,10,181,0
52,2254,59.87797645,-2.635814899,27.93816,120.80145,27.923401,120.816621,6,140,0
1054,1262,-6.047083714,-6.470650791,27.99918,120.641648,27.98453,120.66027,-1,4,0
2224,2758,15.58593439,14.45569283,27.98445,120.67253,27.98519,120.67735,4,778,0
1458,2586,26.01693115,10.8859426,28.023603,120.80906,28.02241,120.81161,2,32305,0
2229,2471,-7.266320581,16.04449055,27.99852,120.65649,28.00877,120.66836,3,4,0
1510,1650,-52.66963519,-3.919795362,28.023269,120.632426,28.020022,120.631375,-1,208,0
1105,1731,-36.37973921,25.06395991,28.00791,120.64843,28.00652,120.64463,3,5131,0
1989,2664,61.00391729,-3.659604233,27.93336,120.81773,27.93035,120.81024,6,82,0
622,1950,25.45723787,36.33247069,27.991878,120.718744,27.99139,120.71952,7,0,0
1205,1782,8.315705199,36.31991357,27.99429,120.69956,27.997236,120.700653,-1,30,0
741,1081,-4.464297416,9.286108793,27.95095,120.65688,27.997963,120.659738,-1,2,0
2144,2272,40.6633963,-21.2700464,27.92809,120.70577,27.91974,120.69145,3,43,0
468,864,-14.02765737,-49.05488288,28.02464,120.59155,28.03948,120.56891,-1,27,0
729,836,-25.99325386,-26.43285018,28.02336,120.60588,28.02242,120.60801,3,4021,0
1081,1994,-14.51492249,41.70608393,27.997963,120.659738,27.992378,120.669665,-1,71,0
878,1780,5.472513163,52.09487741,28.000355,120.697765,27.99905,120.69979,7,167,0
1439,2873,16.49325504,43.0709065,28.005515,120.719495,28.000323,120.727524,7,0,0
2568,2602,-23.23203532,-57.59329607,28.04901,120.58582,28.041463,120.586511,9,5598,0
151,2181,33.92598989,-48.35427095,27.897721,120.673429,27.895193,120.668359,3,410,0
550,2386,13.82435488,61.02151048,28.0076,120.72365,28.01849,120.70996,7,5,0
1480,2374,69.2535147,-7.64019037,27.96194,120.78881,27.93982,120.7985,-1,137,0
442,2913,63.36373573,-8.885352013,27.92124,120.83163,27.92081,120.81459,6,217,0
243,1923,-16.32445376,2.045060894,28.000291,120.647161,27.99631,120.64437,3,746,0
1590,2175,-19.54475414,-34.83325089,28.02239,120.59436,28.025465,120.585303,-1,2,0
797,2477,40.50534486,28.22815326,27.97373,120.74409,27.98208,120.74589,10,61,0
97,518,-21.1943169,34.07926454,28.02629,120.6698,28.025347,120.666909,3,74,0
327,2899,-33.70999775,6.296695911,28.02432,120.64367,28.02802,120.65472,-1,0,0
1080,2272,36.75506384,-30.36344857,27.92057,120.7039,27.91974,120.69145,3,163,0
1288,2398,32.13337596,-34.54109724,27.91607,120.69654,27.923249,120.687804,3,64,0
466,2420,-0.105333368,-12.06035761,27.993,120.6404,27.98362,120.61785,8,0,0
1692,1817,-61.48946655,5.196519608,28.0404,120.64565,28.040399,120.645646,7,126,0
1375,2006,30.1148237,14.3253375,28.022718,120.800605,28.02272,120.80061,2,0,0
992,1373,-25.24595477,23.97502697,28.02084,120.66124,28.01793,120.66445,3,307,0
109,2150,-30.0837527,-36.54124996,28.03316,120.59087,27.99711,120.58895,-1,171,0
994,1388,-41.2983694,20.77662328,28.01318,120.65352,28.01822,120.64711,3,11,0
591,2451,13.34943966,42.9296132,28.008214,120.716163,28.01596,120.72171,7,35,0
657,2058,-0.7530156,-1.546429758,27.878795,120.706921,27.87238,120.65735,3,107,0
1395,2162,20.99875545,54.49896707,27.998361,120.720456,27.99836,120.72046,7,17,0
1939,2446,2.454941423,29.16313563,28.00197,120.68016,27.98763,120.66308,4,8,0
255,1362,68.08389905,1.968840653,27.91211,120.79786,27.89369,120.80917,6,200,0
291,292,-54.47769964,17.8568594,28.023257,120.659016,28.02857,120.65898,-1,48,0
2022,2593,16.0028967,-11.12654374,27.94096,120.64958,27.96314,120.66947,5,30,0
1385,1605,-44.07818028,1.060290961,28.05153,120.62762,28.01353,120.6398,-1,4,0
758,2452,-28.56329281,27.64768222,27.99542,120.68153,28.0105,120.66068,-1,21,0
627,1494,-61.12470206,-13.13636272,28.0494,120.66193,28.04977,120.64759,7,387,0
120,1429,-22.60778173,-22.32473437,28.0183,120.607999,28.019912,120.604277,3,65,0
292,2622,-42.95672889,8.48617841,28.02857,120.65898,28.0547,120.64565,7,2,0
682,2784,-54.9387652,-23.06738736,28.0412,120.629,28.05184,120.61542,7,196,0
2059,2103,3.723542738,-28.61906639,27.987233,120.614505,27.98211,120.59701,8,71,0
182,1618,-13.0966882,-26.87840493,28.01939,120.61656,28.00977,120.60049,3,61,0
669,1650,-52.33113785,-6.270736758,28.01255,120.63174,28.020022,120.631375,4,330,0
1752,2733,-36.73731193,-5.513049651,28.0312,120.63393,28.019524,120.631948,-1,3,0
510,2827,-36.09658925,-40.52821607,28.04567,120.60077,28.05657,120.60001,-1,102,0
1591,1820,23.45911728,54.90564064,28.00528,120.70899,28.00416,120.70748,7,447,0
1290,2750,3.542148986,58.61854098,28.003203,120.691994,28.00455,120.70115,7,187,0
487,2788,10.65213705,17.65288663,27.98776,120.67428,27.96243,120.65546,-1,0,0
1952,2415,-30.42831471,7.602430503,28.01814,120.64798,28.02,120.655,3,5,0
616,2099,1.042547632,38.74548819,27.98866,120.6816,27.99084,120.68506,4,203,0
1441,1506,-55.01941671,15.8703944,28.04381,120.65767,28.02799,120.66168,7,485,0
745,874,-67.31767745,3.167927716,28.04541,120.65027,28.04411,120.64767,7,13716,0
1632,2232,16.12327044,38.65430392,28.0016,120.70563,27.99607,120.71016,7,0,0
2037,2625,62.24536198,9.673560919,27.9208,120.84047,27.89938,120.82864,6,46,0
644,925,-10.3864672,17.22100877,28.01278,120.65944,28.00554,120.66603,3,20,0
17,2508,15.15811821,9.884661088,27.97886,120.67718,27.96724,120.66561,5,37,0
1386,2508,18.686319,6.747237345,27.98557,120.68544,27.96724,120.66561,-1,54,0
1123,2129,-5.919641633,8.384809608,27.96552,120.64757,27.98951,120.64774,5,2,0
1721,2152,-33.12088423,-2.054264813,28.01943,120.63656,28.02159,120.63532,3,10,0
1144,1338,-45.51820851,-29.70099459,28.05671,120.62176,28.056963,120.625239,7,224,0
916,2294,-41.53733985,31.1212099,28.01381,120.65692,28.017358,120.65303,3,531,0
727,906,3.821699185,61.91556112,28.00933,120.69355,28.01211,120.69386,7,3753,0
2040,2254,65.84450349,-8.090943395,27.92457,120.81572,27.923401,120.816621,6,1004,0
579,2567,-0.654804878,5.16871784,27.99223,120.65477,27.992138,120.656444,4,122,0
59,1658,68.06418861,0.070983818,27.90238,120.80278,27.90655,120.80646,6,520,0
2784,2857,-43.24486479,-28.150201,28.05184,120.61542,28.09805,120.59534,-1,30,0
1761,2611,-7.464764286,46.64592738,27.99851,120.67952,27.995832,120.677166,4,806,0
790,818,16.9431538,-8.4786458,27.95053,120.66517,27.94749,120.64401,5,5,0
684,775,38.5037781,-49.16357011,27.88258,120.62827,27.9189,120.64478,3,1388,0
1755,2325,42.81603167,-33.0413134,27.916499,120.696973,27.91782,120.69607,3,1928,0
1461,2750,11.38890196,55.31375158,28.008516,120.702342,28.00455,120.70115,7,235,0
659,1618,-5.222622519,-34.8683232,27.98025,120.58452,28.00977,120.60049,-1,0,0
81,2626,10.39399067,38.12269728,28.003179,120.699031,28.00254,120.695427,7,5,0
1794,2153,22.88699187,-9.05036323,27.94302,120.67619,27.91643,120.68875,-1,22,0
1882,2668,14.25262379,-31.87328919,27.956101,120.599012,27.94903,120.59549,10,19,0
911,2360,39.07795502,5.390541758,27.96141,120.73461,27.97589,120.75072,10,65,0
1334,2764,-17.23753384,-53.88641446,28.0392,120.566,28.044142,120.567394,9,214,0
2767,2942,-11.70108972,2.325503453,28.00293,120.64916,27.99994,120.64617,3,67,0
982,2560,67.93434104,22.09043777,27.87452,120.79789,27.86448,120.80129,6,2148,0
430,1724,11.23934958,49.93356246,28.00437,120.69558,28.00258,120.70728,7,58,0
1650,2890,-37.81598216,-3.295174144,28.020022,120.631375,28.02424,120.6348,-1,115,0
1127,1419,-19.7026171,-9.984458107,28.01,120.62972,28.01125,120.62553,4,107,0
329,2357,31.81429438,-44.52050806,27.86838,120.6556,27.92044,120.6689,3,4,0
2687,2873,6.126124302,68.64243548,28.0443,120.70804,28.000323,120.727524,7,6,0
2481,2593,8.974483568,0.821082386,27.97265,120.66766,27.96314,120.66947,5,1510,0
752,2508,29.65202104,-14.90719248,27.9454,120.65697,27.96724,120.66561,5,2,0
331,634,-50.58528081,-25.37453871,28.03958,120.62042,28.02449,120.60873,-1,26,0
447,2107,27.0820904,40.02674838,27.99055,120.7118,27.99097,120.70922,7,75,0
1026,2748,11.6248889,13.01748789,27.981479,120.677436,27.98533,120.67604,5,27,0
1076,2589,28.23549528,12.41960657,28.03881,120.82892,28.02612,120.83038,2,83,0
1506,1689,-39.16408699,18.83784285,28.02799,120.66168,28.02095,120.64389,-1,102,0
1465,1529,-34.10687428,-50.64649898,28.090984,120.588938,28.10206,120.54994,9,6,0
201,234,-48.79425687,-8.152378974,28.0203,120.625,28.01828,120.62547,4,1450,0
1019,1557,69.67154045,4.709124343,27.89391,120.81686,27.90165,120.81193,6,791,0
633,2662,26.21124881,47.29944299,27.98491,120.70392,27.9944,120.7017,4,77,0
2233,2775,70.95673873,19.5282299,27.86543,120.81525,27.88321,120.80518,6,44,0
1122,2223,58.18458896,-3.401299247,27.9304,120.80754,27.922663,120.824735,6,46,0
520,1983,73.49135168,8.75607476,27.88953,120.79251,27.88689,120.80628,6,481,0
751,1429,-23.74827017,-22.27277449,28.02449,120.61195,28.019912,120.604277,3,211,0
364,2290,-9.544428915,-31.43682999,28.01704,120.5833,28.01109,120.5954,-1,132,0
2055,2092,-48.87243313,-2.323105304,28.02288,120.63142,28.0195,120.63455,-1,190,0
705,1432,-11.81607679,-7.840922212,28.00227,120.63088,28.00892,120.62295,-1,23,0
9,1428,-40.51815636,-5.367171155,27.99378,120.6501,28.02259,120.62662,-1,2,0
303,1537,-33.3736672,20.49627177,28.01193,120.64947,28.011427,120.649686,3,23,0
2373,2531,-15.78590446,2.646076562,27.99672,120.65264,27.99591,120.64416,3,537,0
2131,2539,11.23528296,-22.11911379,27.97509,120.65593,27.97231,120.62724,-1,17,0
234,1900,-25.28619443,-10.28593446,28.01828,120.62547,28.06605,120.58485,-1,29,0
1362,2946,64.32539832,7.244180131,27.89369,120.80917,27.91587,120.81258,6,11,0
2467,2890,-57.84545652,-2.265616183,28.025613,120.638246,28.02424,120.6348,-1,351,0
1249,2024,-22.40947532,6.842521542,28.00533,120.6479,28.01102,120.64355,3,29,0
3,1695,-23.33565161,-49.51171477,28.03927,120.5877,28.02937,120.5775,9,50,0
227,814,-60.65168619,-17.9114305,28.05333,120.63083,28.06065,120.61145,7,236,0
2021,2593,26.86817933,-25.31484992,27.92043,120.68424,27.96314,120.66947,-1,3,0
1341,2662,24.11021737,46.9210592,27.9986,120.70953,27.9944,120.7017,-1,12,0
682,2518,-53.84217388,0.212968274,28.0412,120.629,28.03042,120.62936,7,10,0
1220,1879,0.729692012,27.11825516,28.000812,120.679146,27.999526,120.680665,4,14,0
35,1140,-29.08243101,-53.96404668,28.06905,120.57281,28.04193,120.57698,9,40,0
365,1262,5.479026582,4.633026334,27.98328,120.65734,27.98453,120.66027,4,10807,0
574,1108,41.58527441,-31.04189265,27.93368,120.71241,27.924685,120.69711,3,375,0
259,2495,-64.36674265,19.61030086,28.05022,120.66531,28.0832,120.74525,-1,41,0
59,1849,70.73792623,4.136830086,27.90238,120.80278,27.89831,120.81286,6,297,0
1194,1999,19.52017693,-8.152783985,27.9573,120.67705,27.91395,120.70028,-1,5,0
545,1860,17.16639244,4.872014699,27.96676,120.65937,27.97729,120.68651,-1,111,0
1968,2292,-18.63854846,-47.30535277,28.054156,120.560569,28.04572,120.58643,9,11,0
157,2190,12.90876301,12.69452678,27.980814,120.677226,27.98235,120.67423,-1,135,0
27,895,6.834610264,68.7148689,28.00949,120.71444,28.03688,120.73858,7,4,0
1053,2556,21.98069726,49.28849516,27.99068,120.7167,28.00322,120.7122,7,44,0
1680,1980,24.53540466,-5.516799448,27.96413,120.67139,27.9546,120.667,5,902,0
408,1435,-58.2068352,-15.33636594,28.05042,120.6339,28.046174,120.636789,7,4260,0
1008,1428,-42.62914039,-4.362703389,28.06212,120.60705,28.02259,120.62662,-1,6,0
12,582,71.94240063,20.52792398,27.8751,120.81027,27.86958,120.81319,6,7384,0
1624,1698,9.203476571,-37.93109196,27.971715,120.608414,27.95861,120.665556,-1,0,0
2182,2185,12.77076262,-36.48696114,27.96515,120.61124,27.97251,120.60263,8,158,0
755,2788,31.19619003,-14.09331246,27.928,120.698,27.96243,120.65546,-1,0,0
1454,2000,44.01320487,-26.14708491,27.92271,120.7068,27.92247,120.70628,3,11847,0
629,1963,-66.48579961,16.54234203,28.0608,120.676028,28.050194,120.692298,7,1359,0
331,2092,-51.67794566,-2.327278016,28.03958,120.62042,28.0195,120.63455,-1,206,0
849,1319,-38.01915166,23.23192673,28.01215,120.65165,28.01152,120.65068,3,21,0
705,809,-15.16313295,-7.226966263,28.00227,120.63088,28.00594,120.6349,3,129,0
691,2053,-33.00657444,-7.799443984,28.05782,120.58736,28.01003,120.63016,-1,2,0
1791,1993,62.76791538,19.11262016,27.86862,120.78313,27.8714,120.79231,6,109,0
1386,1895,25.97205309,2.914005969,27.98557,120.68544,27.96905,120.70307,-1,843,0
1123,1603,15.32525319,-29.22683816,27.96552,120.64757,27.94403,120.59556,-1,88,0
2051,2625,67.05335736,7.302396696,27.91544,120.83871,27.89938,120.82864,6,461,0
867,2087,-17.46101172,26.32999418,28.02368,120.66461,28.02363,120.66164,3,31,0
46,293,-53.42698284,-1.638555372,28.04917,120.61056,28.02476,120.635142,-1,23,0
97,1759,-21.38385059,35.17689269,28.02629,120.6698,28.018481,120.682668,3,7,0
3,109,-26.10015853,-42.6864331,28.03927,120.5877,28.03316,120.59087,9,398,0
1608,1964,-68.55512859,10.66293422,28.0453,120.65749,28.05262,120.666572,7,290,0
697,2075,33.57072459,-18.88827718,27.92414,120.70279,27.94054,120.69195,-1,44,0
2672,2686,11.29166521,63.7996479,28.02026,120.69523,28.0508,120.683,7,68,0
147,1732,-22.8529213,-32.86796141,28.01625,120.60085,28.027103,120.600906,3,72,0
1328,2385,-9.504169162,46.04153225,27.99862,120.67265,27.998,120.672205,4,248,0
316,1489,30.31491553,-51.70693736,27.85765,120.67291,27.861,120.67971,3,254,0
109,1008,-41.76271299,-31.81934705,28.03316,120.59087,28.06212,120.60705,9,11,0
1610,2515,-44.25623407,-43.08673275,28.05249,120.60567,28.06853,120.60201,-1,182,0
1402,2621,-24.92894486,47.16923054,28.014576,120.681581,28.01036,120.67777,-1,861,0
1494,1796,-60.40385739,-13.33674145,28.04977,120.64759,28.04071,120.63988,7,279,0
1084,2048,-38.25918526,-54.70968668,28.09096,120.5847,28.07875,120.58356,9,423,0
1354,2189,-49.19138637,-5.179542153,28.01757,120.6318,28.01722,120.63141,4,553,0
1582,1870,-4.92736496,6.433935139,27.96936,120.67444,27.99576,120.6574,-1,13,0
1293,2422,58.19442103,-12.26153593,27.93743,120.83414,27.93079,120.82979,6,6703,0
1189,1273,-37.0285301,-28.95210491,28.04554,120.61485,28.02347,120.61544,-1,44,0
52,361,69.89060816,-10.21085762,27.93816,120.80145,27.95277,120.79908,-1,6063,0
254,604,-16.0803773,-30.52512051,28.023933,120.596926,28.015777,120.594444,3,52,0
1699,1999,14.20571612,7.309546013,27.97659,120.67899,27.91395,120.70028,-1,41,0
735,2141,-5.21142394,-13.23166638,27.993371,120.637184,27.995992,120.636008,8,193,0
318,769,7.686101804,-1.309950523,27.97271,120.64743,27.97575,120.65879,5,110,0
734,2542,-20.65460607,-21.08703727,28.01097,120.60609,28.01903,120.61189,3,429,0
2309,2496,46.51873297,1.582822918,27.92657,120.81725,27.94412,120.76969,-1,119,0
1033,2198,-20.38485739,-11.33580773,28.007951,120.626328,28.01139,120.622331,4,1338,0
385,1117,23.24817679,36.34275677,28.00125,120.72481,28.02055,120.68861,7,12,0
814,1900,-42.8228379,-46.8848961,28.06065,120.61145,28.06605,120.58485,-1,89,0
1255,2061,6.793712865,20.75991741,27.9997,120.67055,27.98839,120.68338,-1,63,0
1143,2016,43.91438136,-24.7828785,27.92288,120.70458,27.92264,120.70453,3,1329,0
1363,2394,65.22482204,21.84308476,27.87025,120.79516,27.86351,120.786,6,367,0
1995,2150,8.861461057,-52.96306147,27.98625,120.5825,27.99711,120.58895,-1,452,0
2064,2183,73.17740672,3.907062042,27.889525,120.804362,27.89444,120.81353,6,11996,0
5,1736,-39.17122747,-18.14894055,28.05615,120.67115,28.029592,120.6244,7,40,0
89,2120,-23.69133852,14.81721356,28.0164,120.65703,28.00312,120.65388,3,11,0
2263,2715,0.843678297,12.71237407,28.00726,120.65848,27.99435,120.66326,-1,43,0
174,1807,-57.10881024,-13.16867622,28.04894,120.64323,28.040568,120.63282,7,370,0
2398,2871,32.55717671,-33.00000103,27.923249,120.687804,27.92341,120.69408,3,44,0
23,1018,-20.92448301,24.74908547,28.015057,120.667466,28.01725,120.66577,3,49,0
508,2486,-62.41531283,9.730498881,28.04337,120.65572,28.04854,120.66293,7,36,0
160,2366,25.44710729,27.35803846,27.97864,120.71467,27.97973,120.67677,-1,19,0
1722,2328,64.8615435,13.81932477,27.87744,120.7991,27.88837,120.81206,6,52,0
1981,2666,-47.44456747,-35.74608905,28.04382,120.61146,28.04116,120.62863,7,482,0
152,1305,55.58817096,4.168926474,27.91139,120.82389,27.92668,120.81126,6,59,0
1239,1688,3.256368989,6.338985645,27.87124,120.64996,27.983768,120.665796,-1,145,0
595,2225,8.21081164,45.30697184,28.01681,120.67808,28.01963,120.71371,-1,2,0
1496,2149,24.33435541,7.456703706,27.97767,120.70127,27.98472,120.69611,4,4788,0
759,2326,43.42070817,27.71072242,27.97238,120.74249,27.97597,120.7509,10,306,0
1239,1774,-0.340607794,5.890835151,27.87124,120.64996,27.99094,120.65242,-1,75,0
1105,1226,-33.12093618,27.32738001,28.00791,120.64843,28.01039,120.65256,3,36,0
12,652,75.75804874,9.810976454,27.8751,120.81027,27.88623,120.80236,6,4251,0
2406,2553,-33.14452883,-2.514099128,28.01983,120.63469,28.01901,120.63515,3,39,0
1427,1682,45.03624231,28.18474637,27.98011,120.74983,27.96568,120.73665,10,121,0
780,1075,-2.687805682,31.54967598,28.01006,120.68043,28.00112,120.67853,4,27,0
1620,2445,-2.482154804,-44.70458767,28.01578,120.62194,27.992515,120.595201,-1,2,0
552,912,35.735921,41.23023096,27.96536,120.74141,27.98324,120.72334,10,331,0
372,2742,-5.233626414,49.55364761,27.99629,120.68028,27.99959,120.67971,4,210,0
113,1105,-22.35348894,1.72577466,28.01211,120.63736,28.00791,120.64843,3,127,0
942,1101,30.66437328,15.54401724,28.021266,120.794656,28.008865,120.778256,2,36,0
1399,2372,-15.96381497,-29.33148689,28.024487,120.608733,28.023805,120.597166,3,40,0
1094,1159,-23.02497052,-28.81959399,28.01845,120.59962,28.02791,120.59925,3,2442,0
1865,2882,39.56384779,23.76626785,27.97506,120.73909,27.970769,120.742755,10,70,0
1460,2059,-4.812543419,-20.03935033,27.985304,120.632788,27.987233,120.614505,8,2,0
640,2801,-25.47430147,18.58990307,28.01677,120.65806,28.01569,120.65545,3,41,0
589,2164,-35.72734037,39.96457574,28.013126,120.664223,28.01286,120.66582,3,127,0
81,2288,12.64778552,51.35563305,28.003179,120.699031,28.014173,120.713536,7,21,0
666,845,-32.31551367,-58.14622884,28.07352,120.58467,28.06506,120.57549,9,2589,0
1950,2360,32.49255799,38.46871345,27.99139,120.71952,27.97589,120.75072,-1,191,0
561,1432,-35.24344218,-2.487021089,28.02374,120.641626,28.00892,120.62295,-1,0,0
697,770,45.30374406,-26.73472791,27.92414,120.70279,27.921591,120.704296,3,8944,0
876,2468,-35.2436392,13.74892923,28.01851,120.63892,28.022717,120.632107,3,65,0
3,394,-26.67733459,-42.89172206,28.03927,120.5877,28.029211,120.593311,-1,450,0
2116,2542,-38.27883703,-31.9253016,28.04925,120.60197,28.01903,120.61189,-1,15,0
604,817,-9.657324494,-37.6823765,28.015777,120.594444,28.02382,120.58085,-1,27,0
611,2833,2.097512797,-4.263629612,27.867358,120.820794,27.871,120.821,6,16,0
2428,2767,-9.276354287,2.892599392,27.98819,120.6531,28.00293,120.64916,-1,4,0
1697,2726,64.99721363,-5.42793365,27.93044,120.81856,27.9296,120.80677,6,106,0
2338,2678,64.02671509,2.078253471,27.91182,120.82248,27.911388,120.823888,6,379,0
172,174,-50.60138974,-22.73487292,28.0428,120.62069,28.04894,120.64323,7,9,0
188,2260,4.838397728,-40.83283161,27.97988,120.63103,27.97853,120.62639,8,413,0
2479,2901,31.64115468,3.756918091,27.95756,120.72822,27.97339,120.7071,10,105,0
1103,2089,4.50861217,-14.14967706,27.97694,120.62826,27.970224,120.651685,-1,20,0
570,2116,-34.68593774,-44.54064877,28.0722,120.5703,28.04925,120.60197,-1,3,0
113,2522,-22.42224595,-0.394639471,28.01211,120.63736,28.01281,120.64076,3,65,0
631,1006,8.427334666,-57.75085405,27.98274,120.56357,27.99467,120.56692,8,66,0
1625,2033,64.89846956,-8.953580677,27.91671,120.81301,27.9196,120.81824,6,3228,0
1005,2269,-34.20791237,31.96889073,28.00628,120.65332,28.0054,120.65452,3,515,0
1643,2585,3.164005908,-30.81291292,27.98054,120.61279,27.98729,120.6081,8,27,0
460,1436,24.01359541,48.49238504,27.996057,120.710262,27.996111,120.710277,7,62,0
2568,2888,-40.1355608,-32.92642744,28.04901,120.58582,28.05349,120.61286,-1,81,0
819,1660,66.19193821,-0.981914625,27.91736,120.79806,27.91134,120.80988,6,182,0
906,1855,13.60351613,15.51778595,28.01211,120.69386,27.98606,120.67631,-1,14,0
609,2509,-27.13743763,-18.90490754,28.02096,120.62016,28.02225,120.60442,3,8,0
2588,2938,-11.78281536,-39.64306518,28.02213,120.5743,28.02158,120.59654,-1,152,0
2103,2351,13.51897049,-33.37755604,27.98211,120.59701,27.95215,120.60432,-1,33,0
1289,1423,-22.28109993,3.748566523,28.0114,120.65314,28.0149,120.64587,3,20,0
2736,2841,12.4144739,32.33152997,28.008768,120.696683,28.000286,120.70749,7,8,0
1950,2241,37.14019048,44.42849887,27.99139,120.71952,27.98751,120.72346,7,14875,0
238,636,21.6255406,30.9869084,27.985024,120.706695,27.98612,120.70958,7,4,0
1311,1966,6.369240968,-55.74586582,27.98966,120.57449,27.99619,120.58337,8,668,0
368,2672,9.203352938,61.35354423,28.0175,120.69666,28.02026,120.69523,7,35,0
972,1698,24.40161676,-9.384746736,27.94366,120.68317,27.95861,120.665556,5,52,0
949,1031,-24.18996257,-46.57136689,28.042263,120.582178,28.036972,120.589166,9,172,0
911,2298,31.87297215,-5.042065068,27.96141,120.73461,27.92952,120.68107,-1,67,0
15,603,4.67902592,-38.65251329,27.97664,120.63227,27.97164,120.62661,8,768,0
565,1373,-24.988525,24.61311692,28.00841,120.66454,28.01793,120.66445,3,146,0
1574,1845,33.27469304,29.30066668,27.980622,120.731705,27.99406,120.72557,-1,104,0
709,1709,43.24886913,19.73525078,27.97153,120.73361,27.97034,120.76311,10,46,0
765,883,30.95052836,35.49431363,27.9874,120.7334,27.99238,120.73064,7,6,0
476,1108,41.11569207,-30.36417326,27.92198,120.70229,27.924685,120.69711,3,54,0
88,2955,-14.5113411,23.94124213,28.02363,120.66334,28.02188,120.66555,3,24,0
599,2864,30.35965322,23.98566668,27.97321,120.72684,27.9665,120.76112,10,0,0
2131,2217,8.549498489,-4.114623309,27.97509,120.65593,27.97587,120.67071,5,15,0
2087,2929,-52.08963994,18.42981239,28.02363,120.66164,28.026713,120.658442,-1,602,0
943,1376,36.21115452,45.48120298,27.98369,120.71502,27.99176,120.72451,7,780,0
668,1159,-15.41802628,-20.56834114,28.0105,120.60976,28.02791,120.59925,3,44,0
284,2418,38.14247351,-12.53008013,27.92764,120.69437,27.93672,120.67951,-1,377,0
59,461,70.00903873,4.054919021,27.90238,120.80278,27.8974,120.81737,6,523,0
332,1622,-5.180009168,55.82595203,28.00341,120.68731,28.00126,120.6875,4,6350,0
317,1605,-27.22327274,2.508510269,28.01994,120.655,28.01353,120.6398,3,6,0
60,2537,54.58240153,5.898153461,27.89629,120.80392,27.92328,120.80462,6,11,0
1547,2547,-38.9511034,-57.12364291,28.07752,120.5896,28.077515,120.5896,9,10486,0
727,1290,2.201551511,60.60383167,28.00933,120.69355,28.003203,120.691994,7,3337,0
537,1288,32.63581475,-28.13993262,27.91572,120.69582,27.91607,120.69654,3,31,0
627,745,-69.81188531,6.014421781,28.0494,120.66193,28.04541,120.65027,7,1971,0
1247,2939,-32.279751,27.05622925,28.00929,120.65212,28.011397,120.653141,3,25,0
812,1687,-41.34234982,28.34495263,28.01375,120.6551,28.0134,120.65344,3,185,0
133,1284,35.10684192,-7.87115317,27.9535,120.69621,27.94439,120.71319,-1,321,0
920,2849,17.72896032,-38.6763978,27.94553,120.6091,27.92064,120.57853,10,3441,0
46,1455,-58.78397846,-27.3572288,28.04917,120.61056,28.03905,120.62757,7,1861,0
692,2239,6.841347422,30.19843824,28.00622,120.6991,28.00222,120.68192,-1,8,0
227,1608,-51.90369064,-14.95541692,28.05333,120.63083,28.0453,120.65749,7,100,0
458,795,34.06691269,-47.25717909,27.87682,120.64507,27.91839,120.66065,3,214,0
1457,2279,21.94417523,39.09198083,27.99566,120.715,27.98388,120.70501,-1,17,0
2370,2517,-39.66316859,-51.28219592,28.08375,120.59178,28.08227,120.59052,9,552,0
76,1613,13.78075966,33.17346684,27.99619,120.71034,28.00291,120.69868,7,30,0
1556,1668,11.92094226,43.80614099,28.02193,120.71323,28.014884,120.718151,7,25,0
584,1624,8.252378774,-36.68823305,27.99383,120.62841,27.971715,120.608414,8,2,0
2318,2614,-28.52162115,-9.367776554,28.0217,120.647,28.01688,120.6293,-1,9,0
909,1895,11.47433504,-8.26977318,27.95992,120.64877,27.96905,120.70307,-1,8,0
803,1585,-46.09194594,14.8363645,28.02715,120.65114,28.026555,120.649631,7,19,0
358,1376,29.60711277,31.01422617,27.96854,120.74135,27.99176,120.72451,-1,29,0
1515,2939,-34.11362973,27.9647892,28.01034,120.65781,28.011397,120.653141,3,264,0
924,1807,-59.7355505,1.574346018,28.03883,120.63972,28.040568,120.63282,7,122,0
1634,2887,-17.80884203,-57.06073543,28.04413,120.57523,28.04609,120.57533,9,1532,0
1052,1845,29.95916688,27.1222956,27.97486,120.72843,27.99406,120.72557,-1,58,0
872,983,5.925149799,-16.92550767,27.98477,120.64882,27.97699,120.64991,5,1195,0
1988,2553,-32.59375039,-2.134153457,28.01854,120.63879,28.01901,120.63515,3,12,0
560,1886,10.43638607,48.8365249,28.016323,120.703784,28.010095,120.696678,7,180,0
1859,2274,66.59138976,15.30477527,27.87212,120.80789,27.87983,120.81482,6,44,0
2312,2362,38.66114839,-28.27176853,27.92006,120.70628,27.92159,120.70412,3,351,0
204,2549,8.780191529,-40.72575485,27.99015,120.62566,27.98841,120.58255,8,0,0
87,1619,33.06218326,-34.97746034,27.92144,120.6877,27.920381,120.683202,3,93,0
214,668,-18.61147617,-16.07115532,28.01125,120.625528,28.0105,120.60976,-1,100,0
971,2496,52.15195134,2.974811899,27.92205,120.80111,27.94412,120.76969,-1,68,0
2810,2882,40.17940687,23.87720092,27.96861,120.74222,27.970769,120.742755,10,176,0
1136,2087,-66.09421365,11.63863978,28.04624,120.66456,28.02363,120.66164,-1,129,0
1054,2198,-7.071758988,-7.566377842,27.99918,120.641648,28.01139,120.622331,-1,38,0
916,1939,-13.84621349,16.96845848,28.01381,120.65692,28.00197,120.68016,-1,9,0
1512,2653,-25.73434751,-45.28191612,28.04225,120.58748,28.03697,120.58917,9,637,0
402,2291,-19.17309128,16.12727858,28.01188,120.66205,28.01116,120.66485,3,19,0
666,1084,-36.83007499,-53.52478772,28.07352,120.58467,28.09096,120.5847,9,103,0
2071,2119,39.04580997,25.64672149,27.97079,120.74276,27.97513,120.74591,10,47,0
1082,2890,-29.35797809,1.408119908,28.016688,120.655528,28.02424,120.6348,3,54,0
415,426,-33.54376244,4.406435817,28.01975,120.65219,28.025933,120.641498,-1,11,0
1705,2051,63.20897155,-13.87074979,27.90977,120.83609,27.91544,120.83871,6,813,0
80,384,-49.17948968,-7.207930714,28.01143,120.62756,28.01405,120.63301,4,4545,0
188,2023,4.79367134,-20.01865743,27.97988,120.63103,27.97172,120.61373,8,28,0
143,580,-42.45631605,8.296659657,28.04546,120.65895,28.02797,120.6552,7,3,0
608,1782,3.586379759,52.12580761,27.99367,120.69233,27.997236,120.700653,-1,198,0
1187,2508,13.40131672,-5.421133359,27.96331,120.66311,27.96724,120.66561,5,26189,0
609,2372,-26.42894628,-12.49628526,28.02096,120.62016,28.023805,120.597166,3,13,0
1528,2024,-23.45951903,6.210828586,28.01484,120.64575,28.01102,120.64355,3,6,0
1398,1399,-28.12595311,-28.9077003,28.02438,120.60303,28.024487,120.608733,3,731,0
1506,2569,-18.02342428,29.68290522,28.02799,120.66168,28.025414,120.669513,-1,14,0
979,1015,-23.04532442,-37.22852531,28.02921,120.59331,28.02245,120.61239,-1,28,0
615,2903,8.008634512,17.67256916,27.99109,120.67677,27.98648,120.68189,4,64,0
117,237,-27.08098515,-37.91928781,28.026108,120.592702,28.023421,120.592786,3,6152,0
296,857,61.61968047,-4.715936653,27.93013,120.81461,27.93632,120.80777,6,55,0
382,1521,-18.77031865,19.90819809,28.01967,120.6623,28.00551,120.66263,3,188,0
1576,2668,14.42923859,-28.66838621,27.970529,120.613192,27.94903,120.59549,-1,0,0
2012,2198,-33.29230124,-5.11457589,28.02392,120.644412,28.01139,120.622331,-1,9,0
2236,2633,8.452778283,13.45718667,27.9946,120.674,27.98511,120.67531,4,31,0
1622,1663,2.51693193,35.27798929,28.00126,120.6875,27.992659,120.68788,4,103,0
521,2452,-13.80819679,39.39275383,27.99979,120.66739,28.0105,120.66068,3,16,0
15,2295,-3.692268065,-17.63024292,27.97664,120.63227,27.99006,120.64119,-1,39,0
1015,1732,-22.93533119,-33.3341383,28.02245,120.61239,28.027103,120.600906,3,115,0
1904,2852,16.5847597,44.60773835,28.01361,120.68305,28.0076,120.724,7,35,0
259,1298,-30.91784096,-4.16306422,28.05022,120.66531,28.01943,120.636564,-1,25,0
1035,2351,19.19776802,-39.47417585,27.95025,120.60263,27.95215,120.60432,10,3705,0
187,1562,3.58674875,-55.72004577,27.99929,120.57877,27.99767,120.57531,8,99,0
704,816,-13.51298574,-0.798769925,28.001326,120.643433,28.000546,120.645436,3,86,0
1398,1503,-27.86583476,-41.63832147,28.02438,120.60303,28.0363,120.5857,-1,186,0
510,1981,-37.06083588,-37.96939608,28.04567,120.60077,28.04382,120.61146,-1,191,0
486,1682,46.04467971,26.29528599,27.97508,120.74612,27.96568,120.73665,10,177,0
550,1651,17.68889459,49.70385764,28.0076,120.72365,27.97707,120.74717,-1,33,0
1883,2177,-10.67704802,-44.12445185,28.02719,120.57728,28.024786,120.575538,9,184,0
619,1179,-17.12811775,18.92693211,28.01319,120.65921,28.01715,120.66124,3,2,0
1105,1515,-21.53331106,11.86524805,28.00791,120.64843,28.01034,120.65781,3,15,0
2219,2380,30.2479689,-44.43139292,27.88424,120.6382,27.87032,120.66347,3,33,0
1427,1948,39.03093204,17.99925106,27.98011,120.74983,27.96583,120.74971,10,104,0
530,2392,4.859801654,33.35021496,28.001624,120.691201,28.00878,120.68835,-1,14,0
1545,2785,-64.11868372,21.32300436,28.08567,120.71378,28.10399,120.70394,1,24,0
726,1054,-16.24268615,0.200757981,28.00074,120.64324,27.99918,120.641648,3,125,0
288,697,40.90572617,-24.4058295,27.92329,120.7048,27.92414,120.70279,3,36,0
979,2178,-17.80569988,-39.68498156,28.02921,120.59331,28.02937,120.59162,9,11,0
1089,2415,-34.35614511,10.60351763,28.02804,120.57818,28.02,120.655,-1,21,0
1749,2849,19.12864964,-32.700884,27.97581,120.57281,27.92064,120.57853,-1,39,0
408,1608,-57.76472347,-18.85839888,28.05042,120.6339,28.0453,120.65749,7,158,0
556,1119,2.173308343,-24.43256767,27.99014,120.62903,27.98495,120.62353,8,61,0
621,703,2.480360244,-50.52569549,27.98848,120.61075,27.99417,120.59982,8,3415,0
394,2609,-14.69681308,-27.91354397,28.029211,120.593311,28.01418,120.59753,3,47,0
332,1591,-3.382967847,55.02557327,28.00341,120.68731,28.00528,120.70899,-1,18,0
47,1376,35.64302333,18.42276185,27.97433,120.75967,27.99176,120.72451,-1,19,0
1110,2248,24.8424784,3.725790199,27.946867,120.69923,27.97512,120.69186,-1,4,0
1104,1790,-8.04662624,48.93326632,27.99923,120.67458,28.00243,120.67766,4,74,0
682,865,-36.84163039,-26.84397414,28.0412,120.629,28.0464,120.604,7,9,0
627,2666,-55.0824436,4.662217,28.0494,120.66193,28.04116,120.62863,7,2,0
618,1474,-18.74038047,-40.32061766,28.03155,120.59436,28.02436,120.58545,9,46,0
1938,2899,-44.72754106,24.40192552,28.01832,120.65141,28.02802,120.65472,-1,24,0
1279,2910,32.95796109,-42.95328266,27.89941,120.63473,27.896919,120.638597,3,137,0
1194,1582,25.39157811,-5.153468821,27.9573,120.67705,27.96936,120.67444,5,687,0
553,893,-15.16299018,39.67107751,27.999,120.66,28.00209,120.66254,3,77,0
500,1679,22.89479349,49.7352104,27.99978,120.7112,27.99338,120.70875,7,129,0
595,1149,-24.61068112,44.20185772,28.01681,120.67808,28.02051,120.67683,3,505,0
1101,1845,43.50241284,13.0835552,28.008865,120.778256,27.99406,120.72557,-1,88,0
1482,2955,-15.8162215,27.25799511,28.02168,120.67042,28.02188,120.66555,3,14,0
1587,2180,-22.4149803,8.261182888,28.00917,120.64028,27.98333,120.65125,-1,10,0
483,2628,-11.13377075,28.01599679,28.015482,120.68332,28.01511,120.67465,3,53,0
235,1731,-18.34179755,13.07301724,28.00874,120.65984,28.00652,120.64463,3,17,0
1098,2666,-57.73898011,-24.93953035,28.0475,120.62333,28.04116,120.62863,7,2293,0
1619,2331,34.88646734,-36.656383,27.920381,120.683202,27.92645,120.67635,3,237,0
2160,2864,46.23765012,19.40981695,27.9668,120.7548,27.9665,120.76112,10,16422,0
475,1134,-5.864148367,-21.74327679,27.98226,120.62389,27.99644,120.63354,8,158,0
332,2925,1.389179896,31.25256198,28.00341,120.68731,28.00248,120.68294,4,121,0
1605,2468,-28.94753073,9.515233505,28.01353,120.6398,28.022717,120.632107,3,50,0
573,1289,-30.40321814,19.19317911,28.014374,120.672952,28.0114,120.65314,3,15,0
584,606,-6.907568029,-12.45576562,27.99383,120.62841,28.004829,120.6409,-1,39,0
284,1348,37.50210845,-12.91200322,27.92764,120.69437,27.92776,120.69408,3,4637,0
428,1596,-45.39989401,14.62083717,28.02544,120.64799,28.027266,120.655901,7,49,0
1103,1749,13.60935754,-30.08784489,27.97694,120.62826,27.97581,120.57281,8,2,0
420,550,15.29875779,50.64603614,28.019477,120.715049,28.0076,120.72365,7,198,0
41,1698,10.36276993,-37.95778416,27.95746,120.61208,27.95861,120.665556,-1,2,0
31,2658,-34.28393792,-6.736370032,28.02343,120.63235,28.023438,120.62652,-1,23,0
1575,2890,-58.57540226,4.274413697,28.03973,120.6399,28.02424,120.6348,-1,10,0
1689,2745,-29.84511283,4.903595314,28.02095,120.64389,28.02921,120.62987,-1,0,0
2473,2483,-26.83310228,-18.08660923,28.022523,120.620372,28.02455,120.61196,3,35,0
1175,2939,-21.70170987,13.31407113,28.00978,120.65422,28.011397,120.653141,3,96,0
767,1351,-57.85360058,5.145665114,28.03954,120.64044,28.04387,120.63355,7,51,0
1806,2516,41.82562083,17.54068413,27.971111,120.759166,27.97841,120.73883,10,96,0
430,542,9.526398715,40.25673802,28.00437,120.69558,28.00788,120.70268,7,21,0
1331,2304,-42.62781844,-24.33781799,28.07361,120.61293,28.04617,120.63678,-1,46,0
1089,1444,-13.39898758,-41.31010501,28.02804,120.57818,28.019216,120.588125,9,14,0
338,477,32.83285527,27.85232393,27.978332,120.738888,27.994763,120.731284,-1,30,0
356,2286,31.69457376,11.33711963,28.03768,120.84172,28.06047,120.84031,2,0,0
1731,2682,-12.29413172,-1.266788854,28.00652,120.64463,27.99605,120.64769,3,15,0
658,2644,30.63805823,14.69882567,28.01872,120.79364,28.019199,120.784475,2,4,0
487,773,-6.478162136,43.17843118,27.98776,120.67428,27.989406,120.673557,4,9782,0
703,2445,3.181481282,-51.40749929,27.99417,120.59982,27.992515,120.595201,8,15827,0
69,1331,-45.17229287,-43.08003954,28.055285,120.609474,28.07361,120.61293,-1,162,0
422,984,23.40369309,51.6582475,28.00525,120.70299,28.002192,120.710532,7,94,0
55,2219,29.36693813,-45.64989458,27.85781,120.66563,27.88424,120.6382,3,10,0
362,1429,-23.7245862,-24.70278482,28.01738,120.60605,28.019912,120.604277,3,746,0
2003,2239,5.677784007,27.53135381,28.00191,120.67862,28.00222,120.68192,4,39,0
943,2901,33.90264058,41.37866242,27.98369,120.71502,27.97339,120.7071,-1,89,0
1005,1673,-31.82230433,28.84121958,28.00628,120.65332,28.00217,120.64577,3,42,0
273,1713,-28.21436949,-8.547146395,28.02613,120.64691,28.01567,120.62619,-1,39,0
1373,2507,-25.26954921,36.94349384,28.01793,120.66445,28.02519,120.66642,3,318,0
1683,2023,9.546168113,-36.44883249,27.95708,120.67304,27.97172,120.61373,-1,4,0
2213,2407,-41.55307894,-8.939393247,28.0397,120.63304,28.06561,120.63194,7,66,0
57,2766,-15.84642983,-21.76611638,28.00954,120.61511,28.01412,120.606248,-1,27,0
52,1697,68.68454373,-8.139052944,27.93816,120.80145,27.93044,120.81856,6,201,0
633,1549,28.58842879,47.59508059,27.98491,120.70392,27.98966,120.70619,-1,836,0
541,656,17.24562688,-41.56072534,27.96193,120.60948,27.96161,120.59217,10,229,0
690,1321,1.329294415,52.86481012,28.0021,120.68989,27.99863,120.68954,4,55,0
1956,2867,36.26619607,39.05821764,27.96946,120.72066,27.971116,120.71478,10,522,0
2137,2656,-40.32636689,6.069451544,28.04852,120.65349,28.024797,120.649708,7,9,0
2366,2418,25.67554729,-24.27487401,27.97973,120.67677,27.93672,120.67951,5,10,0
1956,2232,15.37176939,34.44764024,27.96946,120.72066,27.99607,120.71016,-1,27,0
1960,2792,-20.72656871,35.78160912,28.02089,120.67732,28.02302,120.66759,3,29,0
1895,2209,28.00339804,2.592771418,27.96905,120.70307,27.96734,120.67106,-1,145,0
1288,2272,42.15177181,-33.53697645,27.91607,120.69654,27.91974,120.69145,3,149,0
155,1888,67.06482662,5.775306677,27.90066,120.82456,27.89882,120.82105,6,3048,0
9,2428,0.063899169,3.329144095,27.99378,120.6501,27.98819,120.6531,-1,1021,0
815,1830,-12.28620176,-48.45623564,28.022225,120.579329,28.0362,120.58118,9,2,0
1256,2280,-26.06499127,7.960239876,28.01222,120.65195,28.01549,120.64822,3,25,0
1805,2214,21.92594021,0.298651249,27.970239,120.685696,27.9598,120.68203,5,86,0
5,1795,-67.48869152,15.87018143,28.05615,120.67115,28.05247,120.66674,7,670,0
994,1731,-33.07436549,27.11750813,28.01318,120.65352,28.00652,120.64463,3,24,0
1398,2588,-36.73864727,-30.16291623,28.02438,120.60303,28.02213,120.5743,-1,80,0
1460,2180,-2.309492113,-17.71822393,27.985304,120.632788,27.98333,120.65125,-1,108,0
2168,2844,-18.82710456,-25.4022818,28.02265,120.60445,28.0199,120.60572,3,37,0
2120,2229,-33.46836733,35.42782629,28.00312,120.65388,27.99852,120.65649,3,1554,0
334,1792,-0.172543364,-23.46741685,27.984462,120.62474,27.985149,120.627224,8,16,0
268,1255,-13.27401625,44.21921127,28.002086,120.662539,27.9997,120.67055,3,258,0
562,1647,42.4998446,-19.61584539,27.92439,120.70333,27.92515,120.70447,3,113,0
1233,2199,-21.29754975,-35.85303075,28.01428,120.58353,28.026587,120.594413,-1,0,0
234,691,-32.55326213,-9.173719389,28.01828,120.62547,28.05782,120.58736,-1,17,0
879,1560,-23.22394271,-40.67185693,28.03093,120.59305,28.034241,120.588717,9,199,0
2089,2366,7.11649856,-2.354001095,27.970224,120.651685,27.97973,120.67677,5,11,0
983,2567,8.454702021,-13.2543885,27.97699,120.64991,27.992138,120.656444,-1,7,0
71,2392,-8.979999604,31.76243687,28.01392,120.67932,28.00878,120.68835,-1,0,0
1259,1286,-22.2213414,9.312915798,28.00517,120.6494,28.01117,120.65006,3,0,0
570,2484,-30.89286995,-50.65281755,28.0722,120.5703,28.07449,120.5874,9,12,0
1028,1926,-17.48400029,51.71937565,28.01278,120.6749,28.01239,120.67322,3,113,0
841,1401,-44.39887343,4.778263703,28.0171,120.63698,28.01999,120.65209,3,93,0
975,1979,-13.19006875,49.42656176,28.00397,120.67029,28.00367,120.67052,3,694,0
259,2012,-52.97036398,1.761308603,28.05022,120.66531,28.02392,120.644412,-1,17,0
1033,2053,-19.98790533,-10.39986414,28.007951,120.626328,28.01003,120.63016,4,4626,0
1807,2379,-56.55590415,-11.90784793,28.040568,120.63282,28.04982,120.6511,7,32,0
120,1908,-21.13647417,-21.61424175,28.0183,120.607999,28.0141,120.60512,3,588,0
80,1510,-44.96983068,-4.127158009,28.01143,120.62756,28.023269,120.632426,-1,119,0
14,2507,-26.40519014,37.14255177,28.02496,120.66541,28.02519,120.66642,3,9854,0
509,692,1.365318927,-3.391246479,28.01374,120.68025,28.00622,120.6991,-1,3,0
48,895,34.32929608,15.83293958,28.01947,120.67661,28.03688,120.73858,-1,71,0
2157,2672,7.380437046,42.85394523,28.01324,120.69695,28.02026,120.69523,7,36,0
386,1977,-5.750138802,38.08051878,27.99487,120.67969,27.99753,120.67522,4,39,0
2288,2386,13.35117348,60.92605019,28.014173,120.713536,28.01849,120.70996,7,397,0
2418,2593,26.10893581,-8.706617278,27.93672,120.67951,27.96314,120.66947,5,9,0
1155,2913,57.71440245,4.004895697,27.9164,120.82583,27.92081,120.81459,6,13,0
648,2250,42.31535343,-15.63216587,27.92779,120.69413,27.92446,120.6923,3,165,0
200,1782,8.061642266,50.64913089,28.00223,120.70203,27.997236,120.700653,7,10,0
1047,2359,11.02580631,31.3846375,28.00475,120.69418,28.00191,120.70463,7,8,0
53,1837,-4.963416698,-17.46010026,27.98833,120.64222,27.98603,120.63754,8,401,0
178,2801,-43.1694176,28.71510218,28.01444,120.65108,28.01569,120.65545,3,604,0
1511,1865,42.7959171,33.77244508,27.97302,120.73654,27.97506,120.73909,10,5160,0
1282,1502,-1.243903399,12.8243027,27.99298,120.66592,27.991292,120.664871,4,30,0
480,1193,-18.03216103,-14.69975481,28.00513,120.61333,28.005085,120.614834,4,93,0
1124,2592,57.79831968,-3.877899525,27.92529,120.82185,27.93254,120.82423,6,70,0
87,127,39.01781169,-35.8366727,27.92144,120.6877,27.9207,120.68866,3,372,0
1085,2542,-30.68050701,-26.98776694,28.0257,120.6129,28.01903,120.61189,3,140,0
422,2263,-10.81937998,9.590067472,28.00525,120.70299,28.00726,120.65848,-1,73,0
1613,2675,6.293697396,57.2212961,28.00291,120.69868,28.0028,120.699,7,64,0
57,1419,-19.50932523,-16.24481709,28.00954,120.61511,28.01125,120.62553,4,123,0
1050,1935,9.810928118,1.572582899,27.976339,120.671208,27.97505,120.67499,5,109,0
9,2914,-33.10693624,-0.311887258,27.99378,120.6501,28.01922,120.64427,3,9,0
1926,2628,-29.00555737,45.52074368,28.01239,120.67322,28.01511,120.67465,3,1957,0
1312,2602,-16.98368833,-45.06306153,28.023857,120.581022,28.041463,120.586511,9,6,0
574,684,31.75318401,-14.21359885,27.93368,120.71241,27.88258,120.62827,3,6,0
643,761,-58.02865905,0.22454234,28.04355,120.65147,28.02569,120.64175,7,45,0
623,1454,26.77106772,-22.87414095,27.94373,120.68649,27.92271,120.7068,-1,5,0
759,2937,40.20085947,25.97886482,27.97238,120.74249,27.97398,120.7324,10,89,0
1260,1335,63.18201122,-14.53903075,27.91444,120.83278,27.92006,120.82563,6,2706,0
684,2458,29.00238631,-44.83103634,27.88258,120.62827,27.85734,120.67149,3,16,0
2055,2198,-45.08640814,-3.592634362,28.02288,120.63142,28.01139,120.622331,-1,6,0
227,1338,-59.32400079,-20.38847423,28.05333,120.63083,28.056963,120.625239,7,5669,0
1600,1706,43.39293108,-27.54472649,27.92162,120.70502,27.9208,120.70586,3,2383,0
556,724,-4.408286192,-14.42207802,27.99014,120.62903,27.99279,120.64931,-1,34,0
405,850,-4.032129396,43.16312859,27.989232,120.680662,27.99186,120.67498,4,528,0
176,2150,-35.86926875,-28.0702755,28.02521,120.6105,27.99711,120.58895,3,7,0
1926,2025,-7.112640833,28.52348164,28.01239,120.67322,28.01171,120.67308,3,124,0
928,1020,25.96099431,49.77315018,27.99601,120.708,28.00029,120.70357,7,39,0
789,1837,-5.363295332,-17.68601429,27.99022,120.63948,27.98603,120.63754,8,590,0
234,1398,-29.21831536,-11.3175839,28.01828,120.62547,28.02438,120.60303,-1,72,0
449,599,31.87915614,-2.262239838,27.93173,120.70133,27.97321,120.72684,-1,0,0
600,1605,-35.88119878,18.17666877,28.00892,120.64776,28.01353,120.6398,3,64,0
835,2465,33.7097237,-50.86252519,27.87789,120.68776,27.88796,120.64935,3,99,0
2297,2886,38.24645203,-18.03019195,27.92659,120.71116,27.937481,120.703179,3,13,0
1577,2746,-36.67690908,-18.79784482,28.04175,120.58651,28.03863,120.61579,-1,0,0
2342,2564,33.15573604,21.86343916,27.96902,120.74658,27.96169,120.70433,10,10,0
1435,2921,-53.23298984,-19.64982508,28.046174,120.636789,28.04626,120.62812,7,123,0
515,1767,4.050928676,-14.08034306,27.96781,120.62801,27.97914,120.65482,-1,17,0
1388,2657,-33.41850367,17.43634745,28.01822,120.64711,28.02002,120.64857,3,26,0
1217,2745,-39.33075483,-1.297714851,28.02385,120.64132,28.02921,120.62987,-1,10,0
794,1337,16.96881092,-48.66541645,27.96834,120.57402,27.9422,120.581,-1,284,0
286,646,-16.57300647,30.75866421,28.02291,120.67565,28.02101,120.67872,3,22,0
412,859,30.45961845,-37.11612871,27.91108,120.67813,27.95386,120.68203,-1,4,0
1110,2366,37.55823141,-14.82967993,27.946867,120.69923,27.97973,120.67677,5,4,0
1676,2597,-9.018261579,42.15478996,27.99435,120.67119,27.993358,120.671015,4,239,0
2226,2660,52.10087094,-10.57544478,27.95539,120.82859,27.9602,120.81638,6,449,0
1194,2793,28.36056641,-6.095915382,27.9573,120.67705,27.96841,120.73048,-1,26,0
1904,1926,-10.82109627,31.62664508,28.01361,120.68305,28.01239,120.67322,-1,0,0
362,2575,-17.11301927,-24.63342069,28.01738,120.60605,28.02926,120.59028,-1,30,0
624,916,-14.32637052,18.47952904,28.01854,120.66394,28.01381,120.65692,3,0,0
212,2243,49.68687549,0.590721879,27.95491,120.7872,27.94879,120.80808,2,38,0
491,2452,-17.17773409,15.47975981,28.014866,120.661141,28.0105,120.66068,3,37,0
1759,2087,-20.02294648,32.31376538,28.018481,120.682668,28.02363,120.66164,3,38,0
2167,2200,-65.33053216,9.417821587,28.0438,120.65797,28.03746,120.65611,7,1270,0
160,279,36.51391598,32.88582085,27.97864,120.71467,27.98465,120.73383,10,268,0
365,1774,0.279213972,3.773719837,27.98328,120.65734,27.99094,120.65242,-1,1030,0
68,293,-33.85501721,-9.180113264,28.02467,120.61708,28.02476,120.635142,3,7,0
475,1667,5.67920004,-40.82590351,27.98226,120.62389,27.93583,120.61337,8,54,0
1451,2622,-49.36906889,-15.09045278,28.06263,120.67157,28.0547,120.64565,7,7,0
916,2914,-29.69430009,12.11308579,28.01381,120.65692,28.01922,120.64427,3,38,0
950,1576,6.896439223,-31.62123107,27.98069,120.61263,27.970529,120.613192,8,10,0
2336,2832,74.68374776,9.356741195,27.87937,120.8036,27.8881,120.80006,6,1477,0
1049,1992,-29.18372482,31.6652304,28.00814,120.66242,28.00371,120.66093,3,18,0
2812,2879,-63.37201809,1.908821696,28.03998,120.64414,28.040077,120.644167,7,28,0
1701,2255,0.064278803,27.85104911,27.99766,120.68,27.99861,120.67972,4,18,0
1256,2421,-24.16552344,10.80878235,28.01222,120.65195,28.014321,120.650131,3,125,0
2479,2803,37.89111568,3.993662583,27.95756,120.72822,27.96758,120.73351,10,111,0
739,2391,26.11949391,11.81344945,28.0287,120.8004,28.034242,120.80361,2,6232,0
1052,1682,39.57533838,35.45317908,27.97486,120.72843,27.96568,120.73665,10,1296,0
1723,1977,-15.18206514,52.89896251,28.01437,120.67295,27.99753,120.67522,-1,458,0
907,1052,32.11965143,28.32661301,27.9842,120.72674,27.97486,120.72843,-1,23,0
59,409,53.30364371,8.056963487,27.90238,120.80278,27.95855,120.75661,-1,0,0
2328,2649,68.9795518,11.91820558,27.88837,120.81206,27.88565,120.80804,6,29,0
482,599,47.40907113,27.67735477,27.97359,120.74776,27.97321,120.72684,10,805,0
1257,2387,2.03305531,-37.28800374,27.97868,120.57877,27.9665,120.57004,8,142,0
623,2342,31.99675098,-6.817797304,27.94373,120.68649,27.96902,120.74658,-1,31,0
849,1411,-32.56080949,19.51428001,28.01215,120.65165,28.0124,120.650632,3,40,0
398,919,-18.37899606,16.42613097,28.01337,120.65986,28.01517,120.66789,3,20,0
1098,1494,-50.20270235,-19.07065139,28.0475,120.62333,28.04977,120.64759,7,73,0
2408,2469,33.72329961,19.41592051,27.97638,120.75557,28.00923,120.72917,-1,3,0
1560,2784,-44.89003058,-33.26908133,28.034241,120.588717,28.05184,120.61542,-1,104,0
1398,1981,-50.27249079,-36.95215288,28.02438,120.60303,28.04382,120.61146,-1,1196,0
436,893,-6.390365437,20.7610203,28.01004,120.66769,28.00209,120.66254,3,10,0
627,2644,-60.46952343,14.960729,28.0494,120.66193,28.019199,120.784475,-1,3,0
1753,2023,9.845207502,-28.61608552,27.96526,120.65283,27.97172,120.61373,-1,25,0
2099,2255,4.93599307,24.9009281,27.99084,120.68506,27.99861,120.67972,4,4,0
138,2503,6.859411362,47.05064474,28.04427,120.69476,28.02203,120.68689,7,61,0
300,2835,41.29264777,18.78654625,27.9685,120.75992,27.94411,120.78597,-1,0,0
2128,2775,75.67131901,8.244205178,27.8883,120.80901,27.88321,120.80518,6,2235,0
1483,1800,21.50155192,27.91174937,27.9897,120.71206,27.987621,120.722773,7,10,0
409,2904,47.66383186,-3.717951673,27.95855,120.75661,27.95985,120.77797,-1,78,0
1205,1360,6.819844292,37.05381856,27.99429,120.69956,27.993854,120.698744,4,21,0
1335,2625,63.35455301,9.296871961,27.92006,120.82563,27.89938,120.82864,6,107,0
244,874,-47.14389657,-13.71037498,28.08021,120.69711,28.04411,120.64767,-1,8,0
476,1563,40.32211408,-30.07401464,27.92198,120.70229,27.92204,120.69661,3,333,0
1166,2330,10.44018883,-36.96588774,27.95794,120.60138,27.9967,120.60336,-1,0,0
1416,2544,-22.8584548,9.532326788,28.01137,120.64581,28.01046,120.64997,3,59,0
72,2103,8.145764999,-49.03648249,27.97367,120.59704,27.98211,120.59701,8,37101,0
1152,1249,-18.96372442,6.358066309,28.013647,120.656985,28.00533,120.6479,3,37,0
1939,2354,3.507432173,27.85938491,28.00197,120.68016,28.005487,120.689347,4,14,0
545,1086,5.895220022,-3.101170515,27.96676,120.65937,27.960187,120.662923,5,34,0
86,1506,-39.05460821,18.91076899,28.01563,120.65181,28.02799,120.66168,-1,27,0
982,2046,69.02744444,10.99686667,27.87452,120.79789,27.88702,120.81085,6,138,0
600,2280,-23.25904546,9.69863247,28.00892,120.64776,28.01549,120.64822,3,26,0
214,1923,-8.289504238,-8.025220388,28.01125,120.625528,27.99631,120.64437,-1,0,0
1446,1603,15.99214804,-30.79574334,27.98015,120.60519,27.94403,120.59556,-1,112,0
1474,1708,-13.3286774,-33.22881802,28.02436,120.58545,28.02381,120.59717,-1,67,0
188,1139,-2.385939718,-22.53147023,27.97988,120.63103,27.988544,120.62822,8,284,0
335,1999,23.66019734,-9.682068142,27.93483,120.66784,27.91395,120.70028,-1,117,0
574,775,34.57069155,-12.55265955,27.93368,120.71241,27.9189,120.64478,3,37,0
2453,2827,-45.86719066,-39.19670342,28.04644,120.60417,28.05657,120.60001,7,1416,0
692,1457,13.60569327,32.56870104,28.00622,120.6991,27.99566,120.715,7,14,0
369,628,60.01109494,-13.04396881,27.9277,120.83323,27.92742,120.82878,6,13761,0
442,2222,59.95620767,-10.12901866,27.92124,120.83163,27.92255,120.8311,6,299,0
604,1169,-21.84861699,-24.9345567,28.015777,120.594444,28.01606,120.6036,3,2084,0
936,1354,-46.87007466,-0.63530672,28.02145,120.63334,28.01757,120.6318,-1,94,0
404,2425,21.04938224,57.68998715,28.00043,120.72422,28.001305,120.717516,7,208,0
1236,2467,-40.19222236,-1.267308809,28.02581,120.63956,28.025613,120.638246,7,32,0
1399,1736,-50.0637543,-34.03347857,28.024487,120.608733,28.029592,120.6244,-1,242,0
1858,2398,28.878375,-27.52312783,27.92336,120.69364,27.923249,120.687804,3,18,0
1422,2881,23.35190908,55.23681238,28.00506,120.71172,28.00606,120.714808,7,1559,0
5,895,-67.81143243,17.37547993,28.05615,120.67115,28.03688,120.73858,7,0,0
942,2488,28.81833727,18.00762999,28.021266,120.794656,28.01749,120.80122,2,3236,0
2449,2775,67.04575944,12.9851083,27.8763,120.82073,27.88321,120.80518,6,63,0
1769,1782,8.038267238,55.97734176,27.998722,120.707177,27.997236,120.700653,7,1866,0
1837,1870,-5.238949825,-18.95476742,27.98603,120.63754,27.99576,120.6574,-1,571,0
972,2297,30.4492399,-17.90442089,27.94366,120.68317,27.92659,120.71116,-1,78,0
1544,2904,49.35584628,-3.7832821,27.94688,120.81569,27.95985,120.77797,-1,113,0
1049,1239,2.13079455,8.950080275,28.00814,120.66242,27.87124,120.64996,3,7,0
48,399,-16.27571334,29.66904918,28.01947,120.67661,28.02201,120.67908,3,92,0
644,1176,-22.4547613,17.75542596,28.01278,120.65944,28.01711,120.65265,3,77,0
128,2581,-36.04231723,10.02253714,28.0248,120.64971,28.020019,120.648575,-1,2,0
919,2894,-18.15681388,24.03823646,28.01517,120.66789,28.01941,120.67004,3,27,0
1506,1605,-25.67468815,7.087997724,28.02799,120.66168,28.01353,120.6398,-1,12,0
1380,2285,-8.371389602,54.15729298,28.00675,120.68244,28.0089,120.67777,4,123,0
672,2023,11.9513937,-44.68955856,27.96719,120.59359,27.97172,120.61373,8,70,0
510,2132,-21.23241454,-54.01452436,28.04567,120.60077,28.043908,120.588971,9,58,0
2427,2755,0.873482208,31.56538118,28.0086,120.6772,27.99953,120.68067,4,17,0
1376,2279,24.25795527,43.46961887,27.99176,120.72451,27.98388,120.70501,-1,10,0
983,1871,9.088717498,-16.29132267,27.97699,120.64991,27.96874,120.65488,5,853,0
1428,2049,-49.39191504,-4.577442294,28.02259,120.62662,28.01711,120.63167,-1,183,0
748,2297,45.94765234,-26.11009302,27.9266,120.711,27.92659,120.71116,3,23983,0
224,2099,-7.997557206,24.96619684,28.01492,120.66976,27.99084,120.68506,-1,16,0
669,1620,-49.85685621,-7.868662137,28.01255,120.63174,28.01578,120.62194,4,150,0
287,2797,-4.636376008,-23.35980164,27.986822,120.630326,27.987898,120.629043,8,526,0
439,2656,-46.56615926,18.33074827,28.02332,120.64816,28.024797,120.649708,-1,954,0
1385,1981,-57.48340267,-20.32554119,28.05153,120.62762,28.04382,120.61146,7,101,0
780,2536,2.945480921,27.75537663,28.01006,120.68043,28.00726,120.6775,4,11,0
86,1812,-41.74905342,23.20914868,28.01563,120.65181,28.01671,120.64947,3,140,0
746,2237,38.30643201,-14.41668619,27.94545,120.66986,27.92797,120.69797,-1,116,0
1587,1938,-23.10398183,4.083418537,28.00917,120.64028,28.01832,120.65141,3,32,0
1885,2399,18.61616721,-41.12945843,27.96887,120.61609,27.951096,120.598666,-1,12,0
371,2726,62.06394782,-3.692269697,27.93031,120.80753,27.9296,120.80677,6,74,0
994,1779,-39.64653074,29.15415504,28.01318,120.65352,28.01179,120.65261,3,386,0
1930,2010,-3.922546276,48.40151963,27.99704,120.68015,27.99742,120.68104,4,722,0
31,1565,-50.57063461,-0.919536957,28.02343,120.63235,28.03749,120.6251,-1,46,0
2048,2883,-37.36671846,-54.37258814,28.07875,120.58356,28.079318,120.572831,9,504,0
1514,2200,-62.66509353,2.87030828,28.039838,120.650314,28.03746,120.65611,7,162,0
763,1948,38.23414747,25.66409271,27.97775,120.74248,27.96583,120.74971,10,5,0
202,1760,-18.72196044,12.64774666,28.0087,120.65515,28.01143,120.64969,3,34,0
155,2625,67.19056225,5.797606644,27.90066,120.82456,27.89938,120.82864,6,9831,0
387,2085,-21.88591961,-49.8240933,28.0246,120.58292,28.04973,120.58807,9,18,0
566,1499,6.228618404,31.94321233,28.0085,120.68531,28.00636,120.69525,-1,7,0
1507,1679,26.80558038,40.5313538,27.990045,120.706877,27.99338,120.70875,7,0,0
672,2454,9.557829223,-27.81310525,27.96719,120.59359,27.89775,120.56197,-1,4,0
1360,2279,26.93942312,44.41716056,27.993854,120.698744,27.98388,120.70501,4,65,0
1724,2469,14.94767183,49.06882151,28.00258,120.70728,28.00923,120.72917,7,105,0
422,2157,6.222614901,60.94536024,28.00525,120.70299,28.01324,120.69695,7,15,0
1731,2170,-13.36747059,-2.624176909,28.00652,120.64463,28.00475,120.642741,3,188,0
46,343,-56.98291874,-28.33612065,28.04917,120.61056,28.03943,120.62365,7,2906,0
1082,1433,-42.26071267,22.03267493,28.016688,120.655528,28.015196,120.648057,3,342,0
455,1022,21.89672227,33.98545183,27.992983,120.713162,27.99539,120.7173,7,3,0
149,2899,-25.28342637,22.50193157,28.01646,120.65935,28.02802,120.65472,-1,22,0
490,2602,-36.81907012,-31.58189817,28.00307,120.6298,28.041463,120.586511,-1,6,0
1365,1911,35.04065618,35.57147121,27.982061,120.727042,27.97773,120.72673,-1,189,0
1605,2053,-48.17543781,5.320507095,28.01353,120.6398,28.01003,120.63016,-1,257,0
595,2392,-9.608581235,29.61034047,28.01681,120.67808,28.00878,120.68835,-1,4,0
486,2882,45.42544911,25.42441951,27.97508,120.74612,27.970769,120.742755,10,196,0
136,1416,-39.84127269,24.08252866,28.01434,120.65091,28.01137,120.64581,3,131,0
2323,2745,-38.89097321,2.677519167,28.02463,120.6447,28.02921,120.62987,7,0,0
410,2496,52.9558053,-8.549127767,27.95123,120.82795,27.94412,120.76969,-1,86,0
1172,1653,-34.95297565,29.46032978,28.00805,120.65442,28.00714,120.65555,3,217,0
574,1284,37.2561667,-9.625988721,27.93368,120.71241,27.94439,120.71319,-1,217,0
1198,1577,-21.9138445,-38.66469671,28.0332,120.591,28.04175,120.58651,9,63,0
327,2323,-35.57055982,8.899869397,28.02432,120.64367,28.02463,120.6447,-1,20,0
1112,2784,-56.06982785,-32.26990233,28.05274,120.62436,28.05184,120.61542,7,3964,0
572,1251,9.199506639,-58.17184509,27.99271,120.56614,27.97825,120.55286,8,317,0
1557,1584,70.46787492,5.029062808,27.90165,120.81193,27.89209,120.81396,6,1587,0
627,678,-43.57926053,-16.08133512,28.0494,120.66193,28.04554,120.65654,7,25,0
1788,2717,-41.84348501,10.23338082,28.02779,120.65438,28.024111,120.656361,-1,49,0
421,1601,54.29203757,-7.401705639,27.91626,120.8268,27.94796,120.8414,6,313,0
950,1460,1.239198666,-28.3774589,27.98069,120.61263,27.985304,120.632788,8,219,0
975,2599,-12.76522461,47.59329822,28.00397,120.67029,28.00304,120.66839,3,535,0
770,1600,43.10061771,-25.57439908,27.921591,120.704296,27.92162,120.70502,3,819,0
349,1108,42.92624246,-21.63275923,27.92317,120.70288,27.924685,120.69711,3,262,0
204,2963,-2.812198636,-27.31866085,27.99015,120.62566,27.98802,120.61588,8,379,0
1054,2094,-5.248072795,-6.59281575,27.99918,120.641648,27.992,120.60987,-1,6,0
46,2246,-53.34496878,-32.17212899,28.04917,120.61056,28.04353,120.61647,7,3410,0
48,2955,-21.66224646,37.34588653,28.01947,120.67661,28.02188,120.66555,3,358,0
1005,1072,-32.93981805,29.59480002,28.00628,120.65332,28.00679,120.65524,3,185,0
159,1194,25.21513815,-13.0339385,27.94833,120.66804,27.9573,120.67705,5,11754,0
2425,2690,14.48321924,39.51436702,28.001305,120.717516,28.00749,120.70643,7,19,0
3,958,-20.10212572,-56.05827298,28.03927,120.5877,28.04944,120.58116,9,402,0
1012,2602,-15.90447976,-48.11130954,28.04376,120.56894,28.041463,120.586511,9,34,0
925,2715,-13.48335571,39.65924561,28.00554,120.66603,27.99435,120.66326,-1,38,0
1021,1698,12.10372571,-28.27041069,27.96668,120.62461,27.95861,120.665556,-1,0,0
2142,2305,40.96093978,19.52639637,27.98684,120.71242,27.98543,120.73922,-1,34,0
504,2270,24.48076154,17.39028278,28.05578,120.81463,28.05695,120.78536,2,297,0
812,1401,-27.38736872,12.10156653,28.01375,120.6551,28.01999,120.65209,3,42,0
1651,2673,39.78858457,25.27167938,27.97707,120.74717,27.96916,120.74277,10,75,0
1522,2241,38.96159775,41.57906867,27.987423,120.723357,27.98751,120.72346,7,1307,0
605,2575,-12.39842669,-43.41941427,28.0258,120.57913,28.02926,120.59028,9,259,0
1082,2528,-46.18028301,28.19550574,28.016688,120.655528,28.023744,120.653645,-1,469,0
1695,2938,-13.79247043,-34.22999812,28.02937,120.5775,28.02158,120.59654,-1,8,0
868,2140,-16.93985818,50.64048127,28.01279,120.66871,28.01066,120.66821,3,137,0
627,2890,-68.49565362,4.242629498,28.0494,120.66193,28.02424,120.6348,-1,21,0
61,2190,11.54155337,13.43955294,28.00969,120.67408,27.98235,120.67423,-1,4,0
1695,2175,-13.21398811,-45.46240404,28.02937,120.5775,28.025465,120.585303,9,56,0
1562,1966,5.468922393,-55.97971598,27.99767,120.57531,27.99619,120.58337,8,2442,0
1110,2793,29.2659646,-5.551379852,27.946867,120.69923,27.96841,120.73048,-1,280,0
545,2543,9.800661889,5.876932455,27.96676,120.65937,27.978448,120.671401,5,134,0
3,1610,-33.31585697,-38.67089027,28.03927,120.5877,28.05249,120.60567,-1,13,0
823,1980,23.01993356,-14.24932194,27.9511,120.66043,27.9546,120.667,5,35736,0
1319,1388,-27.41782581,5.324525742,28.01152,120.65068,28.01822,120.64711,3,4,0
1767,2778,-5.872920724,-8.125552481,27.97914,120.65482,27.99859,120.64039,-1,77,0
603,1753,11.22477296,-26.95202459,27.97164,120.62661,27.96526,120.65283,-1,8,0
1285,1351,-58.11384487,-29.69008082,28.04108,120.61641,28.04387,120.63355,7,200,0
1378,1511,37.67932949,29.49213284,27.9833,120.74401,27.97302,120.73654,10,76,0
1783,1871,8.84470606,-6.872562594,27.96607,120.65206,27.96874,120.65488,5,104,0
410,1129,53.57491433,-3.722716143,27.95123,120.82795,27.91593,120.8267,6,12,0
1950,2305,35.01229236,33.65864732,27.99139,120.71952,27.98543,120.73922,-1,410,0
372,521,-4.167199947,16.86092754,27.99629,120.68028,27.99979,120.66739,-1,14,0
608,1326,6.27179453,34.74815354,27.99367,120.69233,28.0011,120.69646,-1,90,0
2099,2928,-3.31398602,44.91375453,27.99084,120.68506,27.99271,120.68075,4,378,0
1453,2129,-5.344855392,-13.98887979,27.99832,120.6366,27.98951,120.64774,-1,86,0
1373,2794,-36.01866457,41.18066624,28.01793,120.66445,28.01525,120.66602,3,234,0
729,1085,-31.0869703,-27.68226907,28.02336,120.60588,28.0257,120.6129,3,35,0
1818,1982,21.5870669,29.85378126,27.98955,120.71298,27.98851,120.70899,7,4,0
1391,1805,18.56661322,1.083207033,27.95467,120.69939,27.970239,120.685696,-1,75,0
619,2544,-18.0214086,15.15187129,28.01319,120.65921,28.01046,120.64997,3,41,0
1139,2797,-0.983033301,-22.96982203,27.988544,120.62822,27.987898,120.629043,8,52,0
560,820,12.31276576,55.37632949,28.016323,120.703784,28.00789,120.70721,7,221,0
1271,2729,-56.32926313,-15.97803896,28.047627,120.634779,28.05359,120.63947,7,225,0
264,1546,-20.10334584,20.59196259,28.01535,120.66232,28.014012,120.66431,3,9,0
237,1654,-18.08765755,-31.76964901,28.023421,120.592786,28.02792,120.60131,3,224,0
1963,2890,-40.78862561,3.777455501,28.050194,120.692298,28.02424,120.6348,-1,2,0
1290,1449,-9.287511557,27.34314106,28.003203,120.691994,28.01592,120.69364,7,27,0
1394,2471,-4.219927265,22.61675517,27.99572,120.672658,28.00877,120.66836,-1,99,0
436,1322,4.495481683,40.77019127,28.01004,120.66769,28.00798,120.69032,-1,98,0
477,1679,28.77124016,35.9688113,27.994763,120.731284,27.99338,120.70875,7,4,0
408,1560,-37.0763851,-28.12378865,28.05042,120.6339,28.034241,120.588717,-1,3,0
727,1499,6.012564653,32.97867023,28.00933,120.69355,28.00636,120.69525,7,34,0
341,1054,-8.875794439,-14.23955047,27.98975,120.64468,27.99918,120.641648,-1,30,0
529,2427,-0.344130733,28.9663946,28.01174,120.68077,28.0086,120.6772,-1,78,0
2223,2303,66.01054404,-4.728249964,27.922663,120.824735,27.90821,120.80227,6,56,0
697,2696,39.39420686,-24.60210577,27.92414,120.70279,27.92345,120.70485,3,90,0
1497,2116,-20.35543527,-48.9154477,28.042251,120.587483,28.04925,120.60197,-1,5,0
293,2528,-30.50865489,-1.302501395,28.02476,120.635142,28.023744,120.653645,-1,26,0
2756,2819,11.59172779,19.69034319,27.98645,120.68772,27.98575,120.68281,4,47,0
270,2284,-12.48136803,30.0404445,28.01764,120.68649,28.02084,120.67866,-1,36,0
2354,2392,-0.80289041,56.60580466,28.005487,120.689347,28.00878,120.68835,-1,217,0
104,1400,-20.00418168,-31.68495317,28.0211,120.601,28.01833,120.60806,3,87,0
46,651,-40.58227213,-33.9652167,28.04917,120.61056,28.05562,120.60146,7,109,0
257,2484,-36.67513696,-56.76577951,28.076984,120.602335,28.07449,120.5874,9,4034,0
1340,2373,-1.627070398,3.678169848,27.99419,120.65338,27.99672,120.65264,3,451,0
1867,2099,-2.305769323,40.77729729,27.9905,120.6805,27.99084,120.68506,4,277,0
936,1596,-47.03080947,1.940668682,28.02145,120.63334,28.027266,120.655901,-1,38,0
1103,1204,15.69684367,-38.8962789,27.97694,120.62826,27.94777,120.6125,-1,213,0
2061,2758,11.99703796,18.58168165,27.98839,120.68338,27.98519,120.67735,4,157,0
204,2281,2.433442031,-22.27838132,27.99015,120.62566,28.00143,120.63625,-1,15,0
2299,2853,-2.1111932,-35.43424827,28.00512,120.57293,27.97599,120.59211,8,9,0
941,1679,21.91593082,32.5052943,27.99057,120.71338,27.99338,120.70875,7,52,0
850,2201,1.171429205,26.03705715,27.99186,120.67498,27.99446,120.68161,4,39,0
1610,1927,-45.95263156,-25.25898917,28.05249,120.60567,28.04626,120.62785,7,195,0
343,1894,-39.8286832,-21.3276236,28.03943,120.62365,28.044511,120.621742,7,93,0
915,2650,-23.8918548,39.89378024,28.024778,120.671965,28.024386,120.675309,3,455,0
27,2736,12.48627794,53.52592092,28.00949,120.71444,28.008768,120.696683,7,59,0
364,2776,-9.026279474,-32.55794741,28.01704,120.5833,28.01919,120.588,9,4,0
1401,2213,-41.11120393,-9.659041317,28.01999,120.65209,28.0397,120.63304,-1,2,0
687,2451,12.01692483,38.81594041,28.006318,120.696659,28.01596,120.72171,7,5,0
552,2154,47.5181432,21.61277222,27.96536,120.74141,27.96748,120.75293,10,1352,0
136,178,-40.87860143,24.81334082,28.01434,120.65091,28.01444,120.65108,3,1104,0
369,1601,55.04909416,-9.63601462,27.9277,120.83323,27.94796,120.8414,6,163,0
846,883,16.78835483,45.90700652,28.00453,120.74869,27.99238,120.73064,7,5,0
464,823,21.58157143,-13.29748768,27.9659,120.64111,27.9511,120.66043,-1,9,0
1807,2879,-40.37883859,-16.0102322,28.040568,120.63282,28.040077,120.644167,7,0,0
113,1286,-22.56695032,1.25815941,28.01211,120.63736,28.01117,120.65006,3,2,0
2180,2508,11.49754388,-4.606450867,27.98333,120.65125,27.96724,120.66561,5,15,0
426,1689,-42.32865029,2.150224609,28.025933,120.641498,28.02095,120.64389,-1,171,0
19,2224,7.397081873,7.525412504,27.98443,120.66958,27.98445,120.67253,4,22445,0
1580,1911,38.67343559,38.12901056,27.97711,120.72623,27.97773,120.72673,10,1717,0
298,2005,37.35432242,-30.81325424,27.92054,120.70164,27.92325,120.6878,3,111,0
1089,1398,-14.13956339,-42.82683586,28.02804,120.57818,28.02438,120.60303,-1,33,0
176,2575,-20.95321046,-35.20945475,28.02521,120.6105,28.02926,120.59028,-1,42,0
2446,2715,-10.70955295,43.33922154,27.98763,120.66308,27.99435,120.66326,4,7491,0
382,2278,-28.24165674,22.75249782,28.01967,120.6623,28.0258,120.65965,-1,147,0
621,1123,8.427616885,-34.03384451,27.98848,120.61075,27.96552,120.64757,-1,0,0
1433,2294,-35.18511589,15.29857517,28.015196,120.648057,28.017358,120.65303,3,72,0
823,2405,21.34655824,-12.68944728,27.9511,120.66043,27.96984,120.68551,5,47,0
57,1671,-15.48728066,-9.031897844,28.00954,120.61511,28.00231,120.63401,-1,4,0
43,761,-43.97157067,3.836871399,28.023236,120.644174,28.02569,120.64175,-1,51,0
1021,1643,7.754292379,-41.79312101,27.96668,120.62461,27.98054,120.61279,8,126,0
171,1432,-8.509247452,-7.354453095,28.00072,120.63977,28.00892,120.62295,-1,0,0
69,1500,-44.72057622,-27.33305651,28.055285,120.609474,28.05006,120.62061,7,23,0
1051,2860,-36.54755398,-26.20796227,28.04252,120.60963,28.0702,120.62208,-1,0,0
1179,2617,-21.87131392,21.0571872,28.01715,120.66124,28.02136,120.65561,3,59,0
2051,2779,63.04185548,3.582365592,27.91544,120.83871,27.9069,120.82629,6,326,0
2361,2532,26.19590229,15.19787328,28.03623,120.76776,28.03232,120.78261,-1,42,0
252,1709,34.8572504,18.95855438,27.9874,120.73534,27.97034,120.76311,10,0,0
343,1899,-50.4736868,-26.15480936,28.03943,120.62365,28.06248,120.60338,-1,522,0
659,2541,4.36824588,-51.22236974,27.98025,120.58452,27.99417,120.59987,8,197,0
2017,2149,20.20640771,7.821949883,27.97928,120.68909,27.98472,120.69611,4,185,0
720,2074,41.19880586,19.1170498,27.97976,120.74186,27.986124,120.709577,-1,0,0
191,2508,22.24657671,-3.261642646,27.96628,120.68116,27.96724,120.66561,5,87,0
1460,1998,-4.212982036,-20.71655138,27.985304,120.632788,27.987217,120.623164,8,248,0
291,2581,-30.55105589,9.442841389,28.023257,120.659016,28.020019,120.648575,3,110,0
279,477,40.18795698,43.49026896,27.98465,120.73383,27.994763,120.731284,-1,1168,0
202,268,-17.17237492,43.25335251,28.0087,120.65515,28.002086,120.662539,3,135,0
994,1005,-34.77877901,26.53413334,28.01318,120.65352,28.00628,120.65332,3,413,0
2010,2756,-2.945012299,47.28910813,27.99742,120.68104,27.98645,120.68772,4,259,0
959,2180,-30.35947721,31.87035425,28.009115,120.657413,27.98333,120.65125,-1,32,0
1351,1984,-39.57949203,-11.00933783,28.04387,120.63355,28.039803,120.642004,7,3,0
1232,2622,-69.92596896,8.348915965,28.04357,120.651564,28.0547,120.64565,7,169,0
1759,2968,-41.02719488,8.647414439,28.018481,120.682668,28.02802,120.6546,-1,5,0
1630,2078,36.28936614,-20.91083626,27.92275,120.7073,27.92125,120.70678,3,18,0
1443,2650,-23.34634436,39.35126357,28.02212,120.67074,28.024386,120.675309,3,277,0
812,2258,-25.82944021,11.13446496,28.01375,120.6551,28.01658,120.65764,3,27,0
1290,2670,-2.652855102,57.30007187,28.003203,120.691994,28.004123,120.680295,-1,51,0
1855,1947,-1.794419125,43.78321285,27.98606,120.67631,27.98803,120.67876,4,7767,0
2075,2214,31.12647937,-7.893534122,27.94054,120.69195,27.9598,120.68203,5,86,0
191,2209,11.99486289,0.751175422,27.96628,120.68116,27.96734,120.67106,5,119,0
1407,2264,11.95733831,-10.58369732,27.97235,120.62717,27.95241,120.64911,-1,6,0
604,2156,-21.71113826,-35.84988056,28.015777,120.594444,28.02454,120.591434,3,12,0
243,2715,-4.538396606,-5.333980904,28.000291,120.647161,27.99435,120.66326,-1,9,0
486,2342,46.85025375,25.48814263,27.97508,120.74612,27.96902,120.74658,10,4413,0
1843,1947,8.277698499,15.78681655,27.983923,120.680378,27.98803,120.67876,4,21,0
1870,2089,-8.184466999,6.168330621,27.99576,120.6574,27.970224,120.651685,-1,0,0
924,1351,-59.80469008,3.040448774,28.03883,120.63972,28.04387,120.63355,7,212,0
539,2122,-42.04089632,28.61531138,28.01516,120.65303,28.01469,120.65426,3,231,0
1232,2737,-44.29181373,-14.03095209,28.04357,120.651564,28.039023,120.659441,7,66,0
109,2067,-20.08175157,-41.69534978,28.03316,120.59087,28.028224,120.587166,9,199,0
608,2224,7.260207175,11.69250448,27.99367,120.69233,27.98445,120.67253,4,39,0
2627,2641,30.46740334,13.17737762,28.01826,120.7953,28.00624,120.82807,2,75,0
2176,2543,10.9485658,6.774222632,27.95843,120.65338,27.978448,120.671401,5,45,0
1357,1547,-34.73191315,-45.42545443,28.05143,120.60047,28.07752,120.5896,-1,2,0
935,2633,14.30460015,13.66820913,27.97987,120.68111,27.98511,120.67531,4,351,0
146,2934,43.7426413,-35.77200606,27.92415,120.69204,27.92333,120.69182,3,164,0
422,2690,12.32949165,56.87371124,28.00525,120.70299,28.00749,120.70643,7,1154,0
422,1839,15.37880302,38.39181439,28.00525,120.70299,27.97706,120.75192,-1,5,0
756,2865,66.0556478,4.346088939,27.90472,120.82388,27.90471,120.82127,6,4926,0
1913,2900,-20.27798617,-33.19463724,28.02588,120.60418,28.02464,120.59964,3,68,0
842,1362,67.19197616,4.030505198,27.90945,120.81881,27.89369,120.80917,6,95,0
936,1807,-39.8097345,-8.168302413,28.02145,120.63334,28.040568,120.63282,-1,39,0
308,1051,-36.31158862,-26.2477517,28.07118,120.58698,28.04252,120.60963,-1,20,0
959,1256,-38.24277753,30.94945136,28.009115,120.657413,28.01222,120.65195,3,522,0
1860,2901,22.76733608,6.527120378,27.97729,120.68651,27.97339,120.7071,10,51,0
456,1577,-18.61383085,-51.21481471,28.04137,120.5735,28.04175,120.58651,9,44,0
124,1125,4.112687091,-24.36155333,27.99261,120.62341,27.987701,120.628236,8,13,0
1900,2213,-33.4204943,-30.96579466,28.06605,120.58485,28.0397,120.63304,-1,0,0
2225,2672,10.03688488,62.76151394,28.01963,120.71371,28.02026,120.69523,7,56,0
179,2052,28.16327378,-24.30249645,27.92748,120.69689,27.92832,120.69785,3,221,0
697,2418,42.24350302,-18.70856617,27.92414,120.70279,27.93672,120.67951,-1,20,0
1749,2718,17.39490601,-33.84914674,27.97581,120.57281,27.94477,120.59481,-1,84,0
409,1305,63.27053428,-5.997881163,27.95855,120.75661,27.92668,120.81126,-1,296,0
535,971,50.90929011,1.909533211,27.96456,120.79906,27.92205,120.80111,-1,32,0
1405,1900,-33.58608737,-52.00563989,28.10206,120.56347,28.06605,120.58485,9,51,0
496,1453,-6.092393697,-10.59918622,27.993833,120.628333,27.99832,120.6366,-1,83,0
176,1572,-28.09426515,-28.07130225,28.02521,120.6105,28.02693,120.60664,3,1293,0
2419,2822,31.59637764,26.95854374,27.980722,120.721813,27.97743,120.73394,10,3,0
936,2468,-31.00409729,0.12311641,28.02145,120.63334,28.022717,120.632107,3,58,0
2061,2293,5.560677707,37.33295105,27.98839,120.68338,27.9937,120.6981,4,32,0
1841,2150,3.490760968,-33.62336621,27.980151,120.605199,27.99711,120.58895,-1,6,0
1358,1771,6.144797263,35.58990346,27.99701,120.69685,27.99855,120.69275,4,6,0
1316,2508,29.12939491,6.268575284,27.97332,120.71019,27.96724,120.66561,-1,0,0
508,2167,-65.29648393,8.893497009,28.04337,120.65572,28.0438,120.65797,7,1598,0
14,291,-25.31060192,35.54490743,28.02496,120.66541,28.023257,120.659016,3,327,0
211,1089,-10.15383914,-33.56968422,28.01211,120.58988,28.02804,120.57818,9,10,0
312,893,-14.30007465,39.34590718,27.97483,120.67456,28.00209,120.66254,-1,11,0
2009,2137,-62.47231066,-13.60975666,28.04976,120.647462,28.04852,120.65349,7,1271,0
1653,2767,-31.43940289,30.95840261,28.00714,120.65555,28.00293,120.64916,3,119,0
870,2124,40.54297134,13.72437416,27.99111,120.78113,28.0048,120.764,10,64,0
46,745,-42.72361365,-18.48169037,28.04917,120.61056,28.04541,120.65027,7,38,0
1656,1895,37.36680305,-0.846187424,27.94263,120.73736,27.96905,120.70307,10,33,0
1218,1763,64.89155612,-9.749531357,27.91539,120.8198,27.92159,120.82161,6,1443,0
1015,2092,-29.15654388,-6.016937918,28.02245,120.61239,28.0195,120.63455,3,30,0
1053,2662,25.45692246,43.61810118,27.99068,120.7167,27.9944,120.7017,-1,16,0
647,2539,3.912992194,-39.45006465,27.9749,120.63133,27.97231,120.62724,8,5309,0
1105,2373,-32.61870327,32.20171672,28.00791,120.64843,27.99672,120.65264,3,222,0
1584,2041,69.24163767,12.92904155,27.89209,120.81396,27.896075,120.819675,6,62,0
1956,2353,18.6244865,0.484365353,27.96946,120.72066,27.973777,120.682079,-1,80,0
673,2743,-44.67661467,-25.31015667,28.05464,120.60495,28.049957,120.622963,7,19,0
826,2743,-45.73858522,-23.52865822,28.04636,120.62567,28.049957,120.622963,7,80,0
729,1398,-26.07138242,-27.10134446,28.02336,120.60588,28.02438,120.60303,3,525,0
1184,2180,5.713281221,-17.10443997,27.982012,120.645724,27.98333,120.65125,5,10486,0
314,2477,44.16392433,30.34223213,27.97965,120.74458,27.98208,120.74589,10,405,0
697,2398,35.27803631,-33.14467724,27.92414,120.70279,27.923249,120.687804,3,143,0
739,1101,30.95775583,15.60284587,28.0287,120.8004,28.008865,120.778256,2,4,0
599,1284,37.74834802,0.714862597,27.97321,120.72684,27.94439,120.71319,10,395,0
644,959,-39.13742136,33.50223817,28.01278,120.65944,28.009115,120.657413,3,1626,0
1622,2519,6.188484436,27.6637782,28.00126,120.6875,27.99715,120.70087,-1,6,0
2124,2796,37.35636988,19.89970209,28.0048,120.764,27.97189,120.75195,10,0,0
1432,1689,-45.22200325,3.852984003,28.00892,120.62295,28.02095,120.64389,-1,13,0
914,2254,63.81622072,-4.472276003,27.93088,120.80284,27.923401,120.816621,6,179,0
234,1286,-20.25381024,9.521312056,28.01828,120.62547,28.01117,120.65006,-1,29,0
100,966,61.17236547,1.613050846,27.91637,120.82567,27.918388,120.823666,6,14,0
2373,2420,-0.116235348,-12.75141983,27.99672,120.65264,27.98362,120.61785,-1,2,0
1626,2316,-17.53216342,-29.59245663,28.01389,120.60169,28.0271,120.60091,3,33,0
48,2657,-13.36566365,26.59926143,28.01947,120.67661,28.02002,120.64857,3,52,0
147,1429,-21.51741628,-24.64745593,28.01625,120.60085,28.019912,120.604277,3,512,0
646,1342,-8.237628894,53.14078716,28.02101,120.67872,28.00491,120.67627,-1,30,0
915,2952,-16.564689,27.62009118,28.024778,120.671965,28.021681,120.670423,3,29,0
189,405,0.659447807,44.44384057,27.98396,120.69007,27.989232,120.680662,4,98,0
347,486,27.48427508,24.81310828,27.98785,120.71681,27.97508,120.74612,-1,22,0
2386,2930,11.14965917,60.77302348,28.01849,120.70996,28.021655,120.71483,7,283,0
2422,2966,56.69952792,-3.933730835,27.93079,120.82979,27.90319,120.81717,6,13,0
1244,1342,-13.14057545,50.44319155,28.00503,120.67134,28.00491,120.67627,-1,437,0
755,1848,32.93182175,-13.13714492,27.928,120.698,27.96164,120.66747,-1,2,0
1848,2788,26.37608094,-11.68615716,27.96164,120.66747,27.96243,120.65546,5,281,0
1977,2010,-6.39777819,47.05201582,27.99753,120.67522,27.99742,120.68104,4,1080,0
2005,2593,29.53814956,-9.732330087,27.92325,120.6878,27.96314,120.66947,-1,15,0
1085,2658,-31.14452591,-27.39984466,28.0257,120.6129,28.023438,120.62652,-1,0,0
317,1409,-33.47843529,7.772697373,28.01994,120.655,28.02498,120.65306,-1,9,0
1810,2028,50.98468637,2.109044118,27.934862,120.767714,27.92122,120.80887,-1,20,0
1460,2428,2.723753697,2.915105229,27.985304,120.632788,27.98819,120.6531,-1,81,0
1112,2009,-50.22543945,-17.00741105,28.05274,120.62436,28.04976,120.647462,7,62,0
490,1416,-24.54524219,0.703518482,28.00307,120.6298,28.01137,120.64581,3,46,0
846,2538,43.11616859,12.72417698,28.00453,120.74869,28.00886,120.77826,-1,10,0
1679,2142,29.33612571,47.20020077,27.99338,120.70875,27.98684,120.71242,7,957,0
1032,1501,-43.52760572,-28.019878,28.06432,120.61469,28.05557,120.61784,-1,0,0
1731,1943,-10.86377808,-3.392518429,28.00652,120.64463,28.0048,120.643,3,60,0
794,1612,0.013498098,-37.33184197,27.96834,120.57402,27.9938,120.57017,8,48,0
49,605,-7.994977582,-46.65572374,28.02104,120.58411,28.0258,120.57913,9,5521,0
772,2926,-44.5837325,-29.18148873,28.05187,120.61117,28.04361,120.61806,7,32,0
273,1098,-56.04769924,4.130379498,28.02613,120.64691,28.0475,120.62333,7,3,0
1385,2137,-43.99518629,-18.53901902,28.05153,120.62762,28.04852,120.65349,7,28,0
403,552,34.93372508,-0.078472162,27.98093,120.71034,27.96536,120.74141,-1,13,0
1845,2644,35.51959095,13.77175071,27.99406,120.72557,28.019199,120.784475,-1,7,0
221,2469,17.29081928,48.01741033,28.00742,120.71768,28.00923,120.72917,7,63,0
1680,2788,20.28740171,-9.696857002,27.96413,120.67139,27.96243,120.65546,5,32,0
1061,2005,35.10898109,-13.04370129,27.92415,120.70545,27.92325,120.6878,3,123,0
973,1036,32.3412511,-21.61720839,27.93169,120.70193,27.92406,120.70335,3,107,0
786,1232,-46.67638877,-16.70394852,28.065163,120.642463,28.04357,120.651564,7,23,0
1094,2013,-14.26320185,-23.12732351,28.01845,120.59962,28.01344,120.6076,3,0,0
2594,2857,-42.94610599,-51.00252043,28.08581,120.59066,28.09805,120.59534,9,4281,0
118,2210,1.667035636,-20.80752888,27.985061,120.633096,27.9824,120.62638,8,7,0
859,2237,31.51238783,-19.32139127,27.95386,120.68203,27.92797,120.69797,-1,61,0
440,2705,-13.19965217,0.788977346,28.00029,120.64716,27.999704,120.646389,3,60,0
97,2507,-23.50309868,35.67972108,28.02629,120.6698,28.02519,120.66642,3,130,0
1363,2570,61.12374008,15.68092575,27.87025,120.79516,27.8882,120.80334,6,68,0
271,2150,18.65514181,-46.41140737,27.956794,120.567095,27.99711,120.58895,-1,40,0
1845,2162,22.33972344,34.51389349,27.99406,120.72557,27.99836,120.72046,7,10,0
2750,2762,-13.76985422,32.70816823,28.00455,120.70115,28.01919,120.67036,-1,3,0
2170,2767,-10.1509549,-2.899123454,28.00475,120.642741,28.00293,120.64916,3,34,0
2481,2915,12.68895155,16.94014302,27.97265,120.66766,27.98732,120.68157,-1,12,0
1455,1689,-37.88676941,0.26053903,28.03905,120.62757,28.02095,120.64389,-1,44,0
1103,1257,8.783495495,-32.92198319,27.97694,120.62826,27.97868,120.57877,8,0,0
1994,2190,7.109124249,7.942088869,27.992378,120.669665,27.98235,120.67423,-1,120,0
15,872,-3.378992081,-18.00641186,27.97664,120.63227,27.98477,120.64882,-1,82,0
331,924,-61.05568518,1.3713576,28.03958,120.62042,28.03883,120.63972,7,34,0
11,403,22.85587101,23.81162222,27.99544,120.72251,27.98093,120.71034,7,118,0
237,387,-8.094183526,-48.53178519,28.023421,120.592786,28.0246,120.58292,-1,674,0
1058,1357,-44.13863556,-25.16385381,28.04752,120.63044,28.05143,120.60047,7,37,0
943,1724,19.2877058,40.68974274,27.98369,120.71502,28.00258,120.70728,7,10,0
1373,1936,-24.3391552,21.56821276,28.01793,120.66445,28.0164,120.657,3,83,0
2402,2541,0.172371628,-45.67399898,27.996821,120.606522,27.99417,120.59987,8,125,0
1753,2353,21.51569128,-6.325542192,27.96526,120.65283,27.973777,120.682079,5,10,0
531,1053,34.57307249,50.03482439,27.991394,120.71952,27.99068,120.7167,7,441,0
385,1623,27.37569229,34.50751592,28.00125,120.72481,28.01771,120.71787,7,104,0
1680,1956,21.6248414,-5.9342819,27.96413,120.67139,27.96946,120.72066,-1,17,0
394,2365,-20.63581012,-38.64516743,28.029211,120.593311,28.01894,120.59618,3,395,0
935,2720,20.63899162,9.93909241,27.97987,120.68111,27.97853,120.684,4,1075,0
403,536,34.4654554,42.66823427,27.98093,120.71034,27.978638,120.714666,-1,2519,0
133,2209,19.47519586,0.423733831,27.9535,120.69621,27.96734,120.67106,5,35,0
2414,2774,43.12808313,21.08671242,27.96391,120.75937,27.96407,120.76438,10,15,0
1207,2621,-24.03935165,46.85106199,28.01158,120.67785,28.01036,120.67777,4,326,0
142,1275,-40.88895958,-49.20324099,28.07201,120.60483,28.1014,120.58443,9,20,0
224,2073,-11.27300153,22.17502992,28.01492,120.66976,28.01371,120.66619,3,40,0
2012,2745,-58.5214002,-3.061883874,28.02392,120.644412,28.02921,120.62987,-1,41,0
1981,2860,-40.97552318,-27.5454494,28.04382,120.61146,28.0702,120.62208,-1,100,0
673,1766,-37.70423608,-23.99292593,28.05464,120.60495,28.043254,120.617338,7,60,0
2236,2742,2.167328799,23.22983367,27.9946,120.674,27.99959,120.67971,4,45,0
358,1448,36.10822767,23.97070807,27.96854,120.74135,27.99567,120.715,-1,15,0
1637,2614,-31.85406035,-7.282060404,28.007347,120.618907,28.01688,120.6293,4,0,0
160,636,29.84448362,40.0041314,27.97864,120.71467,27.98612,120.70958,-1,206,0
1557,1834,64.9592489,13.90604365,27.90165,120.81193,27.87957,120.7999,6,179,0
328,1912,-53.67199,-16.81053833,28.05929,120.65781,28.05972,120.64548,7,46,0
1938,2426,-43.07363171,16.62405869,28.01832,120.65141,28.0241,120.647393,3,163,0
2223,2678,58.38817124,5.137728028,27.922663,120.824735,27.911388,120.823888,6,17,0
284,2272,45.16496505,-34.10057182,27.92764,120.69437,27.91974,120.69145,3,1394,0
836,1572,-27.42721003,-27.61651373,28.02242,120.60801,28.02693,120.60664,3,1814,0
394,1474,-22.26399017,-41.96981227,28.029211,120.593311,28.02436,120.58545,-1,477,0
2561,2767,-7.259883333,2.532861334,28.00155,120.68023,28.00293,120.64916,-1,3,0
1711,2888,-43.82853195,-28.19904885,28.06516,120.64246,28.05349,120.61286,7,6,0
696,1995,19.26499189,-31.48412443,27.960958,120.569257,27.98625,120.5825,-1,15,0
690,1622,2.908653859,34.89672779,28.0021,120.68989,28.00126,120.6875,4,97,0
237,1399,-15.61525722,-37.30694515,28.023421,120.592786,28.024487,120.608733,3,26,0
2049,2840,-31.4946216,-7.660793482,28.01711,120.63167,28.04323,120.58656,-1,24,0
359,619,-39.45785482,36.26661152,28.0113,120.6614,28.01319,120.65921,3,837,0
477,1284,30.23041877,32.33350831,27.994763,120.731284,27.94439,120.71319,-1,0,0
1244,2400,-14.49598731,49.03004173,28.00503,120.67134,28.005055,120.670694,3,26,0
1485,2048,-37.55201045,-55.67234759,28.07932,120.57283,28.07875,120.58356,9,391,0
69,2197,-40.20397263,-22.6951983,28.055285,120.609474,28.04449,120.62163,7,78,0
595,916,-10.6543442,25.639282,28.01681,120.67808,28.01381,120.65692,3,8,0
1159,2697,-18.27588967,-40.58146179,28.02791,120.59925,28.02837,120.58877,-1,90,0
1033,2188,-16.8459722,-10.01795394,28.007951,120.626328,28.02031,120.62527,4,33,0
1509,1697,61.34204195,-10.59981059,27.9249,120.82617,27.93044,120.81856,6,785,0
213,1385,-38.81138542,-5.153002622,28.01009,120.63564,28.05153,120.62762,-1,2,0
1005,1156,-14.4590415,13.44194235,28.00628,120.65332,28.01027,120.66077,3,98,0
302,1108,42.62081917,-18.85026605,27.9241,120.70277,27.924685,120.69711,3,227,0
1286,2767,-33.42036758,30.80485817,28.01117,120.65006,28.00293,120.64916,3,231,0
924,2415,-59.51993347,3.430964823,28.03883,120.63972,28.02,120.655,-1,47,0
1449,2650,7.369961212,43.77025149,28.01592,120.69364,28.024386,120.675309,-1,0,0
946,1604,18.46123768,-39.06438237,27.94117,120.60038,27.947711,120.602591,10,1138,0
389,740,-20.26557615,-11.95269527,28.01058,120.62116,28.011421,120.622423,4,2139,0
1768,2274,70.63566803,14.4393303,27.87577,120.82258,27.87983,120.81482,6,135,0
758,2619,-4.055630678,47.58327583,27.99542,120.68153,27.992814,120.696225,4,19,0
408,1385,-58.53582195,-21.10456668,28.05042,120.6339,28.05153,120.62762,7,6587,0
15,1923,-5.418998624,-16.93759936,27.97664,120.63227,27.99631,120.64437,-1,134,0
1749,1995,10.42621081,-54.06051755,27.97581,120.57281,27.98625,120.5825,8,2472,0
12,2615,74.44280987,17.0512999,27.8751,120.81027,27.87142,120.82061,6,1986,0
1076,2019,26.47507366,11.52253318,28.03881,120.82892,28.03308,120.81353,2,2333,0
1373,2809,-19.30454423,29.69918446,28.01793,120.66445,28.022802,120.673347,3,55,0
1198,1474,-20.39124894,-40.85271497,28.0332,120.591,28.02436,120.58545,9,46,0
1528,1596,-33.04388072,6.446432578,28.01484,120.64575,28.027266,120.655901,-1,0,0
828,2366,17.17514743,9.122892241,27.96168,120.677789,27.97973,120.67677,5,50,0
406,1362,66.84487375,11.34231465,27.89033,120.77895,27.89369,120.80917,6,0,0
192,925,-14.85627481,45.0663344,28.002732,120.666557,28.00554,120.66603,3,117,0
2483,2658,-45.62794375,-7.444506281,28.02455,120.61196,28.023438,120.62652,-1,17,0
553,2229,-15.25143576,43.6223796,27.999,120.66,27.99852,120.65649,3,261,0
1052,1948,40.30817534,21.5148715,27.97486,120.72843,27.96583,120.74971,10,36,0
1630,2000,39.00368735,-25.2192874,27.92275,120.7073,27.92247,120.70628,3,142,0
1498,1842,27.00160673,19.6449752,28.02468,120.77976,28.02971,120.77817,2,1422,0
2229,2715,-13.73400986,42.34019092,27.99852,120.65649,27.99435,120.66326,-1,531,0
166,1740,58.92369048,-10.14032998,27.93672,120.83867,27.9275,120.83694,6,446,0
375,1761,-0.309455517,26.52094057,28.00026,120.68107,27.99851,120.67952,4,37,0
844,1521,-7.651281324,19.46078548,28.00813,120.67287,28.00551,120.66263,3,14,0
697,2153,40.83087418,-33.94673984,27.92414,120.70279,27.91643,120.68875,3,881,0
938,1591,13.39989539,56.37024892,28.00753,120.7083,28.00528,120.70899,7,431,0
828,1683,25.05242066,-4.535565285,27.96168,120.677789,27.95708,120.67304,5,3488,0
370,2398,32.97607766,-33.31759893,27.95455,120.65292,27.923249,120.687804,-1,22,0
48,1628,-22.66838935,42.77789046,28.01947,120.67661,28.01497,120.68572,-1,78,0
81,278,6.288950408,54.45187657,28.003179,120.699031,28.00309,120.69882,7,148,0
405,1991,3.705860344,20.93138736,27.989232,120.680662,28.00104,120.67237,-1,5,0
1263,2087,-13.39890225,25.91430249,28.02077,120.6738,28.02363,120.66164,3,18,0
775,1728,29.22597176,-41.98941553,27.9189,120.64478,27.85412,120.66711,3,0,0
1560,2575,-23.75515025,-41.459015,28.034241,120.588717,28.02926,120.59028,9,50731,0
678,1555,-64.35063528,7.678101883,28.04554,120.65654,28.043798,120.657967,7,483,0
324,1982,29.19305025,43.17923964,27.98847,120.70684,27.98851,120.70899,7,10,0
1596,2213,-55.59425079,4.038127104,28.027266,120.655901,28.0397,120.63304,7,21,0
1722,2570,70.97979429,10.26350535,27.87744,120.7991,27.8882,120.80334,6,263,0
381,2080,-10.76995237,45.72788649,27.99445,120.67111,27.994449,120.671107,4,244,0
87,2331,29.20068831,-28.0817377,27.92144,120.6877,27.92645,120.67635,3,10,0
874,1736,-61.5903225,1.752880381,28.04411,120.64767,28.029592,120.6244,7,191,0
27,1208,12.21490365,48.32235792,28.00949,120.71444,28.006628,120.70461,7,2,0
200,692,12.12145998,37.32556439,28.00223,120.70203,28.00622,120.6991,7,109,0
324,2074,30.2556352,44.83842248,27.98847,120.70684,27.986124,120.709577,7,236,0
907,912,39.25912066,41.17174248,27.9842,120.72674,27.98324,120.72334,-1,1996,0
1496,2017,20.33390574,5.025588707,27.97767,120.70127,27.97928,120.68909,4,80,0
982,1924,62.71749332,15.44111835,27.87452,120.79789,27.86419,120.81517,6,55,0
279,2160,44.16717114,20.0308425,27.98465,120.73383,27.9668,120.7548,10,48,0
1089,1503,-10.21505908,-47.3229556,28.02804,120.57818,28.0363,120.5857,9,5989,0
982,2274,62.63943042,14.1806854,27.87452,120.79789,27.87983,120.81482,6,125,0
1005,1201,-11.57613772,10.4806154,28.00628,120.65332,28.005325,120.655607,3,7,0
482,1714,38.12443045,28.28878169,27.97359,120.74776,27.98008,120.74344,10,83,0
17,2446,12.95850787,6.799882992,27.97886,120.67718,27.98763,120.66308,-1,0,0
386,887,0.824344877,26.07238474,27.99487,120.67969,27.996181,120.680372,4,41,0
1015,2188,-26.05360508,-16.10954269,28.02245,120.61239,28.02031,120.62527,-1,12,0
955,1514,-42.32322613,-10.85320332,28.04133,120.65311,28.039838,120.650314,7,82,0
72,1643,7.080091877,-47.80648992,27.97367,120.59704,27.98054,120.61279,8,467,0
794,2505,20.21849658,-33.29586615,27.96834,120.57402,27.94729,120.54847,-1,57,0
1980,2446,2.277226532,11.41524682,27.9546,120.667,27.98763,120.66308,-1,4,0
1365,2241,39.82159827,42.65157759,27.982061,120.727042,27.98751,120.72346,7,3445,0
284,972,38.5642245,-12.79983797,27.92764,120.69437,27.94366,120.68317,-1,2014,0
1506,1596,-48.88495946,15.8416596,28.02799,120.66168,28.027266,120.655901,7,342,0
464,2123,28.26381072,-17.32834789,27.9659,120.64111,27.92383,120.67387,-1,0,0
131,2684,-36.936302,-63.7848801,28.09088,120.555876,28.09082,120.54809,9,404,0
1091,2287,-9.972532205,-1.920579092,28.00055,120.64544,28.002169,120.645773,3,10,0
2476,2949,21.99509482,50.54621577,27.99996,120.71136,28.000868,120.712569,7,241,0
259,293,-56.81609839,-4.557910439,28.05022,120.66531,28.02476,120.635142,-1,116,0
1542,2556,17.12557782,39.75306169,27.99711,120.71331,28.00322,120.7122,7,0,0
1502,1840,-13.65110969,42.92647905,27.991292,120.664871,27.9981,120.6541,-1,2,0
1052,1194,20.94701396,-7.156412062,27.97486,120.72843,27.9573,120.67705,-1,5,0
2173,2687,10.38260133,67.66042982,28.01765,120.74361,28.0443,120.70804,7,64,0
204,735,-5.04229984,-16.52559081,27.99015,120.62566,27.993371,120.637184,8,31,0
111,1123,15.95556869,-19.34701078,27.95612,120.65155,27.96552,120.64757,5,485,0
1595,2396,-40.70970595,-1.691087344,28.03104,120.63718,28.03985,120.62173,7,0,0
746,2362,30.84737391,-22.78286855,27.94545,120.66986,27.92159,120.70412,-1,3,0
1503,2746,-36.03238583,-30.62949515,28.0363,120.5857,28.03863,120.61579,-1,7,0
807,2232,19.32687227,36.75987492,27.994444,120.7075,27.99607,120.71016,7,14,0
677,1620,-57.39154022,-29.49268704,28.040628,120.619569,28.01578,120.62194,-1,89,0
906,2190,9.472652935,13.01886888,28.01211,120.69386,27.98235,120.67423,-1,15,0
1257,2823,16.92756942,-49.40262059,27.97868,120.57877,27.94947,120.55856,-1,561,0
1385,1492,-54.64830581,-0.738543011,28.05153,120.62762,28.02508,120.63816,7,18,0
935,2248,21.76718335,9.122137114,27.97987,120.68111,27.97512,120.69186,-1,516,0
46,2203,-43.78698849,-27.07086159,28.04917,120.61056,28.04851,120.61871,7,14,0
915,2651,-23.3867776,39.8242233,28.024778,120.671965,28.0228,120.67335,3,260,0
1860,2842,23.38976404,7.793305766,27.97729,120.68651,27.98853,120.69743,-1,133,0
810,1134,-7.121526527,-14.67102181,27.99652,120.629277,27.99644,120.63354,8,645,0
136,202,-23.44804975,12.7726796,28.01434,120.65091,28.0087,120.65515,3,63,0
279,765,32.00626056,34.10175085,27.98465,120.73383,27.9874,120.7334,-1,268,0
1584,2865,64.6448619,5.706905373,27.89209,120.81396,27.90471,120.82127,6,29,0
1082,2581,-41.18469676,16.81058969,28.016688,120.655528,28.020019,120.648575,3,396,0
402,565,-37.00080616,37.0175372,28.01188,120.66205,28.00841,120.66454,3,545,0
1587,2800,-38.26129523,21.10405067,28.00917,120.64028,28.00927,120.6407,3,919,0
1718,2403,18.40069558,52.20931318,28.001831,120.717278,28.005136,120.71749,7,267,0
1362,1625,54.86819903,7.274218467,27.89369,120.80917,27.91671,120.81301,6,8,0
521,1923,-5.805028488,-4.719370283,27.99979,120.66739,27.99631,120.64437,3,10,0
221,2386,12.7370826,59.40651966,28.00742,120.71768,28.01849,120.70996,7,84,0
461,1888,69.24980126,4.715892842,27.8974,120.81737,27.89882,120.82105,6,10912,0
292,1788,-39.74920739,6.911214923,28.02857,120.65898,28.02779,120.65438,7,4,0
341,2079,-5.9358976,-17.1837787,27.98975,120.64468,27.99015,120.64099,-1,347,0
1458,2081,25.78435429,14.4034368,28.023603,120.80906,28.046257,120.803292,2,74,0
537,1755,40.57540077,-33.15302856,27.91572,120.69582,27.916499,120.696973,3,259,0
1586,1758,-0.017638048,24.92971691,27.993909,120.679255,27.99447,120.68038,4,48,0
113,1347,-19.65202837,3.682600703,28.01211,120.63736,28.01058,120.65406,3,49,0
384,668,-47.06989254,-4.235330044,28.01405,120.63301,28.0105,120.60976,-1,51,0
545,859,6.795762378,-5.924911908,27.96676,120.65937,27.95386,120.68203,5,11,0
752,926,14.70205366,-12.47425614,27.9454,120.65697,27.949664,120.654222,5,221,0
1587,2544,-21.05280468,3.74143516,28.00917,120.64028,28.01046,120.64997,3,40,0
2531,2715,-7.022341313,-9.371560658,27.99591,120.64416,27.99435,120.66326,-1,32,0
1110,1430,36.23208793,-2.218225336,27.946867,120.69923,27.9498,120.72544,-1,127,0
615,660,-3.243191209,13.69706445,27.99109,120.67677,27.99791,120.66801,-1,52,0
415,2294,-45.97636525,25.91482917,28.01975,120.65219,28.017358,120.65303,3,2981,0
1262,2682,-5.659627433,-7.858143579,27.98453,120.66027,27.99605,120.64769,-1,86,0
780,925,-3.303483001,30.36180827,28.01006,120.68043,28.00554,120.66603,-1,4,0
191,859,23.12529409,-2.406262769,27.96628,120.68116,27.95386,120.68203,5,249,0
1764,2432,9.686133019,-29.31522665,27.96875,120.60619,27.99839,120.59856,8,2,0
72,555,9.541846362,-30.36196117,27.97367,120.59704,27.97023,120.61084,8,62,0
442,1763,62.10000783,-10.19619266,27.92124,120.83163,27.92159,120.82161,6,591,0
1061,1872,33.0225239,-24.13273487,27.92415,120.70545,27.92834,120.69922,3,78,0
48,2744,-13.60377885,26.62015859,28.01947,120.67661,28.0132,120.654,3,10,0
759,908,38.33337442,25.03656176,27.97238,120.74249,27.971495,120.733406,10,10,0
1441,2191,-32.5399847,2.125694759,28.04381,120.65767,28.022725,120.642908,-1,0,0
2556,2842,16.97952044,26.54695052,28.00322,120.7122,27.98853,120.69743,-1,82,0
2080,2089,-0.308769349,14.6593223,27.994449,120.671107,27.970224,120.651685,-1,0,0
124,1797,3.481722581,-24.7618951,27.99261,120.62341,27.98643,120.62096,8,81,0
1830,2438,-12.30011252,-49.16789611,28.0362,120.58118,28.04073,120.58623,9,70,0
35,2568,-29.58491607,-55.8788988,28.06905,120.57281,28.04901,120.58582,9,185,0
2028,2779,63.2319751,-0.422820008,27.92122,120.80887,27.9069,120.82629,6,27,0
2144,2434,35.83355167,-22.4012271,27.92809,120.70577,27.92215,120.70629,3,14,0
1656,2479,37.47544968,-0.456484718,27.94263,120.73736,27.95756,120.72822,10,680,0
1061,2297,45.39121956,-24.90344431,27.92415,120.70545,27.92659,120.71116,3,16760,0
944,1761,-0.228675589,26.78689794,27.99887,120.68096,27.99851,120.67952,4,33,0
714,1401,-36.27344486,10.93868225,28.02373,120.65221,28.01999,120.65209,-1,112,0
1245,1655,33.12336899,-24.74663366,27.92828,120.69722,27.92826,120.70156,3,13,0
1723,2294,-14.27212249,17.5045905,28.01437,120.67295,28.017358,120.65303,3,21,0
58,1714,38.15378815,30.17458592,27.97969,120.74181,27.98008,120.74344,10,58,0
221,856,16.68270287,47.18350924,28.00742,120.71768,28.0052,120.72043,7,68,0
367,2402,0.307884921,-45.88357936,27.99233,120.60381,27.996821,120.606522,8,230,0
704,2170,-11.49969881,-2.007371377,28.001326,120.643433,28.00475,120.642741,3,107,0
1718,2300,22.21974495,57.70961947,28.001831,120.717278,27.99832,120.72424,7,15239,0
1133,2889,38.97820345,36.9063507,27.97533,120.72453,27.97509,120.72769,10,219,0
619,2914,-17.07589723,17.10742316,28.01319,120.65921,28.01922,120.64427,3,38,0
508,2379,-62.70936913,9.122512611,28.04337,120.65572,28.04982,120.6511,7,58,0
1108,1664,36.79518068,-29.84649846,27.924685,120.69711,27.92159,120.70309,3,271,0
1094,2575,-29.03981091,-35.86400563,28.01845,120.59962,28.02926,120.59028,-1,170,0
405,2366,0.304364154,44.42172194,27.989232,120.680662,27.97973,120.67677,-1,2444,0
152,2496,46.0287983,2.323986534,27.91139,120.82389,27.94412,120.76969,-1,43,0
1656,1794,19.30318985,-9.4345113,27.94263,120.73736,27.94302,120.67619,-1,0,0
449,567,36.39279533,-26.74422146,27.93173,120.70133,27.92073,120.70491,3,468,0
2226,2962,52.32103528,-10.8962867,27.95539,120.82859,27.95764,120.82445,6,1125,0
59,2714,71.06077531,8.405474517,27.90238,120.80278,27.8832,120.80518,6,201,0
1427,1747,47.04458202,30.14633674,27.98011,120.74983,27.978667,120.735061,10,131,0
308,1900,-35.11147532,-58.76539101,28.07118,120.58698,28.06605,120.58485,9,48734,0
1895,2508,28.60467171,2.500145663,27.96905,120.70307,27.96724,120.66561,-1,182,0
68,1572,-31.54323631,-30.98816157,28.02467,120.61708,28.02693,120.60664,3,153,0
468,1577,-32.75572215,-39.68883435,28.02464,120.59155,28.04175,120.58651,-1,0,0
1948,2901,27.72297049,4.954256106,27.96583,120.74971,27.97339,120.7071,10,0,0
1110,1895,35.6892595,-6.799862962,27.946867,120.69923,27.96905,120.70307,-1,927,0
502,2481,8.146093151,0.857914819,27.975415,120.651576,27.97265,120.66766,5,411,0
970,2762,-13.35955792,28.22554807,28.014998,120.674961,28.01919,120.67036,3,17,0
1433,1510,-30.98431069,2.742370339,28.015196,120.648057,28.023269,120.632426,-1,76,0
1994,2180,-0.335640474,11.59265174,27.992378,120.669665,27.98333,120.65125,-1,15,0
93,1391,22.00087259,-10.75940611,27.95117,120.66753,27.95467,120.69939,-1,12,0
260,1876,9.475859227,-26.4466303,27.970062,120.58163,27.954186,120.587915,-1,7,0
1804,2791,-1.746166084,-34.98018134,28.00502,120.61628,27.99739,120.58551,-1,39,0
1926,2751,-6.515712485,28.72948225,28.01239,120.67322,28.01002,120.66745,3,113,0
1351,1555,-66.98314603,6.367948894,28.04387,120.63355,28.043798,120.657967,7,80,0
2280,2914,-24.41089463,5.320678492,28.01549,120.64822,28.01922,120.64427,3,48,0
585,1950,18.36649648,37.96548872,28.00115,120.70215,27.99139,120.71952,7,20,0
1006,1612,6.681170751,-57.5031207,27.99467,120.56692,27.9938,120.57017,8,3335,0
1218,2678,63.70439247,2.258263947,27.91539,120.8198,27.911388,120.823888,6,236,0
2153,2298,40.4049608,-36.68966741,27.91643,120.68875,27.92952,120.68107,-1,358,0
1160,1286,-18.03243635,18.94856948,28.01525,120.66252,28.01117,120.65006,3,11,0
1608,2453,-38.4983326,-18.48723431,28.0453,120.65749,28.04644,120.60417,7,76,0
1020,2300,14.94857733,36.07068198,28.00029,120.70357,27.99832,120.72424,7,10,0
1927,2827,-46.35613564,-25.28894602,28.04626,120.62785,28.05657,120.60001,7,148,0
414,659,13.2304301,-31.61146933,27.96162,120.59686,27.98025,120.58452,-1,18,0
1206,1698,14.67732819,-15.92280709,27.95921,120.65553,27.95861,120.665556,5,405,0
1178,2858,5.483354992,55.58817635,27.99689,120.69531,27.995808,120.698644,-1,492,0
46,673,-48.10306214,-40.70324073,28.04917,120.61056,28.05464,120.60495,7,12739,0
412,1814,34.32906205,-39.68027132,27.91108,120.67813,27.88108,120.671,3,167,0
541,2420,11.14821393,-41.39939442,27.96193,120.60948,27.98362,120.61785,-1,34,0
523,1429,-19.18528993,-25.65909852,28.01991,120.60428,28.019912,120.604277,3,7,0
1950,2479,39.70709619,3.979024303,27.99139,120.71952,27.95756,120.72822,-1,57,0
2080,2129,-1.752078665,10.51317161,27.994449,120.671107,27.98951,120.64774,-1,254,0
172,1455,-53.60639485,-28.70047176,28.0428,120.62069,28.03905,120.62757,7,169,0
112,217,-17.03269388,-23.86099741,28.01472,120.61007,28.01578,120.59444,3,9,0
2581,2712,-34.53538754,14.43734565,28.020019,120.648575,28.01694,120.64891,3,284,0
246,2224,9.005630257,11.99045801,27.95634,120.66596,27.98445,120.67253,-1,24,0
302,2110,33.06581666,-25.00414348,27.9241,120.70277,27.92408,120.70403,3,25,0
895,2124,11.16196516,68.34696963,28.03688,120.73858,28.0048,120.764,-1,166,0
949,2579,-17.91327034,-51.28470503,28.042263,120.582178,28.04541,120.57613,9,42,0
1415,2180,-26.77321647,6.724246855,28.01447,120.64201,27.98333,120.65125,-1,14,0
767,874,-41.90091819,-13.94688701,28.03954,120.64044,28.04411,120.64767,7,107,0
1049,1515,-17.82025677,14.5086525,28.00814,120.66242,28.01034,120.65781,3,25,0
365,2428,0.772940232,2.847704696,27.98328,120.65734,27.98819,120.6531,-1,4223,0
161,508,-44.69944672,-14.49697917,28.043888,120.656111,28.04337,120.65572,7,11,0
340,478,0.903528549,27.7458902,27.99961,120.68514,27.99693,120.68318,4,32,0
1164,1927,-66.28205677,2.321123402,28.04057,120.64705,28.04626,120.62785,7,293,0
846,2663,36.88400002,14.87434281,28.00453,120.74869,27.99627,120.72691,7,7,0
1782,2626,7.473899288,37.51983225,27.997236,120.700653,28.00254,120.695427,7,113,0
1133,2835,40.44097961,13.02298742,27.97533,120.72453,27.94411,120.78597,-1,0,0
422,1104,-3.662683044,20.55149226,28.00525,120.70299,27.99923,120.67458,-1,17,0
600,1105,-38.19085474,26.42325188,28.00892,120.64776,28.00791,120.64843,3,4081,0
319,1191,17.20061134,-11.90881699,27.93831,120.66539,27.95227,120.64535,5,0,0
1623,2451,12.61070345,60.01604333,28.01771,120.71787,28.01596,120.72171,7,300,0
644,2109,-18.97183313,13.93721463,28.01278,120.65944,28.01345,120.65446,3,172,0
1799,2149,4.003749363,38.50125022,27.99461,120.68409,27.98472,120.69611,4,26,0
1342,2535,2.706265657,28.05070759,28.00491,120.67627,28.01377,120.68309,-1,28,0
480,1636,-14.89614136,-14.90600053,28.00513,120.61333,28.01099,120.612006,4,111,0
673,2004,-40.59606919,-42.5945705,28.05464,120.60495,28.05469,120.58692,-1,106,0
12,1508,72.33873329,16.50230915,27.8751,120.81027,27.87711,120.81099,6,1399,0
1855,2010,6.879487556,24.39450897,27.98606,120.67631,27.99742,120.68104,4,11,0
1617,2955,-18.20930617,29.54157388,28.02176,120.66936,28.02188,120.66555,3,22,0
677,1577,-36.56134745,-18.4751137,28.040628,120.619569,28.04175,120.58651,-1,4,0
308,779,-30.96988679,-48.63226909,28.07118,120.58698,28.03387,120.594038,9,96,0
354,847,23.08904149,15.60478309,28.09795,120.80841,28.0807,120.8131,2,46,0
1428,2509,-36.10778337,-5.867283446,28.02259,120.62662,28.02225,120.60442,-1,7,0
1094,2766,-14.43625013,-22.83271622,28.01845,120.59962,28.01412,120.606248,3,46,0
19,1837,2.648388611,-16.80774768,27.98443,120.66958,27.98603,120.63754,-1,10,0
1795,2954,-69.73264963,12.04212588,28.05247,120.66674,28.05735,120.66573,7,120,0
43,841,-44.96431254,3.941730141,28.023236,120.644174,28.0171,120.63698,3,27,0
112,1590,-18.29590872,-18.04111938,28.01472,120.61007,28.02239,120.59436,3,15,0
79,1348,30.38515539,-26.53585428,27.921889,120.696181,27.92776,120.69408,3,38,0
2173,2300,35.86403314,15.3541088,28.01765,120.74361,27.99832,120.72424,7,21,0
482,1865,46.37523703,32.47838835,27.97359,120.74776,27.97506,120.73909,10,2212,0
2415,2914,-41.45925383,17.07696053,28.02,120.655,28.01922,120.64427,3,140,0
646,1149,-24.82249332,44.48535454,28.02101,120.67872,28.02051,120.67683,3,1879,0
127,2237,33.83423758,-25.7647099,27.9207,120.68866,27.92797,120.69797,3,43,0
198,2099,-2.289753262,23.89713475,27.99428,120.679324,27.99084,120.68506,4,122,0
1105,1238,-33.12143128,30.21720593,28.00791,120.64843,28.00439,120.65275,3,33,0
495,738,50.14198526,-4.512464545,27.994253,120.830533,27.9652,120.81554,2,32,0
1939,1947,-2.925135,45.70704638,28.00197,120.68016,27.98803,120.67876,4,159,0
202,2122,-24.96232121,9.330414566,28.0087,120.65515,28.01469,120.65426,3,3,0
2209,2508,11.78313079,-0.044579396,27.96734,120.67106,27.96724,120.66561,5,20196,0
552,2957,35.53083551,23.97902935,27.96536,120.74141,27.9672,120.7319,10,76,0
878,2619,1.918946918,55.05286936,28.000355,120.697765,27.992814,120.696225,-1,123,0
2050,2583,25.36534218,38.06099322,27.99268,120.71424,27.99181,120.71288,7,31,0
273,2323,-52.03271596,8.376980123,28.02613,120.64691,28.02463,120.6447,7,4114,0
163,2618,10.8725992,45.23567295,28.0157,120.708492,28.016323,120.704,7,2,0
26,458,36.95502429,-51.35016443,27.91714,120.66023,27.87682,120.64507,3,2262,0
124,1460,-5.259567052,-20.25998733,27.99261,120.62341,27.985304,120.632788,8,126,0
11,531,33.5413731,51.83641995,27.99544,120.72251,27.991394,120.71952,7,356,0
717,1422,20.59515852,50.68750324,28.00547,120.71099,28.00506,120.71172,7,175,0
301,2718,19.44474862,-38.65144995,27.93112,120.5882,27.94477,120.59481,10,272,0
487,1220,-0.438089456,24.55874547,27.98776,120.67428,28.000812,120.679146,4,15,0
208,1552,22.08171157,57.07398199,28.00568,120.7226,28.00524,120.72204,7,1184,0
280,1856,-34.68368128,-47.79634863,28.07993,120.58958,28.07457,120.58762,9,209,0
1092,1848,25.94811185,-11.70961803,27.96187,120.66042,27.96164,120.66747,5,1038,0
2568,2840,-22.76476007,-57.2652645,28.04901,120.58582,28.04323,120.58656,9,8747,0
221,2476,20.92192476,47.65263033,28.00742,120.71768,27.99996,120.71136,7,5,0
259,1351,-54.9668562,-13.76239151,28.05022,120.66531,28.04387,120.63355,7,98,0
357,1823,-13.303064,-55.44457982,28.03643,120.57447,28.037123,120.578514,9,8543,0
25,2356,33.42020651,-0.680921243,27.976204,120.667973,27.95672,120.7251,-1,6,0
82,1758,-1.750341004,36.12607772,27.99276,120.68048,27.99447,120.68038,4,138,0
239,942,26.98458867,18.21818115,28.03887,120.7934,28.021266,120.794656,2,143,0
1562,2290,-10.46841836,-29.58634458,27.99767,120.57531,28.01109,120.5954,-1,35,0
58,2667,35.58811887,30.64775309,27.97969,120.74181,27.98624,120.73426,10,71,0
1106,1732,-24.88007421,-33.65479715,28.02311,120.59937,28.027103,120.600906,3,467,0
1999,2353,15.66149077,-1.082618125,27.91395,120.70028,27.973777,120.682079,-1,11,0
159,2842,17.19966619,-7.361268273,27.94833,120.66804,27.98853,120.69743,-1,0,0
959,1175,-36.39888381,31.14864901,28.009115,120.657413,28.00978,120.65422,3,527,0
1342,1991,-12.01513625,49.99353495,28.00491,120.67627,28.00104,120.67237,-1,1249,0
1991,2756,0.283549886,24.67417224,28.00104,120.67237,27.98645,120.68772,-1,16,0
72,2788,7.410333561,-28.9252344,27.97367,120.59704,27.96243,120.65546,-1,4,0
1549,1799,18.14764991,30.49589557,27.98966,120.70619,27.99461,120.68409,-1,5,0
696,794,17.86616229,-49.31690012,27.960958,120.569257,27.96834,120.57402,-1,2135,0
943,2873,28.93769634,37.35735197,27.98369,120.71502,28.000323,120.727524,7,25,0
1837,2772,0.040223382,-19.71419998,27.98603,120.63754,27.979611,120.629271,8,505,0
1007,1980,24.76013235,-3.441055377,27.96558,120.68672,27.9546,120.667,5,129,0
2818,2847,-22.95987967,-55.80607165,28.04104,120.58846,28.041041,120.588459,9,13889,0
2087,2381,-43.42747298,11.13770785,28.02363,120.66164,28.02682,120.66634,3,45,0
2567,2870,-0.322738391,4.562131917,27.992138,120.656444,27.993073,120.660361,4,437,0
544,1008,-33.56805831,-42.23079361,28.05007,120.58709,28.06212,120.60705,9,93,0
687,2626,3.407338056,55.21566997,28.006318,120.696659,28.00254,120.695427,7,159,0
1682,2572,39.43160862,24.60712312,27.96568,120.73665,27.9677,120.74015,10,96,0
2005,2353,21.70471309,-6.629997591,27.92325,120.6878,27.973777,120.682079,-1,14,0
1888,2037,63.01551519,10.81077858,27.89882,120.82105,27.9208,120.84047,6,32,0
318,2531,-7.161625958,-8.537700205,27.97271,120.64743,27.99591,120.64416,-1,47,0
2602,2847,-23.99466999,-55.80284005,28.041463,120.586511,28.041041,120.588459,9,28688,0
455,1445,31.10614843,48.34378646,27.992983,120.713162,27.99263,120.7145,7,198,0
912,1982,19.87585734,30.75603859,27.98324,120.72334,27.98851,120.70899,-1,15,0
1335,2946,60.53196328,-5.589427997,27.92006,120.82563,27.91587,120.81258,6,98,0
1899,2515,-44.44462972,-46.07402454,28.06248,120.60338,28.06853,120.60201,9,8687,0
761,2745,-58.46991966,-3.332909727,28.02569,120.64175,28.02921,120.62987,7,101,0
2779,2966,70.17502362,-0.839914005,27.9069,120.82629,27.90319,120.81717,6,4684,0
1460,1774,-2.473580907,-17.18927092,27.985304,120.632788,27.99094,120.65242,-1,116,0
2049,2188,-50.9235221,-5.691272252,28.01711,120.63167,28.02031,120.62527,4,298,0
941,1483,31.81043993,48.39447611,27.99057,120.71338,27.9897,120.71206,7,654,0
1690,1713,-46.92695846,-4.703824746,28.0188,120.62823,28.01567,120.62619,4,128,0
1506,2012,-60.02728538,1.932861657,28.02799,120.66168,28.02392,120.644412,-1,21,0
2214,2793,30.2827334,-2.385917684,27.9598,120.68203,27.96841,120.73048,-1,30,0
2552,2656,-42.44354979,7.33014333,28.02662,120.64918,28.024797,120.649708,7,130,0
949,2439,-16.48953499,-57.91799918,28.042263,120.582178,28.04261,120.57226,9,922,0
872,2539,1.693610758,-12.09598823,27.98477,120.64882,27.97231,120.62724,-1,5,0
2236,2787,-5.795130827,37.3149878,27.9946,120.674,28.00461,120.6752,4,127,0
648,770,33.37518924,-25.06412522,27.92779,120.69413,27.921591,120.704296,3,2,0
986,2151,1.762939944,-5.233944995,28.077531,120.587363,28.06452,120.61682,9,37,0
2246,2926,7.765773302,-7.437128401,28.04353,120.61647,28.04361,120.61806,7,83,0
623,2593,27.23730109,-7.864626204,27.94373,120.68649,27.96314,120.66947,5,168,0
608,2202,5.652011711,25.4002196,27.99367,120.69233,27.99802,120.68311,4,21,0
313,1161,39.00317971,-45.75021451,27.900456,120.63408,27.90218,120.626462,3,3614,0
52,1124,51.56379947,-1.829082471,27.93816,120.80145,27.92529,120.82185,6,42,0
937,2592,55.30695134,-11.82822732,27.94444,120.83533,27.93254,120.82423,6,89,0
841,2745,-43.61745882,0.848217195,28.0171,120.63698,28.02921,120.62987,-1,2,0
1255,1926,-4.63294035,21.43089026,27.9997,120.67055,28.01239,120.67322,3,50,0
181,312,21.8882039,7.475343645,27.97517,120.69185,27.97483,120.67456,-1,70,0
1348,1895,32.91850586,-17.11995529,27.92776,120.69408,27.96905,120.70307,-1,10,0
1632,2359,13.00634883,37.80466449,28.0016,120.70563,28.00191,120.70463,7,27,0
279,1456,36.78894133,13.69988636,27.98465,120.73383,27.9905,120.76564,10,5,0
163,2386,11.27369228,60.28787591,28.0157,120.708492,28.01849,120.70996,7,20,0
981,1393,33.90407176,-51.53130172,27.89495,120.67037,27.88797,120.67287,3,2818,0
1115,1400,-24.66402481,-19.85626663,28.01941,120.61672,28.01833,120.60806,3,45,0
41,2523,15.23254301,-36.80009721,27.95746,120.61208,27.95223,120.62989,-1,0,0
234,2778,-7.351603056,-7.075323143,28.01828,120.62547,27.99859,120.64039,-1,17,0
482,2882,46.25856073,24.64525923,27.97359,120.74776,27.970769,120.742755,10,514,0
508,2065,-43.65898446,-13.09708032,28.04337,120.65572,28.03893,120.65902,7,49,0
621,1774,8.150774926,-41.47344173,27.98848,120.61075,27.99094,120.65242,-1,11,0
542,1079,13.3704587,48.33305148,28.00788,120.70268,28.00471,120.71764,7,269,0
740,1804,-12.63991139,-14.3060878,28.011421,120.622423,28.00502,120.61628,4,21,0
943,2342,35.48371098,41.624407,27.98369,120.71502,27.96902,120.74658,-1,218,0
1503,2484,-31.43498224,-49.63519877,28.0363,120.5857,28.07449,120.5874,9,94,0
705,2767,-32.734498,30.60843152,28.00227,120.63088,28.00293,120.64916,3,153,0
1643,1819,1.219344914,-5.841639293,27.98054,120.61279,27.996696,120.603355,8,12,0
1321,1799,-0.418477278,50.00860146,27.99863,120.68954,27.99461,120.68409,4,1045,0
1134,1698,-1.135205894,-13.00144862,27.99644,120.63354,27.95861,120.665556,-1,7,0
1581,1888,65.55822872,4.806948921,27.90633,120.81918,27.89882,120.82105,6,379,0
830,2788,20.07805426,5.334501182,27.97997,120.68921,27.96243,120.65546,-1,3,0
2292,2653,-25.47223237,-46.84825529,28.04572,120.58643,28.03697,120.58917,9,330,0
189,1369,15.68424961,21.77344193,27.98396,120.69007,27.98473,120.6773,4,25,0
2767,2801,-21.26075404,13.47780082,28.00293,120.64916,28.01569,120.65545,3,18,0
794,1944,15.82932511,-50.5067178,27.96834,120.57402,27.97112,120.57378,8,28576,0
211,1159,-11.37422754,-35.42964764,28.01211,120.58988,28.02791,120.59925,-1,46,0
47,2074,40.83086186,18.61703474,27.97433,120.75967,27.986124,120.709577,-1,4,0
717,2125,20.2106582,49.64706502,28.00547,120.71099,28.005059,120.711717,7,101,0
386,1799,-4.426184216,46.90933088,27.99487,120.67969,27.99461,120.68409,4,281,0
204,287,-5.84561722,-22.95346851,27.99015,120.62566,27.986822,120.630326,8,8729,0
1811,2238,33.98721231,-47.9522401,27.89896,120.665197,27.90081,120.68541,3,4,0
11,1845,37.22458695,46.76908703,27.99544,120.72251,27.99406,120.72557,7,22848,0
374,2242,-47.6425206,-45.94777602,28.09473,120.64497,28.094722,120.645,9,51,0
1503,2609,-14.99521924,-28.57120225,28.0363,120.5857,28.01418,120.59753,-1,2,0
1119,1134,0.589367408,-25.33176453,27.98495,120.62353,27.99644,120.63354,8,48,0
1790,1977,-3.922838381,32.61684968,28.00243,120.67766,27.99753,120.67522,4,89,0
48,2510,-15.46892409,26.26942009,28.01947,120.67661,28.02204,120.66593,3,31,0
108,1765,0.657176189,-37.22829816,27.98228,120.5774,27.9931,120.58597,8,65,0
415,1596,-46.63960108,25.62807114,28.01975,120.65219,28.027266,120.655901,-1,164,0
1483,2842,17.30049653,23.53474077,27.9897,120.71206,27.98853,120.69743,-1,9,0
677,2784,-54.78184751,-30.64481326,28.040628,120.619569,28.05184,120.61542,7,2228,0
1878,2774,45.50296769,18.17641513,27.97253,120.76819,27.96407,120.76438,10,1340,0
673,1501,-48.46449335,-42.22310447,28.05464,120.60495,28.05557,120.61784,7,737,0
692,1290,3.194716755,58.94032777,28.00622,120.6991,28.003203,120.691994,7,350,0
500,2142,21.55749722,48.93458563,27.99978,120.7112,27.98684,120.71242,7,17,0
825,1483,21.42140977,29.54074178,27.98567,120.70701,27.9897,120.71206,7,0,0
850,2512,-4.582441915,45.55896302,27.99186,120.67498,27.99935,120.67604,4,51,0
1799,2201,-2.959677597,46.79600991,27.99461,120.68409,27.99446,120.68161,4,303,0
1699,1867,1.680941515,-2.241566265,27.97659,120.67899,27.9905,120.6805,-1,28,0
2211,2272,31.85596403,-41.43537205,27.90973,120.63455,27.91974,120.69145,3,2,0
143,1927,-45.92933288,-19.38604575,28.04546,120.65895,28.04626,120.62785,7,66,0
1998,2103,1.583727298,-33.88387745,27.987217,120.623164,27.98211,120.59701,8,33,0
72,647,6.466599597,-40.99655021,27.97367,120.59704,27.9749,120.63133,8,22,0
54,609,-45.47354252,-7.933441353,28.018598,120.620672,28.02096,120.62016,-1,94,0
1150,2445,-5.542496371,-35.52505863,28.00906,120.58854,27.992515,120.595201,-1,3,0
1249,1259,-36.32537321,25.30847521,28.00533,120.6479,28.00517,120.6494,3,801,0
1074,2801,-43.7996794,30.87044584,28.014943,120.655064,28.01569,120.65545,3,141,0
780,2762,-10.37484875,28.57627694,28.01006,120.68043,28.01919,120.67036,-1,19,0
1363,2789,67.11046697,22.62453423,27.87025,120.79516,27.87222,120.79381,6,12179,0
2232,2881,22.8546624,51.21515513,27.99607,120.71016,28.00606,120.714808,7,98,0
1936,2258,-28.98458129,19.16762357,28.0164,120.657,28.01658,120.65764,3,21,0
420,2425,14.86656226,46.72959679,28.019477,120.715049,28.001305,120.717516,7,18,0
1070,1519,46.46092139,16.5356481,27.97374,120.7589,27.97433,120.75966,10,1879,0
475,2550,5.51333306,-27.35102165,27.98226,120.62389,27.98622,120.61752,8,54,0
603,999,11.30214382,-9.004369655,27.97164,120.62661,27.95989,120.64875,-1,3,0
1620,1988,-31.10708576,-9.403715905,28.01578,120.62194,28.01854,120.63879,-1,22,0
1738,2602,-15.61089594,-56.55150023,28.04081,120.57769,28.041463,120.586511,9,685,0
624,1373,-38.89082792,41.18472003,28.01854,120.66394,28.01793,120.66445,3,878,0
1736,2656,-37.93907451,4.779997789,28.029592,120.6244,28.024797,120.649708,7,58,0
1044,1721,-33.61934258,-2.064770136,28.02116,120.6352,28.01943,120.63656,3,100,0
89,291,-40.52406288,10.35104057,28.0164,120.65703,28.023257,120.659016,3,17,0
182,691,-26.12939126,-16.96341551,28.01939,120.61656,28.05782,120.58736,-1,7,0
339,646,-24.34782715,40.55908687,28.022694,120.675534,28.02101,120.67872,3,182,0
405,2540,13.51600667,24.41057773,27.989232,120.680662,27.991878,120.694119,4,8,0
1517,2431,-15.739946,-8.548408287,28.00754,120.63573,28.0053,120.633,3,21,0
1807,2053,-35.98018633,-9.849850477,28.040568,120.63282,28.01003,120.63016,-1,6,0
828,1753,25.22515636,-10.10395078,27.96168,120.677789,27.96526,120.65283,5,0,0
174,961,-31.36211626,-53.83855523,28.04894,120.64323,28.06451,120.58223,-1,2,0
1221,2484,-39.81187488,-25.28303524,28.074942,120.604791,28.07449,120.5874,9,0,0
926,1102,13.65970458,-9.285094725,27.949664,120.654222,27.95246,120.64545,5,6,0
1238,1673,-33.43627796,30.56815056,28.00439,120.65275,28.00217,120.64577,3,23,0
315,2002,-36.63643252,-64.14660513,28.09085,120.54804,28.08602,120.54798,9,8895,0
726,1453,-11.23111007,-0.411093679,28.00074,120.64324,27.99832,120.6366,3,21,0
1838,2870,-0.476454604,9.435113089,27.992551,120.66046,27.993073,120.660361,4,243,0
872,1428,-39.83884181,-5.814063153,27.98477,120.64882,28.02259,120.62662,-1,0,0
803,1730,-18.46871344,15.83619849,28.02715,120.65114,28.01103,120.66171,-1,20,0
1216,1315,43.89330768,-30.15905831,27.91978,120.70622,27.91937,120.7061,3,1382,0
204,950,7.460049559,-42.96886361,27.99015,120.62566,27.98069,120.61263,8,52,0
331,836,-50.84929659,-32.69734507,28.03958,120.62042,28.02242,120.60801,-1,163,0
25,2680,7.042781361,3.854329918,27.976204,120.667973,27.97782,120.66753,5,628,0
687,833,10.39570983,37.35633854,28.006318,120.696659,28.00262,120.7004,7,4,0
1578,2445,5.504741063,-51.78818222,27.97058,120.5853,27.992515,120.595201,8,1375,0
1998,2778,-5.780538759,-10.01476561,27.987217,120.623164,27.99859,120.64039,-1,95,0
2061,2366,0.830374348,43.89062521,27.98839,120.68338,27.97973,120.67677,-1,1084,0
86,936,-29.38925095,0.22458182,28.01563,120.65181,28.02145,120.63334,3,21,0
1152,1347,-42.59192169,30.47955722,28.013647,120.656985,28.01058,120.65406,3,305,0
133,552,34.4069948,-8.295822259,27.9535,120.69621,27.96536,120.74141,-1,40,0
422,868,-30.43268147,43.19318091,28.00525,120.70299,28.01279,120.66871,-1,4,0
994,2617,-27.15325325,16.966459,28.01318,120.65352,28.02136,120.65561,3,15,0
200,1020,8.231645496,51.13876264,28.00223,120.70203,28.00029,120.70357,7,41,0
1840,2080,-5.941918742,5.242074362,27.9981,120.6541,27.994449,120.671107,-1,22,0
477,1504,33.80656052,34.04083107,27.994763,120.731284,27.987372,120.734892,-1,9,0
1950,2160,26.08166414,29.01000515,27.99139,120.71952,27.9668,120.7548,-1,72,0
1284,2160,41.76415057,4.897574249,27.94439,120.71319,27.9668,120.7548,10,36,0
759,797,43.61938456,25.66273878,27.97238,120.74249,27.97373,120.74409,10,2594,0
761,1419,-37.55779274,-3.976260121,28.02569,120.64175,28.01125,120.62553,-1,4,0
1076,2555,27.72812053,11.44469903,28.03881,120.82892,28.04092,120.83605,2,6798,0
75,1198,-23.35285125,-40.00100274,28.03269,120.59105,28.0332,120.591,9,278,0
1269,2198,-17.5367452,-11.94833636,28.00799,120.62655,28.01139,120.622331,4,55,0
364,1312,-8.525609357,-38.19244877,28.01704,120.5833,28.023857,120.581022,9,49,0
655,895,11.70012947,67.46421685,28.03962,120.71918,28.03688,120.73858,7,978,0
1058,1331,-42.82925719,-25.6443507,28.04752,120.63044,28.07361,120.61293,-1,200,0
2614,2816,-26.97368183,-9.160915131,28.01688,120.6293,28.04411,120.63996,-1,33,0
1433,2899,-26.70184277,5.969180994,28.015196,120.648057,28.02802,120.65472,-1,37,0
532,2802,32.37758345,26.87371461,27.972365,120.730631,27.98055,120.72944,10,16,0
2085,2547,-33.8472594,-48.11422599,28.04973,120.58807,28.077515,120.5896,9,0,0
1005,1172,-35.55534779,30.05611621,28.00628,120.65332,28.00805,120.65442,3,757,0
2500,2946,53.88102183,5.040547776,27.9127,120.77824,27.91587,120.81258,6,17,0
722,2100,55.26394436,-1.546141882,27.92889,120.82314,27.93118,120.82472,6,47,0
502,1767,5.348673652,3.163852476,27.975415,120.651576,27.97914,120.65482,5,17347,0
584,1460,-5.192708358,-21.36724427,27.99383,120.62841,27.985304,120.632788,8,321,0
267,325,66.83255052,18.62692526,27.87206,120.80251,27.867766,120.811222,6,90,0
510,772,-40.19003973,-35.3880082,28.04567,120.60077,28.05187,120.61117,-1,35,0
483,1628,-24.41604778,46.2039972,28.015482,120.68332,28.01497,120.68572,-1,1639,0
603,1204,12.45468112,-40.67522234,27.97164,120.62661,27.94777,120.6125,-1,299,0
1988,2431,-26.9945401,-1.893159168,28.01854,120.63879,28.0053,120.633,3,16,0
1276,2778,-8.212373792,-4.842598358,28.00066,120.58221,27.99859,120.64039,-1,4,0
2748,2758,9.950712925,12.65637511,27.98533,120.67604,27.98519,120.67735,-1,9,0
487,1496,21.67935666,4.303353002,27.98776,120.67428,27.97767,120.70127,4,16,0
2316,2483,-28.68682903,-30.69942541,28.0271,120.60091,28.02455,120.61196,3,82,0
1402,1449,-13.95745661,34.0479733,28.014576,120.681581,28.01592,120.69364,-1,96,0
623,2123,33.28528928,-7.324206412,27.94373,120.68649,27.92383,120.67387,-1,24,0
409,1852,45.9310023,20.1807998,27.95855,120.75661,27.96059,120.7497,10,5339,0
331,2146,-43.73426923,-36.43385132,28.03958,120.62042,28.051431,120.600469,7,179,0
775,2357,35.44054487,-38.88333177,27.9189,120.64478,27.92044,120.6689,3,65,0
828,1805,16.07174755,1.190918428,27.96168,120.677789,27.970239,120.685696,5,46,0
2507,2943,-17.75164752,28.07412848,28.02519,120.66642,28.02187,120.6698,3,49,0
945,1983,72.4217119,9.213293307,27.87922,120.78748,27.88689,120.80628,6,130,0
1055,2111,73.87977389,6.149095382,27.89321,120.79688,27.88503,120.79691,6,1325,0
331,2197,-55.39239652,-28.57460564,28.03958,120.62042,28.04449,120.62163,7,5498,0
1804,2938,-14.12762601,-18.89774962,28.00502,120.61628,28.02158,120.59654,-1,0,0
1650,2816,-55.49892716,-5.602574227,28.020022,120.631375,28.04411,120.63996,-1,33,0
170,1706,43.16939866,-28.35323669,27.92087,120.70636,27.9208,120.70586,3,4353,0
1285,2450,-57.46866502,-19.50327545,28.04108,120.61641,28.04901,120.63968,7,94,0
697,2298,33.61912265,-18.49027634,27.92414,120.70279,27.92952,120.68107,-1,49,0
968,1815,44.49460992,-34.93219504,27.92497,120.69109,27.92444,120.68972,3,1380,0
686,1140,-14.12324642,-55.87489633,28.035763,120.57132,28.04193,120.57698,9,478,0
637,1211,10.52320264,-6.327583906,28.01522,120.68916,28.00477,120.69408,7,14,0
1,90,46.57933813,10.06397549,27.97014,120.75603,27.96939,120.78179,-1,26,0
1503,1708,-14.77109004,-32.5361516,28.0363,120.5857,28.02381,120.59717,-1,49,0
1007,2099,18.43660398,2.895308452,27.96558,120.68672,27.99084,120.68506,-1,22,0
1105,1256,-38.67617545,27.5949431,28.00791,120.64843,28.01222,120.65195,3,1547,0
1020,2540,6.201130407,38.04806287,28.00029,120.70357,27.991878,120.694119,-1,16,0
1054,2170,-6.475256577,-5.769038398,27.99918,120.641648,28.00475,120.642741,3,28,0
1782,2931,4.653078699,52.6095462,27.997236,120.700653,27.998552,120.692752,-1,36,0
2355,2628,-18.44503675,28.62902599,28.02099,120.66672,28.01511,120.67465,3,2,0
2425,2949,16.8460465,40.60054006,28.001305,120.717516,28.000868,120.712569,7,79,0
1491,1724,14.40675989,36.8035026,28.0007,120.70434,28.00258,120.70728,7,13,0
1108,2123,39.59355406,-37.25174906,27.924685,120.69711,27.92383,120.67387,3,137,0
249,1727,57.94507801,-8.004742967,27.91719,120.84188,27.91218,120.83617,6,268,0
1759,2284,-22.40868908,43.95225912,28.018481,120.682668,28.02084,120.67866,3,231,0
1717,1885,8.877023813,-44.05225728,27.99375,120.61713,27.96887,120.61609,8,160,0
112,1429,-22.08224715,-19.68693467,28.01472,120.61007,28.019912,120.604277,3,15,0
1896,2048,-34.38559602,-50.10664466,28.10296,120.57827,28.07875,120.58356,9,75,0
305,1269,-16.07371661,-13.35677662,28.008511,120.618079,28.00799,120.62655,4,73,0
243,841,-4.566236923,-4.213954095,28.000291,120.647161,28.0171,120.63698,3,0,0
268,2129,-6.519735347,8.763733455,28.002086,120.662539,27.98951,120.64774,-1,15,0
1025,2282,12.95342099,25.48870603,27.992,120.69598,27.99125,120.69051,4,8,0
627,2213,-55.29583526,5.542784492,28.0494,120.66193,28.0397,120.63304,7,55,0
1212,1966,4.795188155,-56.99279598,27.99789,120.56689,27.99619,120.58337,8,673,0
365,861,8.299550573,-4.876260427,27.98328,120.65734,27.97392,120.65352,-1,32,0
1092,1187,14.5066576,-16.30378463,27.96187,120.66042,27.96331,120.66311,5,27186,0
164,983,8.117968293,-12.15612343,27.95724,120.65969,27.97699,120.64991,5,69,0
2499,2914,-43.6829021,21.28859538,28.01676,120.64573,28.01922,120.64427,3,1947,0
1293,1727,57.36481513,-8.460989316,27.93743,120.83414,27.91218,120.83617,6,280,0
273,841,-32.82251679,2.795284015,28.02613,120.64691,28.0171,120.63698,-1,37,0
332,2341,8.621790531,23.02350786,28.00341,120.68731,27.98923,120.68066,4,14,0
1705,1888,63.48646675,9.544763869,27.90977,120.83609,27.89882,120.82105,6,15,0
475,2772,-0.261533961,-19.86171879,27.98226,120.62389,27.979611,120.629271,8,439,0
1297,2826,67.44096646,16.44015734,27.87104,120.82114,27.86957,120.81322,6,140,0
1402,2557,-23.10593437,48.39247845,28.014576,120.681581,28.014329,120.680824,3,1471,0
227,1008,-46.10862871,-26.32749695,28.05333,120.63083,28.06212,120.60705,-1,123,0
1777,2671,0.298154444,59.95515286,28.00536,120.69345,28.00505,120.694054,7,70,0
1433,2283,-33.58797897,20.27932735,28.015196,120.648057,28.012454,120.649446,3,56,0
345,520,73.29629806,11.20878961,27.885116,120.788686,27.88953,120.79251,6,262,0
779,2316,-29.83743353,-35.02376059,28.03387,120.594038,28.0271,120.60091,-1,88,0
327,439,-34.62732971,1.683067153,28.02432,120.64367,28.02332,120.64816,3,8,0
272,1517,-20.60941118,-3.327791336,28.007544,120.635725,28.00754,120.63573,3,14,0
319,449,29.11738686,-10.91630805,27.93831,120.66539,27.93173,120.70133,-1,15,0
1036,2110,45.05298395,-19.88199975,27.92406,120.70335,27.92408,120.70403,3,417,0
1470,2176,19.6090419,-10.91220202,27.97225,120.68006,27.95843,120.65338,5,5,0
189,912,17.53247259,21.42479478,27.98396,120.69007,27.98324,120.72334,-1,34,0
1294,1485,-35.69874355,-51.79167027,28.06952,120.58518,28.07932,120.57283,9,19,0
678,2200,-61.46518817,8.526548861,28.04554,120.65654,28.03746,120.65611,7,111,0
746,1194,24.65791561,-15.94338004,27.94545,120.66986,27.9573,120.67705,5,857,0
287,490,-1.563058261,-21.40379481,27.986822,120.630326,28.00307,120.6298,-1,28,0
259,1927,-44.82022185,-13.42170616,28.05022,120.66531,28.04626,120.62785,7,20,0
445,758,-2.378011676,35.74192694,27.99681,120.68119,27.99542,120.68153,4,135,0
510,691,-35.57500255,-40.60254819,28.04567,120.60077,28.05782,120.58736,9,19,0
1424,1583,0.318231893,-4.391732529,28.02108,120.60101,28.01294,120.61133,3,0,0
1591,2300,22.77238686,57.07689848,28.00528,120.70899,27.99832,120.72424,7,389,0
657,1905,31.48521513,-50.05199514,27.878795,120.706921,27.86345,120.67392,3,200,0
9,207,-10.59452663,2.816698612,27.99378,120.6501,27.99871,120.65225,3,14,0
826,1385,3.9120622,-26.15835515,28.04636,120.62567,28.05153,120.62762,7,22,0
112,813,-22.8058767,-20.50493211,28.01472,120.61007,28.01833,120.607999,3,2295,0
2180,2264,6.313742685,-10.78540171,27.98333,120.65125,27.95241,120.64911,5,16,0
328,1385,-47.97769193,-15.06797912,28.05929,120.65781,28.05153,120.62762,7,42,0
1850,2560,70.06544656,19.47079688,27.86362,120.81173,27.86448,120.80129,6,430,0
1824,2721,39.20279119,-23.70052247,27.9227,120.70332,27.92299,120.70473,3,39,0
1276,2094,3.29455626,-54.47865492,28.00066,120.58221,27.992,120.60987,8,1360,0
455,2232,19.93821626,36.99089428,27.992983,120.713162,27.99607,120.71016,7,28,0
1441,2486,-67.58784345,9.690376113,28.04381,120.65767,28.04854,120.66293,7,176,0
2150,2575,-28.6960802,-35.56809829,27.99711,120.58895,28.02926,120.59028,-1,409,0
368,2475,9.927527022,45.00403478,28.0175,120.69666,28.013766,120.701869,7,94,0
803,876,-30.97940672,-1.771591736,28.02715,120.65114,28.01851,120.63892,-1,80,0
2183,2865,65.95762033,4.960589551,27.89444,120.81353,27.90471,120.82127,6,112,0
935,1939,1.563196359,30.13040574,27.97987,120.68111,28.00197,120.68016,4,37,0
949,2602,-21.1699608,-56.883409,28.042263,120.582178,28.041463,120.586511,9,10742,0
11,2667,32.59664451,31.50923201,27.99544,120.72251,27.98624,120.73426,-1,19,0
1939,1991,-6.711916924,52.77752237,28.00197,120.68016,28.00104,120.67237,-1,158,0
468,1736,-34.2885707,-9.783114896,28.02464,120.59155,28.029592,120.6244,-1,96,0
1065,1180,20.69162998,4.072480391,27.9775,120.701388,27.97777,120.70138,4,49,0
1910,2435,0.517727541,14.84163904,27.992221,120.669443,27.99236,120.66956,4,25,0
611,1584,70.23893945,13.88138696,27.867358,120.820794,27.89209,120.81396,6,19,0
866,1865,42.93240476,33.09721905,27.97155,120.73972,27.97506,120.73909,10,11596,0
2146,2818,-34.13108623,-39.32223149,28.051431,120.600469,28.04104,120.58846,-1,12,0
1082,2499,-24.50381186,4.016444673,28.016688,120.655528,28.01676,120.64573,3,4,0
464,972,18.41357436,-8.688697997,27.9659,120.64111,27.94366,120.68317,-1,2,0
1805,2562,17.76687249,1.760250406,27.970239,120.685696,27.96972,120.68472,5,13,0
1444,2588,-20.44531942,-42.12849992,28.019216,120.588125,28.02213,120.5743,9,62,0
2261,2788,17.99850151,3.844314897,27.97054,120.68557,27.96243,120.65546,5,2,0
1590,1732,-22.63619823,-34.11416523,28.02239,120.59436,28.027103,120.600906,3,105,0
703,1576,7.95778723,-32.15505672,27.99417,120.59982,27.970529,120.613192,8,6,0
2061,2127,6.878394829,20.40283039,27.98839,120.68338,27.98869,120.6726,4,14,0
906,1386,0.434112624,39.98181092,28.01211,120.69386,27.98557,120.68544,-1,75,0
2290,2316,-13.9173411,-29.22165735,28.01109,120.5954,28.0271,120.60091,3,74,0
552,574,32.96035346,-7.922682418,27.96536,120.74141,27.93368,120.71241,-1,19,0
1391,2362,31.37132841,-22.13323563,27.95467,120.69939,27.92159,120.70412,-1,71,0
1296,2649,70.80039041,8.125858794,27.89897,120.79855,27.88565,120.80804,6,36,0
1178,2249,0.978978424,34.17411359,27.99689,120.69531,27.997139,120.68626,4,52,0
343,2890,-51.51158303,-24.53910515,28.03943,120.62365,28.02424,120.6348,-1,30,0
545,744,11.50726721,-3.87680508,27.96676,120.65937,27.96358,120.66496,5,94,0
2539,2849,9.978284589,-30.5984739,27.97231,120.62724,27.92064,120.57853,-1,0,0
1653,2220,-31.35285907,33.09827575,28.00714,120.65555,28.00312,120.65703,3,152,0
1386,1848,12.36853173,19.88265286,27.98557,120.68544,27.96164,120.66747,-1,19,0
636,1911,28.05671876,40.36422794,27.98612,120.70958,27.97773,120.72673,-1,24,0
1164,2746,-37.74381051,-16.61694324,28.04057,120.64705,28.03863,120.61579,7,64,0
442,2064,58.9695484,9.214512913,27.92124,120.83163,27.889525,120.804362,6,55,0
47,1806,47.93401576,17.7813616,27.97433,120.75967,27.971111,120.759166,10,9799,0
818,972,15.11245056,-36.46249565,27.94749,120.64401,27.94366,120.68317,5,37,0
615,2366,11.3564442,15.45433333,27.99109,120.67677,27.97973,120.67677,-1,152,0
268,1342,-4.790687737,17.36981402,28.002086,120.662539,28.00491,120.67627,-1,7,0
273,955,-60.88175246,0.267738926,28.02613,120.64691,28.04133,120.65311,7,528,0
1178,1613,8.072416443,35.39496912,27.99689,120.69531,28.00291,120.69868,-1,53,0
773,2353,3.659511306,17.71710094,27.989406,120.673557,27.973777,120.682079,-1,176,0
181,191,17.74157185,3.513326136,27.97517,120.69185,27.96628,120.68116,-1,53,0
501,904,-5.437332931,56.63936251,28.004176,120.686025,28.006121,120.686436,4,1058,0
772,2588,-38.57763364,-29.72912501,28.05187,120.61117,28.02213,120.5743,-1,4,0
9,1054,-8.505993732,-12.48923289,27.99378,120.6501,27.99918,120.641648,3,82,0
14,627,-65.27097953,13.40350662,28.02496,120.66541,28.0494,120.66193,-1,31,0
1557,2028,69.30186262,0.591374168,27.90165,120.81193,27.92122,120.80887,6,49,0
59,2496,53.47496397,7.837734671,27.90238,120.80278,27.94412,120.76969,-1,27,0
2617,2658,-29.35291861,2.875607378,28.02136,120.65561,28.023438,120.62652,-1,17,0
2353,2720,17.86191055,9.776746991,27.973777,120.682079,27.97853,120.684,-1,430,0
112,1583,-18.97069818,-19.83985434,28.01472,120.61007,28.01294,120.61133,3,1267,0
127,2325,32.02552869,-29.15798901,27.9207,120.68866,27.91782,120.69607,3,0,0
341,909,1.507276559,-10.82507746,27.98975,120.64468,27.95992,120.64877,-1,37,0
2012,2890,-51.06717545,6.187820977,28.02392,120.644412,28.02424,120.6348,3,749,0
1370,1724,24.03770239,52.8885731,28.00092,120.7074,28.00258,120.70728,7,292,0
860,1796,-39.72573189,-11.40755859,28.03044,120.64309,28.04071,120.63988,7,0,0
530,2841,8.919324595,33.92780633,28.001624,120.691201,28.000286,120.70749,-1,62,0
2287,2767,-14.88206796,0.547653838,28.002169,120.645773,28.00293,120.64916,3,299,0
746,1391,28.94808889,-7.208664177,27.94545,120.66986,27.95467,120.69939,-1,144,0
2370,2857,-34.96201936,-49.24736338,28.08375,120.59178,28.09805,120.59534,9,23,0
1552,2556,18.51979081,54.0869064,28.00524,120.72204,28.00322,120.7122,7,342,0
756,1849,65.99208823,5.642852261,27.90472,120.82388,27.89831,120.81286,6,637,0
1650,2614,-50.50550829,-6.682211217,28.020022,120.631375,28.01688,120.6293,4,686,0
913,2968,-38.21524874,33.06763147,28.01042,120.65885,28.02802,120.6546,-1,6,0
1879,2671,5.809735094,31.73369427,27.999526,120.680665,28.00505,120.694054,-1,12,0
1407,2094,7.748622857,-30.92371389,27.97235,120.62717,27.992,120.60987,8,0,0
120,1913,-19.09181575,-30.31893758,28.0183,120.607999,28.02588,120.60418,3,32,0
89,2263,-23.27712491,14.55206277,28.0164,120.65703,28.00726,120.65848,3,48,0
751,2116,-34.94533627,-38.65385546,28.02449,120.61195,28.04925,120.60197,-1,8,0
60,1581,57.79218738,9.245945468,27.89629,120.80392,27.90633,120.81918,6,34,0
347,1549,27.826071,46.48395165,27.98785,120.71681,27.98966,120.70619,7,103,0
722,966,60.56249018,-6.713586582,27.92889,120.82314,27.918388,120.823666,6,223,0
836,1115,-24.86487191,-16.30735878,28.02242,120.60801,28.01941,120.61672,3,57,0
194,2512,-7.79915945,46.97652255,28.0005,120.67726,27.99935,120.67604,4,2676,0
280,961,-31.39024161,-52.47898725,28.07993,120.58958,28.06451,120.58223,9,36,0
438,2622,-50.14163614,-23.27496845,28.03933,120.62364,28.0547,120.64565,7,9,0
517,1360,2.761731027,49.13272823,27.99235,120.69767,27.993854,120.698744,4,235,0
738,870,37.93296391,13.28842624,27.9652,120.81554,27.99111,120.78113,-1,4,0
941,1526,33.22730707,50.22386046,27.99057,120.71338,27.98884,120.71605,7,118,0
1939,2755,-5.13772178,51.74719842,28.00197,120.68016,27.99953,120.68067,4,1108,0
668,2658,-32.49439494,-8.03726451,28.0105,120.60976,28.023438,120.62652,-1,16,0
446,621,4.374187693,-46.20623885,27.98581,120.61459,27.98848,120.61075,8,23422,0
182,1400,-25.97136544,-21.37125502,28.01939,120.61656,28.01833,120.60806,3,2855,0
1439,2142,23.45774528,46.60763503,28.005515,120.719495,27.98684,120.71242,7,12,0
1033,1273,-23.16000329,-11.18609601,28.007951,120.626328,28.02347,120.61544,-1,94,0
331,2938,-12.95790947,-31.25046641,28.03958,120.62042,28.02158,120.59654,-1,44,0
2656,2737,-59.25115321,11.73180875,28.024797,120.649708,28.039023,120.659441,7,101,0
1680,2418,21.06518433,-8.266459365,27.96413,120.67139,27.93672,120.67951,5,8,0
2200,2914,-32.60530272,4.058888664,28.03746,120.65611,28.01922,120.64427,-1,26,0
1273,2188,-46.27470418,-6.634017108,28.02347,120.61544,28.02031,120.62527,-1,12,0
257,468,-33.45631563,-49.14699862,28.076984,120.602335,28.02464,120.59155,-1,25,0
1217,1595,-35.91599477,-1.712268252,28.02385,120.64132,28.03104,120.63718,-1,0,0
936,1646,-53.21814241,2.329305521,28.02145,120.63334,28.03083,120.63755,-1,11,0
1290,1591,12.76496126,33.20274239,28.003203,120.691994,28.00528,120.70899,7,19,0
438,2784,-54.32292635,-27.15469583,28.03933,120.62364,28.05184,120.61542,7,348,0
394,2116,-20.63857604,-39.00337466,28.029211,120.593311,28.04925,120.60197,-1,3,0
93,1698,15.56727119,-8.35922068,27.95117,120.66753,27.95861,120.665556,5,181,0
250,644,-17.93859465,17.54929868,28.014565,120.656448,28.01278,120.65944,3,21,0
1020,1591,8.675082304,57.08413553,28.00029,120.70357,28.00528,120.70899,7,497,0
2044,2804,-18.08448959,35.3581914,28.021,120.679,28.02126,120.68452,-1,59,0
1273,1429,-27.60474415,-19.39509977,28.02347,120.61544,28.019912,120.604277,3,26,0
1058,1940,-45.70649284,-25.52665922,28.04752,120.63044,28.05756,120.60725,7,90,0
1966,2076,5.499793416,-55.7000974,27.99619,120.58337,27.99335,120.57729,8,1822,0
1349,1423,-39.80929715,22.29013989,28.01544,120.64648,28.0149,120.64587,3,55,0
76,2693,17.77820125,33.78924057,27.99619,120.71034,27.989197,120.703236,7,13,0
2516,2793,39.9289424,31.476971,27.97841,120.73883,27.96841,120.73048,10,367,0
1905,2047,32.65531606,-52.72713944,27.86345,120.67392,27.8738,120.67228,3,1962,0
659,1006,-1.694660103,-37.00394443,27.98025,120.58452,27.99467,120.56692,8,0,0
2537,2779,54.18872489,4.981357307,27.92328,120.80462,27.9069,120.82629,6,0,0
72,1311,7.436724088,-51.48279488,27.97367,120.59704,27.98966,120.57449,8,651,0
1624,2083,13.05340719,-39.6975173,27.971715,120.608414,27.95887,120.60962,-1,255,0
1713,2198,-50.53052295,-9.074308253,28.01567,120.62619,28.01139,120.622331,4,1837,0
181,1855,3.841965687,-3.616842239,27.97517,120.69185,27.98606,120.67631,-1,32,0
1646,2642,-61.77043495,0.577128915,28.03083,120.63755,28.03965,120.64593,7,259,0
1391,2901,26.83418735,1.705932987,27.95467,120.69939,27.97339,120.7071,10,166,0
1027,1529,-34.45845931,-52.64572699,28.08394,120.58605,28.10206,120.54994,9,40,0
529,1534,-23.02394284,44.42924217,28.01174,120.68077,28.017189,120.678534,3,30,0
468,2168,-23.71222445,-26.91434473,28.02464,120.59155,28.02265,120.60445,3,361,0
1104,2010,-5.974362604,48.47263272,27.99923,120.67458,27.99742,120.68104,4,358,0
2119,2708,40.89309236,28.71032134,27.97513,120.74591,27.975,120.745833,10,195,0
1680,1895,27.53412841,-3.652271314,27.96413,120.67139,27.96905,120.70307,-1,301,0
147,1626,-21.03276236,-24.60526575,28.01625,120.60085,28.01389,120.60169,3,6267,0
1855,2080,3.289977756,20.28178718,27.98606,120.67631,27.994449,120.671107,4,42,0
2021,2331,41.0643648,-37.99360514,27.92043,120.68424,27.92645,120.67635,3,16307,0
1948,2793,39.15151607,6.591543753,27.96583,120.74971,27.96841,120.73048,10,218,0
213,1670,-46.41275865,6.869685727,28.01009,120.63564,28.00788,120.63732,3,188,0
12,520,74.90574986,9.943016325,27.8751,120.81027,27.88953,120.79251,6,1314,0
89,583,-26.21888517,0.522980615,28.0164,120.65703,28.023258,120.644214,3,33,0
954,1056,-14.42079871,29.55694368,28.018214,120.672196,28.015277,120.673055,3,16,0
2229,2705,-7.683561358,-0.31138074,27.99852,120.65649,27.999704,120.646389,3,2,0
865,2509,-37.30664021,-33.11236375,28.0464,120.604,28.02225,120.60442,-1,7,0
1308,1321,3.166059021,35.69530316,27.98404,120.68203,27.99863,120.68954,4,28,0
619,1515,-38.98546548,33.95345125,28.01319,120.65921,28.01034,120.65781,3,263,0
609,1899,-34.94821654,-23.55506333,28.02096,120.62016,28.06248,120.60338,-1,125,0
520,2570,73.36338786,7.469925661,27.88953,120.79251,27.8882,120.80334,6,636,0
811,2250,28.51786955,-26.40898893,27.92878,120.69672,27.92446,120.6923,3,25,0
2342,2632,19.55750271,37.8420803,27.96902,120.74658,28.0072,120.71529,-1,0,0
9,2620,-7.504267135,9.781308179,27.99378,120.6501,28.005401,120.667985,3,0,0
599,2593,20.84295344,-5.8792044,27.97321,120.72684,27.96314,120.66947,-1,0,0
124,2778,-5.075081054,-8.700335132,27.99261,120.62341,27.99859,120.64039,-1,8,0
1159,2116,-30.05827694,-35.54566753,28.02791,120.59925,28.04925,120.60197,-1,107,0
143,292,-52.13972809,14.87346679,28.04546,120.65895,28.02857,120.65898,7,10,0
79,1633,39.56328405,-29.7348486,27.921889,120.696181,27.921943,120.703398,3,210,0
1053,2149,17.59071554,24.3055891,27.99068,120.7167,27.98472,120.69611,-1,4,0
188,2176,11.23698979,-10.59638296,27.97988,120.63103,27.95843,120.65338,-1,16,0
2396,2666,-59.34320166,-27.92359308,28.03985,120.62173,28.04116,120.62863,7,382,0
1587,2088,-16.35960249,-8.590355207,28.00917,120.64028,28.00822,120.63366,3,50,0
522,1667,15.3944678,-40.88531455,27.95536,120.60011,27.93583,120.61337,-1,22,0
1360,1470,19.893892,1.087549581,27.993854,120.698744,27.97225,120.68006,-1,2,0
79,2000,39.98653639,-28.64577523,27.921889,120.696181,27.92247,120.70628,3,423,0
578,2272,35.34192274,-37.97811268,27.91219,120.68358,27.91974,120.69145,3,223,0
27,1195,13.88102654,58.13951869,28.00949,120.71444,28.008888,120.709166,7,451,0
617,1094,-9.910448403,-26.89043946,28.013371,120.594287,28.01845,120.59962,3,1282,0
147,2372,-19.94891657,-28.37076295,28.01625,120.60085,28.023805,120.597166,3,189,0
409,2414,43.40937403,21.16677055,27.95855,120.75661,27.96391,120.75937,10,38,0
1058,2622,-59.29755884,-13.91559047,28.04752,120.63044,28.0547,120.64565,7,235,0
1506,2164,-20.53452987,23.39851188,28.02799,120.66168,28.01286,120.66582,-1,15,0
6,2121,-66.6276625,13.99296732,28.0635,120.68056,28.069062,120.675355,7,1117,0
819,1849,66.9559408,2.173693467,27.91736,120.79806,27.89831,120.81286,6,34,0
1706,2331,32.44222318,-14.44720879,27.9208,120.70586,27.92645,120.67635,3,0,0
1255,1470,-6.205327221,10.3994038,27.9997,120.67055,27.97225,120.68006,-1,3,0
1796,1807,-63.87756524,-1.485089499,28.04071,120.63988,28.040568,120.63282,7,2650,0
305,1345,-16.39530359,-14.25785173,28.008511,120.618079,28.00711,120.61047,4,165,0
1419,1690,-25.83123006,-9.646441352,28.01125,120.62553,28.0188,120.62823,4,8,0
1197,2233,73.14019674,19.73481921,27.8679,120.81282,27.86543,120.81525,6,7047,0
2301,2796,37.0672523,16.64026965,27.97211,120.77582,27.97189,120.75195,10,4,0
819,857,68.34202008,-5.64504107,27.91736,120.79806,27.93632,120.80777,6,593,0
1501,1703,-44.7602841,-27.87206752,28.05557,120.61784,28.0483,120.62027,7,60,0
733,2250,30.49428935,-29.7718742,27.92387,120.69144,27.92446,120.6923,3,44,0
2300,2408,37.64075462,16.28824444,27.99832,120.72424,27.97638,120.75557,-1,4,0
77,619,-16.45798977,15.48498181,28.00743,120.64853,28.01319,120.65921,3,15,0
1621,2092,-30.85486702,-5.92009487,28.016871,120.633719,28.0195,120.63455,-1,11,0
1956,2248,22.1826564,5.036714957,27.96946,120.72066,27.97512,120.69186,10,23,0
1177,1579,0.051294714,60.48967087,28.00586,120.69435,28.00642,120.69411,7,312,0
502,1698,5.912645597,-13.22307944,27.975415,120.651576,27.95861,120.665556,5,78,0
298,2325,39.95665646,-30.78007171,27.92054,120.70164,27.91782,120.69607,3,388,0
803,2914,-45.15029509,13.42489618,28.02715,120.65114,28.01922,120.64427,-1,255,0
687,1025,9.507149718,32.6332383,28.006318,120.696659,27.992,120.69598,-1,4,0
327,2914,-29.331069,5.448536006,28.02432,120.64367,28.01922,120.64427,3,42,0
108,2076,7.417435054,-54.51895668,27.98228,120.5774,27.99335,120.57729,8,269,0
442,937,54.46652793,-8.966738393,27.92124,120.83163,27.94444,120.83533,6,118,0
200,2694,7.888105437,51.37512699,28.00223,120.70203,28.00118,120.70197,7,30,0
758,2424,-5.478197731,23.31451324,27.99542,120.68153,28.01008,120.67058,-1,19,0
160,2822,40.30312996,36.95099485,27.97864,120.71467,27.97743,120.73394,10,1273,0
178,1587,-41.26238747,22.46390389,28.01444,120.65108,28.00917,120.64028,3,16,0
585,1472,7.193002759,37.95895032,28.00115,120.70215,27.99188,120.69412,-1,13,0
202,1779,-37.62157784,30.45950974,28.0087,120.65515,28.01179,120.65261,3,279,0
1572,1626,-18.05253925,-29.54351682,28.02693,120.60664,28.01389,120.60169,3,81,0
203,1859,64.98567238,15.01063307,27.87118,120.80926,27.87212,120.80789,6,19,0
1306,1870,-3.841703448,8.748490435,27.99383,120.62833,27.99576,120.6574,-1,37,0
305,1286,-35.24722342,17.25166137,28.008511,120.618079,28.01117,120.65006,-1,11,0
234,1988,-30.92337796,-8.896598268,28.01828,120.62547,28.01854,120.63879,-1,38,0
1399,2746,-50.5154232,-34.65698408,28.024487,120.608733,28.03863,120.61579,-1,530,0
727,1322,2.466281257,60.66795894,28.00933,120.69355,28.00798,120.69032,7,5586,0
1590,1708,-27.32700403,-36.02106875,28.02239,120.59436,28.02381,120.59717,3,4461,0
1953,2535,-23.74596095,47.13615029,28.01063,120.68159,28.01377,120.68309,3,131,0
761,1711,-39.2817149,-0.454130823,28.02569,120.64175,28.06516,120.64246,7,4,0
426,439,-33.43717114,5.160863207,28.025933,120.641498,28.02332,120.64816,-1,9,0
148,2833,72.75785595,18.3028565,27.87141,120.8205,27.871,120.821,6,1286,0
474,2213,-48.19549639,-20.2679945,28.043365,120.633224,28.0397,120.63304,7,41,0
212,2660,49.60850599,-3.936331018,27.95491,120.7872,27.9602,120.81638,-1,180,0
174,2450,-59.98367501,-15.48260013,28.04894,120.64323,28.04901,120.63968,7,7921,0
1747,2837,35.59085302,28.86560301,27.978667,120.735061,27.9784,120.74066,10,37,0
160,1522,30.10777413,28.39346577,27.97864,120.71467,27.987423,120.723357,-1,50,0
1496,1956,22.99870674,3.921592001,27.97767,120.70127,27.96946,120.72066,-1,118,0
205,1283,1.887636848,38.23432823,27.9885,120.68917,27.992019,120.689101,4,32,0
39,2857,-40.08694398,-52.27180822,28.10718,120.62483,28.09805,120.59534,9,186,0
1692,2379,-42.33389814,-13.16518431,28.0404,120.64565,28.04982,120.6511,7,30,0
556,649,0.295870139,-15.39278636,27.99014,120.62903,27.981943,120.645555,-1,6,0
1331,2242,-47.09513353,-46.16539713,28.07361,120.61293,28.094722,120.645,9,235,0
1273,2167,-37.03121487,-17.61995789,28.02347,120.61544,28.0438,120.65797,-1,32,0
691,1138,-25.8212361,-58.4801882,28.05782,120.58736,28.05708,120.58299,9,357,0
161,2200,-60.22314782,8.498234996,28.043888,120.656111,28.03746,120.65611,7,28,0
127,1826,30.54380896,-28.89351251,27.9207,120.68866,27.92285,120.68994,3,13,0
1342,1979,-14.16744911,48.90144051,28.00491,120.67627,28.00367,120.67052,-1,93,0
841,2344,-25.50307119,-4.504714142,28.0171,120.63698,28.000843,120.64058,3,2,0
1051,1503,-36.77133404,-33.62476236,28.04252,120.60963,28.0363,120.5857,-1,6,0
1651,1845,41.48682444,45.00797148,27.97707,120.74717,27.99406,120.72557,-1,237,0
221,1635,18.34125446,44.85163796,28.00742,120.71768,27.999841,120.721011,7,14,0
1394,1991,-8.950413867,45.51636597,27.99572,120.672658,28.00104,120.67237,-1,1304,0
2359,2675,11.81170491,36.30066125,28.00191,120.70463,28.0028,120.699,7,6,0
160,2889,31.49572308,25.74045179,27.97864,120.71467,27.97509,120.72769,10,66,0
1494,2729,-60.91214289,-15.16206718,28.04977,120.64759,28.05359,120.63947,7,1792,0
1228,2274,72.9225263,16.01879272,27.873505,120.818568,27.87983,120.81482,6,408,0
1201,2263,-13.72488655,11.4550114,28.005325,120.655607,28.00726,120.65848,3,39,0
1865,2071,40.94009576,26.4945527,27.97506,120.73909,27.97079,120.74276,10,45,0
246,1855,9.5095613,12.64160149,27.95634,120.66596,27.98606,120.67631,-1,6,0
2366,2508,18.47156326,12.62763408,27.97973,120.67677,27.96724,120.66561,5,699,0
48,2507,-24.75401522,37.80174571,28.01947,120.67661,28.02519,120.66642,3,995,0
827,1038,-5.122008422,-15.86117274,27.989718,120.637748,27.9897,120.63813,8,5,0
1929,2211,38.86436913,-47.38998643,27.91255,120.63921,27.90973,120.63455,3,8048,0
1395,2944,18.40010803,43.76541142,27.998361,120.720456,27.99929,120.722247,7,6,0
415,2939,-33.91686483,24.76031221,28.01975,120.65219,28.011397,120.653141,3,369,0
1657,1736,-39.45472077,-20.95581243,28.04146,120.62266,28.029592,120.6244,7,23,0
214,606,-10.53393421,-6.910278086,28.01125,120.625528,28.004829,120.6409,-1,0,0
1388,2528,-36.8529285,13.75752365,28.01822,120.64711,28.023744,120.653645,-1,66,0
2122,2801,-25.08457757,10.97203502,28.01469,120.65426,28.01569,120.65545,3,7,0
846,2632,13.8790966,45.87421413,28.00453,120.74869,28.0072,120.71529,7,2,0
708,2144,39.36669555,-22.14519405,27.9343,120.7072,27.92809,120.70577,3,76,0
801,2123,30.19325938,-43.24599969,27.87582,120.66951,27.92383,120.67387,3,36,0
1134,1446,6.449237976,-31.85482041,27.99644,120.63354,27.98015,120.60519,8,72,0
539,2528,-41.47219181,15.37380596,28.01516,120.65303,28.023744,120.653645,-1,191,0
42,1081,-15.47712383,43.81358463,28.0014,120.65569,27.997963,120.659738,3,322,0
2328,2714,68.6476457,12.009161,27.88837,120.81206,27.8832,120.80518,6,46,0
2127,2383,2.304358815,18.06981281,27.98869,120.6726,27.99134,120.67277,4,9,0
1764,2549,9.488589716,-46.36244751,27.96875,120.60619,27.98841,120.58255,8,12,0
845,1512,-29.27640618,-52.18171622,28.06506,120.57549,28.04225,120.58748,9,27,0
347,1391,28.07407868,2.916578275,27.98785,120.71681,27.95467,120.69939,-1,46,0
1510,2745,-55.82832482,-5.674462964,28.023269,120.632426,28.02921,120.62987,7,305,0
319,2250,20.26377369,-8.80419949,27.93831,120.66539,27.92446,120.6923,-1,0,0
1460,1767,-2.59663073,-17.64863678,27.985304,120.632788,27.97914,120.65482,-1,56,0
2468,2656,-44.08351984,14.60902541,28.022717,120.632107,28.024797,120.649708,-1,222,0
487,2003,-2.120129876,33.87700583,27.98776,120.67428,28.00191,120.67862,4,51,0
823,1794,21.96460858,-13.67416502,27.9511,120.66043,27.94302,120.67619,5,164,0
5,6,-67.23877994,16.34078131,28.05615,120.67115,28.0635,120.68056,7,296,0
2903,2915,9.139093106,19.64968915,27.98648,120.68189,27.98732,120.68157,4,17,0
1690,2614,-48.74414127,-5.005454925,28.0188,120.62823,28.01688,120.6293,4,57,0
1496,1678,18.19012487,34.55977262,27.97767,120.70127,27.99551,120.70595,4,55,0
252,1448,20.78544539,40.05948578,27.9874,120.73534,27.99567,120.715,-1,0,0
284,2698,28.8084486,-18.92363682,27.92764,120.69437,27.929541,120.681063,-1,82,0
1278,2781,25.32974335,15.32822651,28.03156,120.78528,28.04723,120.76804,2,75,0
1492,2467,-57.90606634,-2.640308942,28.02508,120.63816,28.025613,120.638246,7,355,0
406,891,64.0095568,20.68089694,27.89033,120.77895,27.85508,120.7815,6,77,0
397,572,8.859535904,-57.88664735,27.98278,120.56366,27.99271,120.56614,8,405,0
27,727,13.93701902,45.31419034,28.00949,120.71444,28.00933,120.69355,7,21,0
813,1014,-24.14967918,-20.09737131,28.01833,120.607999,28.0197,120.61522,3,110,0
1975,2373,-6.49448366,9.804529832,27.99941,120.66015,27.99672,120.65264,3,24,0
257,273,-38.78497915,3.431993999,28.076984,120.602335,28.02613,120.64691,-1,9,0
1660,1849,63.78444592,6.667369813,27.91134,120.80988,27.89831,120.81286,6,150,0
113,171,-7.615907768,-6.466912984,28.01211,120.63736,28.00072,120.63977,3,11,0
868,2787,-8.582202212,52.52468796,28.01279,120.66871,28.00461,120.6752,-1,13,0
1944,2817,0.947095889,-40.44291221,27.97112,120.57378,27.98271,120.56368,8,185,0
1443,2087,-24.09580431,36.30133495,28.02212,120.67074,28.02363,120.66164,3,219,0
1025,1326,7.119410331,35.63325325,27.992,120.69598,28.0011,120.69646,-1,56,0
1634,1785,-17.72729972,-56.64659172,28.04413,120.57523,28.043723,120.575415,9,1256,0
857,2254,64.73650937,-7.705367817,27.93632,120.80777,27.923401,120.816621,6,448,0
608,1211,4.609483327,35.14165679,27.99367,120.69233,28.00477,120.69408,-1,49,0
2210,2420,1.305820981,-25.24968342,27.9824,120.62638,27.98362,120.61785,8,45,0
1474,2178,-17.43017494,-39.5982771,28.02436,120.58545,28.02937,120.59162,9,40,0
1718,2637,18.80011191,57.2205453,28.001831,120.717278,27.99476,120.73128,7,146,0
1092,1110,24.94629059,-10.94579538,27.96187,120.66042,27.946867,120.69923,5,8,0
255,1625,67.9918808,-3.10840462,27.91211,120.79786,27.91671,120.81301,6,346,0
2487,2937,38.58007603,34.45927581,27.96889,120.72583,27.97398,120.7324,10,106,0
124,204,-4.518396137,-27.45328625,27.99261,120.62341,27.99015,120.62566,8,6201,0
842,1218,64.70329757,1.500470848,27.90945,120.81881,27.91539,120.8198,6,2369,0
627,1555,-68.20446244,8.361271018,28.0494,120.66193,28.043798,120.657967,7,3693,0
273,2737,-41.2359849,5.299272771,28.02613,120.64691,28.039023,120.659441,7,24,0
659,1804,-14.41783396,-19.65704053,27.98025,120.58452,28.00502,120.61628,-1,0,0
237,815,-11.08174553,-38.24701055,28.023421,120.592786,28.022225,120.579329,-1,122,0
293,1988,-34.12656673,-0.969031067,28.02476,120.635142,28.01854,120.63879,3,52,0
1021,1576,12.53837992,-42.62579913,27.96668,120.62461,27.970529,120.613192,8,310,0
1428,2528,-35.88323626,1.718812031,28.02259,120.62662,28.023744,120.653645,7,10,0
838,1938,-45.21806228,25.55251111,28.01758,120.65251,28.01832,120.65141,3,1361,0
2214,2446,3.08174914,4.256635299,27.9598,120.68203,27.98763,120.66308,-1,33,0
217,668,-16.8262766,-23.98839593,28.01578,120.59444,28.0105,120.60976,3,20,0
133,623,35.99832821,-8.220096591,27.9535,120.69621,27.94373,120.68649,5,13296,0
48,991,-40.12186314,7.803309863,28.01947,120.67661,28.02726,120.65732,-1,74,0
797,1996,38.95055786,26.52670478,27.97373,120.74409,27.96722,120.73585,10,17,0
508,563,-43.78420709,-12.61575702,28.04337,120.65572,28.03956,120.65442,7,14,0
98,735,-5.154650088,-14.30334931,27.996306,120.644374,27.993371,120.637184,-1,40,0
860,1595,-39.14660957,1.288287292,28.03044,120.64309,28.03104,120.63718,7,17,0
582,1729,70.45806343,18.21405816,27.86958,120.81319,27.855613,120.81738,6,178,0
259,2921,-53.24944947,-1.067742085,28.05022,120.66531,28.04626,120.62812,7,12,0
684,1999,31.8436231,-15.20268767,27.88258,120.62827,27.91395,120.70028,3,6,0
1347,2415,-32.13782276,25.42797345,28.01058,120.65406,28.02,120.655,3,49,0
389,1736,-33.48494022,-17.27150119,28.01058,120.62116,28.029592,120.6244,-1,10,0
1249,1938,-24.2173277,9.227303149,28.00533,120.6479,28.01832,120.65141,3,0,0
279,1852,42.42945583,20.43109138,27.98465,120.73383,27.96059,120.7497,10,40,0
1306,1419,-11.45167367,-9.89434033,27.99383,120.62833,28.01125,120.62553,-1,2,0
1483,2619,20.72943483,27.75507234,27.9897,120.71206,27.992814,120.696225,-1,2,0
123,1027,-40.15071943,-54.45414109,28.08948,120.58851,28.08394,120.58605,9,15019,0
1828,2213,-40.75944745,-13.9153765,28.039716,120.651201,28.0397,120.63304,7,4,0
1159,1512,-28.15183002,-43.55797973,28.02791,120.59925,28.04225,120.58748,-1,155,0
1656,1680,32.4921006,-4.043188039,27.94263,120.73736,27.96413,120.67139,-1,7,0
1470,2320,4.470298993,-4.798482639,27.97225,120.68006,27.96972,120.68527,5,0,0
896,2083,12.32906644,-31.90949816,27.93874,120.62121,27.95887,120.60962,-1,88,0
1506,2650,-63.85912024,13.31071479,28.02799,120.66168,28.024386,120.675309,-1,93,0
14,2333,-25.99495156,36.74326684,28.02496,120.66541,28.02407,120.66508,3,1364,0
77,1152,-29.55967386,20.19333347,28.00743,120.64853,28.013647,120.656985,3,0,0
599,2176,19.04477758,-6.95462426,27.97321,120.72684,27.95843,120.65338,-1,4,0
1385,2379,-54.81242682,-13.98922156,28.05153,120.62762,28.04982,120.6511,7,44,0
2415,2507,-42.47110513,10.6992369,28.02,120.655,28.02519,120.66642,3,36,0
273,1605,-49.69403196,8.058561015,28.02613,120.64691,28.01353,120.6398,-1,24,0
666,2883,-36.559432,-52.63439114,28.07352,120.58467,28.079318,120.572831,9,127,0
643,2507,-64.10963836,12.38437804,28.04355,120.65147,28.02519,120.66642,-1,73,0
140,1856,-34.11955186,-55.72281592,28.076,120.58589,28.07457,120.58762,9,356,0
5,1733,0.682361071,-6.365359934,28.05615,120.67115,28.0677,120.68542,7,15,0
323,500,17.493908,40.87145353,28.00586,120.70905,27.99978,120.7112,7,0,0
1698,2848,17.98841097,-2.867036925,27.95861,120.665556,27.965369,120.686131,5,72,0
2227,2366,13.14759668,8.123206229,27.98375,120.66578,27.97973,120.67677,-1,63,0
143,2456,-20.25727639,33.65762393,28.04546,120.65895,28.022125,120.670739,-1,4,0
803,2666,-36.05241376,-12.6146765,28.02715,120.65114,28.04116,120.62863,7,65,0
1400,1474,-12.50565689,-37.003429,28.01833,120.60806,28.02436,120.58545,-1,240,0
1373,2452,-38.82935222,39.01455285,28.01793,120.66445,28.0105,120.66068,3,14,0
331,666,-33.67132234,-30.61703933,28.03958,120.62042,28.07352,120.58467,-1,19,0
42,2559,-36.99227203,21.62964196,28.0014,120.65569,28.01104,120.64986,3,31,0
1090,2808,20.05692201,-47.35548589,27.92639,120.56111,27.93617,120.55946,10,1953,0
1622,2619,3.006976569,33.26619073,28.00126,120.6875,27.992814,120.696225,4,16,0
865,2594,-38.88268563,-31.39041658,28.0464,120.604,28.08581,120.59066,-1,24,0
1238,1247,-13.10674825,8.264717359,28.00439,120.65275,28.00929,120.65212,3,11,0
745,1455,-67.50962928,3.452405356,28.04541,120.65027,28.03905,120.62757,7,56,0
2241,2842,19.0033542,34.51232563,27.98751,120.72346,27.98853,120.69743,-1,2,0
19,2620,-7.427939383,16.56903949,27.98443,120.66958,28.005401,120.667985,-1,28,0
287,1215,5.415750418,-47.44162715,27.986822,120.630326,27.98702,120.60848,8,8,0
1879,2409,-2.356446111,34.27621731,27.999526,120.680665,28.001286,120.679136,4,72,0
328,2456,-20.93149006,34.55607819,28.05929,120.65781,28.022125,120.670739,-1,33,0
971,2028,68.74506475,-4.168351253,27.92205,120.80111,27.92122,120.80887,6,1116,0
991,1230,-52.51757055,16.94002068,28.02726,120.65732,28.02816,120.65689,7,213,0
430,727,2.29622735,60.38188281,28.00437,120.69558,28.00933,120.69355,7,1274,0
79,1245,41.4121905,-17.361799,27.921889,120.696181,27.92828,120.69722,3,573,0
435,2001,6.443769605,52.30443393,28.00035,120.69777,28.00031,120.69867,7,9,0
1152,2744,-30.61187683,19.57948345,28.013647,120.656985,28.0132,120.654,3,50,0
23,1558,-18.27098864,23.47810233,28.015057,120.667466,28.01502,120.66503,3,37,0
1608,2507,-61.35818806,12.57304352,28.0453,120.65749,28.02519,120.66642,-1,0,0
1457,2694,11.82099643,35.805396,27.99566,120.715,28.00118,120.70197,7,7,0
955,1385,-43.50602351,-13.62307545,28.04133,120.65311,28.05153,120.62762,7,7,0
1591,1956,12.49679753,35.01667449,28.00528,120.70899,27.96946,120.72066,-1,6,0
1105,2744,-19.64127631,6.760788936,28.00791,120.64843,28.0132,120.654,3,6,0
1123,1774,-9.378829468,5.156972857,27.96552,120.64757,27.99094,120.65242,5,39,0
387,2175,-19.6260326,-42.60856792,28.0246,120.58292,28.025465,120.585303,9,635,0
924,1575,-60.56000375,2.242545715,28.03883,120.63972,28.03973,120.6399,7,209,0
409,1839,38.36823428,17.78664378,27.95855,120.75661,27.97706,120.75192,10,60,0
224,2794,-22.94001467,26.09922502,28.01492,120.66976,28.01525,120.66602,3,156,0
2096,2808,9.46719932,-32.03257274,27.97745,120.61375,27.93617,120.55946,-1,0,0
421,2018,58.9597977,-6.674345901,27.91626,120.8268,27.92674,120.82518,6,166,0
797,1956,46.43699995,26.60955328,27.97373,120.74409,27.96946,120.72066,10,94,0
831,1920,9.285457036,3.55611738,27.9762,120.668,27.97507,120.66847,5,1522,0
1699,2848,17.9908534,11.57677442,27.97659,120.67899,27.965369,120.686131,5,390,0
1617,2460,-16.08455553,26.50485309,28.02176,120.66936,28.021791,120.665431,3,16,0
243,893,-16.45449455,41.41831452,28.000291,120.647161,28.00209,120.66254,3,64,0
1698,2353,13.97059169,11.91907015,27.95861,120.665556,27.973777,120.682079,5,88,0
2229,2263,-33.20458775,35.07353219,27.99852,120.65649,28.00726,120.65848,3,617,0
828,2209,11.86359033,2.05315667,27.96168,120.677789,27.96734,120.67106,5,1529,0
273,876,-36.47693257,-0.242840289,28.02613,120.64691,28.01851,120.63892,-1,63,0
2074,2149,18.24279574,21.36580988,27.986124,120.709577,27.98472,120.69611,-1,81,0
1449,1723,-10.44676878,23.58526383,28.01592,120.69364,28.01437,120.67295,-1,43,0
841,2553,-48.33554242,1.737509207,28.0171,120.63698,28.01901,120.63515,3,302,0
770,1824,44.20238989,-24.54720065,27.921591,120.704296,27.9227,120.70332,3,1950,0
1093,2509,-14.7681067,-34.12262678,28.03228,120.58055,28.02225,120.60442,-1,17,0
1388,2816,-42.31344286,1.765733191,28.01822,120.64711,28.04411,120.63996,-1,2,0
1238,1767,-9.864187408,4.70560145,28.00439,120.65275,27.97914,120.65482,-1,0,0
644,1049,-18.20007183,42.02731022,28.01278,120.65944,28.00814,120.66242,3,83,0
358,2142,27.65676124,28.01653602,27.96854,120.74135,27.98684,120.71242,-1,9,0
1302,2301,46.21280506,10.00188235,27.96848,120.78369,27.97211,120.77582,-1,17,0
943,2311,32.83767809,43.61457547,27.98369,120.71502,27.98444,120.71436,7,135,0
813,2188,-41.86439256,-5.586506862,28.01833,120.607999,28.02031,120.62527,-1,4,0
2297,2312,38.80579734,-26.93164794,27.92659,120.71116,27.92006,120.70628,3,90,0
906,2620,-5.46327401,10.88920449,28.01211,120.69386,28.005401,120.667985,-1,3,0
2116,2576,-32.99678566,-36.60298002,28.04925,120.60197,28.02963,120.5999,-1,11,0
314,1120,2.350784091,-4.219604437,27.97965,120.74458,27.979201,120.744915,10,0,0
475,649,2.920193695,-11.9430496,27.98226,120.62389,27.981943,120.645555,-1,0,0
2232,2322,24.51856577,48.49776176,27.99607,120.71016,27.99169,120.70661,7,305,0
1123,2228,15.03809141,-28.60136482,27.96552,120.64757,27.94986,120.5872,-1,26,0
1015,2396,-51.22127795,-32.08806073,28.02245,120.61239,28.03985,120.62173,-1,6,0
870,2606,42.37527864,11.77087579,27.99111,120.78113,27.998592,120.80087,10,23,0
2801,2939,-24.24123623,12.70979101,28.01569,120.65545,28.011397,120.653141,3,34,0
567,1664,36.83177392,-29.27638563,27.92073,120.70491,27.92159,120.70309,3,154,0
599,1651,48.53678022,28.32246178,27.97321,120.72684,27.97707,120.74717,10,241,0
133,2353,26.2871859,0.24918261,27.9535,120.69621,27.973777,120.682079,5,136,0
2020,2832,73.51535346,10.08553021,27.87833,120.79361,27.8881,120.80006,6,691,0
3,2784,-39.80113166,-32.16500451,28.03927,120.5877,28.05184,120.61542,-1,44,0
1794,2214,28.44818311,-3.740216655,27.94302,120.67619,27.9598,120.68203,5,318,0
348,1550,-1.947945015,-1.426983229,28.07753,120.6897,28.090555,120.686722,1,162,0
1457,1821,20.51145525,41.31657906,27.99566,120.715,27.98011,120.74803,-1,50,0
314,1714,36.97930898,29.0945126,27.97965,120.74458,27.98008,120.74344,10,82,0
999,2264,15.94787521,-18.26194302,27.95989,120.64875,27.95241,120.64911,5,344,0
108,1257,12.21862193,-53.34628046,27.98228,120.5774,27.97868,120.57877,8,17224,0
856,1552,22.06202879,56.66132219,28.0052,120.72043,28.00524,120.72204,7,550,0
615,2444,-6.014271371,44.36030875,27.99109,120.67677,27.99277,120.67775,4,5569,0
1870,2209,-4.854894364,7.008593346,27.99576,120.6574,27.96734,120.67106,-1,0,0
1796,2012,-58.51462538,1.579389037,28.04071,120.63988,28.02392,120.644412,-1,36,0
222,2263,-15.26420921,13.27487511,28.009453,120.662653,28.00726,120.65848,3,64,0
547,1699,18.1010337,12.85941298,27.98521,120.67877,27.97659,120.67899,-1,184,0
1848,2236,9.927219795,17.80197662,27.96164,120.66747,27.9946,120.674,-1,0,0
319,335,23.3595539,-16.74179927,27.93831,120.66539,27.93483,120.66784,5,33978,0
945,1888,60.23665006,12.76752301,27.87922,120.78748,27.89882,120.82105,6,11,0
73,1453,-10.1476934,-4.864998328,28.01003,120.63314,27.99832,120.6366,3,9,0
1307,2874,23.44083346,15.54119044,28.0772,120.805,28.068889,120.756389,2,20,0
42,1306,-11.02924758,3.043762724,28.0014,120.65569,27.99383,120.62833,-1,49,0
954,1482,2.187101088,-6.419750111,28.018214,120.672196,28.02168,120.67042,3,12,0
699,1700,-19.23511374,16.45710087,28.012774,120.661939,28.01007,120.66068,3,28,0
1432,2012,-45.58443634,2.676584773,28.00892,120.62295,28.02392,120.644412,-1,20,0
1254,1386,20.93250865,8.026444732,27.97964,120.68734,27.98557,120.68544,4,41,0
2816,2836,-42.06405023,-13.68255135,28.04411,120.63996,28.040311,120.646407,7,6,0
198,1638,1.440153255,21.76687983,27.99428,120.679324,27.99258,120.67111,4,76,0
756,1625,55.99875771,4.05558845,27.90472,120.82388,27.91671,120.81301,6,66,0
60,1763,54.83795884,6.125373356,27.89629,120.80392,27.92159,120.82161,6,0,0
149,2968,-20.27223009,21.05559738,28.01646,120.65935,28.02802,120.6546,-1,2,0
1020,1290,11.21740968,31.71317861,28.00029,120.70357,28.003203,120.691994,7,76,0
734,2013,-18.42398125,-21.6246307,28.01097,120.60609,28.01344,120.6076,3,108,0
293,1455,-56.40836718,-3.414191214,28.02476,120.635142,28.03905,120.62757,-1,12,0
1947,2848,7.921827729,15.64913286,27.98803,120.67876,27.965369,120.686131,-1,24,0
780,2003,-8.678254542,52.13740621,28.01006,120.68043,28.00191,120.67862,4,254,0
539,2941,-31.06703991,14.64027315,28.01516,120.65303,28.015683,120.651721,3,46,0
234,1938,-16.87982488,9.412736173,28.01828,120.62547,28.01832,120.65141,-1,16,0
1563,2902,41.69799802,-28.74848493,27.92204,120.69661,27.92072,120.70621,3,303,0
45,1990,-46.11777242,32.50893062,28.019513,120.658462,28.02045,120.65999,3,49,0
1506,2873,10.25672294,68.05863348,28.02799,120.66168,28.000323,120.727524,7,73,0
512,2524,14.16655576,-14.02295507,27.96138,120.66311,27.95958,120.66224,5,1866,0
2232,2626,7.49366485,34.72248202,27.99607,120.71016,28.00254,120.695427,7,62,0
1093,1198,-18.14545307,-41.72298503,28.03228,120.58055,28.0332,120.591,9,86,0
79,886,45.50233928,-19.94628064,27.921889,120.696181,27.92484,120.70451,3,1560,0
353,604,-43.11420721,-32.84009447,28.04744,120.60876,28.015777,120.594444,-1,2,0
1643,2023,9.418702691,-42.9363695,27.98054,120.61279,27.97172,120.61373,8,187,0
1297,2833,67.7648781,15.82084648,27.87104,120.82114,27.871,120.821,6,54,0
929,1398,-26.99252213,-31.81676229,28.02505,120.60226,28.02438,120.60303,3,479,0
2071,2673,41.44482254,25.22286631,27.97079,120.74276,27.96916,120.74277,10,264,0
2446,2677,-10.613245,40.52127778,27.98763,120.66308,27.99272,120.66996,4,95,0
1572,2199,-21.87155896,-33.77171983,28.02693,120.60664,28.026587,120.594413,3,12,0
192,959,-9.671323081,11.11087886,28.002732,120.666557,28.009115,120.657413,3,4,0
1316,2298,25.4950108,4.082700298,27.97332,120.71019,27.92952,120.68107,-1,0,0
1164,1835,-42.46314953,4.625880368,28.04057,120.64705,28.03927,120.65678,7,192,0
741,1092,16.35500246,-17.17796946,27.95095,120.65688,27.96187,120.66042,5,903,0
133,2793,28.76914349,-5.75549832,27.9535,120.69621,27.96841,120.73048,-1,40,0
975,1291,-5.67755254,12.74447218,28.00397,120.67029,28.0021,120.6664,3,98,0
1290,1886,0.450707101,57.24781491,28.003203,120.691994,28.010095,120.696678,7,51,0
1563,2405,27.29218378,-24.59118897,27.92204,120.69661,27.96984,120.68551,-1,9,0
457,2124,8.645953385,68.40703514,28.01851,120.70462,28.0048,120.764,-1,22,0
954,2427,-17.41816427,24.78235312,28.018214,120.672196,28.0086,120.6772,-1,13,0
561,1736,-37.012734,-2.389885283,28.02374,120.641626,28.029592,120.6244,-1,12,0
2241,2662,19.18096947,34.43965902,27.98751,120.72346,27.9944,120.7017,-1,0,0
1682,1821,48.51336897,25.50523108,27.96568,120.73665,27.98011,120.74803,10,344,0
865,986,-35.35311823,-45.82504727,28.0464,120.604,28.077531,120.587363,-1,2,0
1506,1723,-12.19216137,22.82856409,28.02799,120.66168,28.01437,120.67295,-1,22,0
708,859,33.95801158,-15.64635959,27.9343,120.7072,27.95386,120.68203,-1,20,0
544,2292,-20.44767239,-53.41048663,28.05007,120.58709,28.04572,120.58643,9,238,0
2717,2830,-50.81003896,19.49063058,28.024111,120.656361,28.02312,120.6603,3,57,0
688,2471,-5.780516142,25.94481807,28.008405,120.68283,28.00877,120.66836,-1,9,0
41,1749,13.61708418,-35.48259504,27.95746,120.61208,27.97581,120.57281,-1,22,0
35,1138,-40.07767765,-46.98764697,28.06905,120.57281,28.05708,120.58299,9,17,0
1494,1608,-61.57880192,-13.20332508,28.04977,120.64759,28.0453,120.65749,7,151,0
1103,1837,3.779005503,-40.4460522,27.97694,120.62826,27.98603,120.63754,8,706,0
2518,2745,-42.547886,-2.702213602,28.03042,120.62936,28.02921,120.62987,7,0,0
475,1038,1.35491945,-20.2056402,27.98226,120.62389,27.9897,120.63813,8,49,0
291,415,-46.77954719,26.16688886,28.023257,120.659016,28.01975,120.65219,3,873,0
2733,2890,-47.2520993,-0.486826558,28.019524,120.631948,28.02424,120.6348,3,171,0
457,2503,9.979807502,47.01664924,28.01851,120.70462,28.02203,120.68689,7,21,0
945,2832,73.68749926,9.816243507,27.87922,120.78748,27.8881,120.80006,6,922,0
541,2094,8.537426747,-32.16517148,27.96193,120.60948,27.992,120.60987,-1,10,0
502,2593,9.781157288,-2.784567189,27.975415,120.651576,27.96314,120.66947,5,0,0
130,479,36.07643169,-45.82030524,27.90369,120.65562,27.89857,120.63091,3,236,0
331,2009,-50.09716995,-21.4143688,28.03958,120.62042,28.04976,120.647462,7,12,0
2414,2864,44.72283538,22.55822277,27.96391,120.75937,27.9665,120.76112,10,31,0
1522,2186,25.8103266,35.99530551,27.987423,120.723357,27.99188,120.7165,7,2,0
705,1416,-22.49694852,7.056232596,28.00227,120.63088,28.01137,120.64581,3,90,0
1078,2198,-47.37099877,-8.132083036,28.015777,120.621944,28.01139,120.622331,4,266,0
412,1999,39.1686052,-38.9876988,27.91108,120.67813,27.91395,120.70028,3,493,0
839,1589,33.22347277,14.73020948,28.02525,120.77112,28.02956,120.75507,7,32,0
1724,1895,17.09642727,27.46486331,28.00258,120.70728,27.96905,120.70307,-1,8,0
2099,2662,12.31500527,27.56799757,27.99084,120.68506,27.9944,120.7017,4,8,0
595,2070,-11.29843493,28.58379675,28.01681,120.67808,28.01513,120.6794,3,69,0
1412,2000,38.43603148,-25.7272746,27.92129,120.70489,27.92247,120.70628,3,152,0
465,1679,19.4624066,31.57329573,27.9928,120.70852,27.99338,120.70875,7,96,0
79,1755,43.68986119,-32.12492797,27.921889,120.696181,27.916499,120.696973,3,137,0
1742,2809,-17.43847683,30.60264733,28.010383,120.6909,28.022802,120.673347,-1,4,0
969,2000,37.36060799,-22.2078676,27.92722,120.69833,27.92247,120.70628,3,2,0
77,1299,-22.01556587,9.81752671,28.00743,120.64853,28.01072,120.64868,3,32,0
1624,2351,12.26596839,-40.08020105,27.971715,120.608414,27.95215,120.60432,-1,60,0
74,2180,-9.670909196,7.344684814,28.00263,120.65852,27.98333,120.65125,-1,10,0
1054,1767,-7.156463665,-8.043825514,27.99918,120.641648,27.97914,120.65482,-1,29,0
2670,2935,-1.80096344,31.11957726,28.004123,120.680295,28.00437,120.68004,4,68,0
584,2053,-13.06957698,-10.12218267,27.99383,120.62841,28.01003,120.63016,-1,279,0
35,2116,-34.16432173,-43.12409404,28.06905,120.57281,28.04925,120.60197,-1,29,0
1182,2804,-22.15438634,43.3417327,28.02301,120.68076,28.02126,120.68452,-1,130,0
4,1564,-0.982657096,-25.89484343,27.98663,120.61963,27.98944,120.62361,8,95,0
330,1393,32.66441336,-51.20065812,27.8779,120.688,27.88797,120.67287,3,229,0
2899,2968,-48.14135582,15.2850231,28.02802,120.65472,28.02802,120.6546,7,3991,0
883,2305,40.04174696,44.4115966,27.99238,120.73064,27.98543,120.73922,-1,358,0
859,2214,26.59994642,-3.869110762,27.95386,120.68203,27.9598,120.68203,5,3378,0
2150,2900,-20.3828799,-34.37467377,27.99711,120.58895,28.02464,120.59964,3,24,0
2515,2594,-41.09203428,-49.22286763,28.06853,120.60201,28.08581,120.59066,9,96,0
1110,1999,33.26926184,-15.31341143,27.946867,120.69923,27.91395,120.70028,-1,198,0
2228,2351,20.024988,-41.70090584,27.94986,120.5872,27.95215,120.60432,10,50,0
1442,2899,-35.07866925,9.854628769,28.021742,120.649455,28.02802,120.65472,-1,61,0
124,1038,-3.868794613,-15.7250087,27.99261,120.62341,27.9897,120.63813,8,64,0
703,2150,3.865401997,-52.14771562,27.99417,120.59982,27.99711,120.58895,-1,199,0
819,2537,69.14804202,-4.677016017,27.91736,120.79806,27.92328,120.80462,6,2139,0
257,2004,-40.26890441,-48.31647402,28.076984,120.602335,28.05469,120.58692,9,29,0
1401,1689,-44.0595397,19.13377237,28.01999,120.65209,28.02095,120.64389,3,164,0
2069,2362,44.56699584,-28.76956984,27.92095,120.70407,27.92159,120.70412,3,2189,0
2099,2341,0.196892645,41.28880411,27.99084,120.68506,27.98923,120.68066,4,289,0
358,1391,34.77849682,-2.745526415,27.96854,120.74135,27.95467,120.69939,10,54,0
726,1286,-33.01072122,21.328077,28.00074,120.64324,28.01117,120.65006,3,12,0
1654,1736,-49.5053602,-30.21672873,28.02792,120.60131,28.029592,120.6244,-1,4,0
876,1249,-34.4698501,-2.304476072,28.01851,120.63892,28.00533,120.6479,3,2,0
1167,1565,-55.74090823,2.073806594,28.03274,120.64129,28.03749,120.6251,7,7,0
700,2639,-15.73061886,-12.26613015,28.01302,120.61638,28.000749,120.652321,4,30,0
1576,1643,7.432760849,-35.07847869,27.970529,120.613192,27.98054,120.61279,8,8,0
213,389,-17.09646561,-10.34358349,28.01009,120.63564,28.01058,120.62116,-1,11,0
972,2005,36.59407839,-10.94431285,27.94366,120.68317,27.92325,120.6878,-1,1029,0
1608,2200,-67.18302734,8.446323865,28.0453,120.65749,28.03746,120.65611,7,1718,0
340,2255,-0.270424164,32.07269039,27.99961,120.68514,27.99861,120.67972,4,15,0
571,1653,-30.75461226,31.6233295,28.00238,120.65872,28.00714,120.65555,3,65,0
1273,2316,-28.91039128,-31.30071805,28.02347,120.61544,28.0271,120.60091,3,121,0
426,1455,-58.57198364,-1.438338222,28.025933,120.641498,28.03905,120.62757,7,51,0
652,1888,71.15852449,9.222326466,27.88623,120.80236,27.89882,120.82105,6,10,0
565,1156,-8.831564298,17.12879296,28.00841,120.66454,28.01027,120.66077,3,3,0
841,1713,-47.98207782,-3.368875389,28.0171,120.63698,28.01567,120.62619,-1,150,0
1433,1736,-28.87526693,3.863796045,28.015196,120.648057,28.029592,120.6244,-1,67,0
252,1376,33.00611889,31.41103427,27.9874,120.73534,27.99176,120.72451,-1,88,0
1195,2475,12.61231744,47.88396863,28.008888,120.709166,28.013766,120.701869,7,37,0
745,2816,-67.87045952,3.673695868,28.04541,120.65027,28.04411,120.63996,7,1226,0
1351,1692,-40.99479164,-12.64776801,28.04387,120.63355,28.0404,120.64565,7,9,0
2005,2788,34.19916817,-12.28563114,27.92325,120.6878,27.96243,120.65546,-1,8,0
677,2602,-35.22894415,-22.53777789,28.040628,120.619569,28.041463,120.586511,-1,0,0
159,1007,19.72327905,-0.494666952,27.94833,120.66804,27.96558,120.68672,5,37,0
1804,2319,3.483351915,-30.28593212,28.00502,120.61628,27.97631,120.60491,-1,12,0
1145,2617,-45.42791581,15.05939696,28.024208,120.653538,28.02136,120.65561,-1,45,0
749,1469,51.45208136,0.557028456,27.9345,120.76993,27.93568,120.7957,-1,59,0
1834,1970,63.9127342,22.32216989,27.87957,120.7999,27.87,120.788,6,73,0
422,938,13.18992589,49.67446305,28.00525,120.70299,28.00753,120.7083,7,137,0
1206,2089,10.25897421,-14.2908572,27.95921,120.65553,27.970224,120.651685,5,331,0
1173,1730,-17.5884869,14.79122355,28.01246,120.65751,28.01103,120.66171,3,2,0
347,358,28.78743051,30.6995507,27.98785,120.71681,27.96854,120.74135,-1,71,0
624,1723,-10.86387481,23.28257215,28.01854,120.66394,28.01437,120.67295,3,0,0
42,1837,-6.862401979,7.278697508,28.0014,120.65569,27.98603,120.63754,-1,17,0
1749,1764,13.56711266,-46.15132366,27.97581,120.57281,27.96875,120.60619,8,22,0
1212,2150,-1.585136772,-37.93976114,27.99789,120.56689,27.99711,120.58895,-1,191,0
430,687,1.373464192,60.47233016,28.00437,120.69558,28.006318,120.696659,7,20617,0
697,1630,34.31930184,-22.58112539,27.92414,120.70279,27.92275,120.7073,3,44,0
615,1470,4.464862269,14.31452904,27.99109,120.67677,27.97225,120.68006,-1,12,0
427,1199,-15.69611553,49.42985146,28.005808,120.669146,28.009766,120.667542,3,178,0
408,2622,-60.04675134,-17.04678921,28.05042,120.6339,28.0547,120.64565,7,1031,0
823,2481,15.70921284,-6.819658052,27.9511,120.66043,27.97265,120.66766,5,7,0
396,2368,27.91033571,-47.5518578,27.85425,120.65996,27.86075,120.6532,3,41,0
1105,1175,-18.11608313,10.93324828,28.00791,120.64843,28.00978,120.65422,3,54,0
580,1441,-51.42092195,14.6698035,28.02797,120.6552,28.04381,120.65767,7,13,0
489,758,-3.514170426,38.28111321,27.99167,120.67799,27.99542,120.68153,4,136,0
152,442,61.99521329,-12.32124921,27.91139,120.82389,27.92124,120.83163,6,587,0
603,1306,9.515141743,-39.75976903,27.97164,120.62661,27.99383,120.62833,8,12,0
1821,2477,44.76383882,30.11719366,27.98011,120.74803,27.98208,120.74589,10,874,0
799,2726,61.50285245,-3.258403651,27.93368,120.81563,27.9296,120.80677,6,26,0
384,1650,-50.88363047,-4.295584309,28.01405,120.63301,28.020022,120.631375,4,156,0
467,878,6.783332867,40.90994295,28.012398,120.68848,28.000355,120.697765,7,7,0
454,2261,4.807840607,2.571865989,27.98,120.66708,27.97054,120.68557,5,29,0
211,815,-10.17023721,-36.3789304,28.01211,120.58988,28.022225,120.579329,9,39,0
636,2693,29.78239197,45.28528813,27.98612,120.70958,27.989197,120.703236,7,277,0
347,1865,27.49056213,29.23229732,27.98785,120.71681,27.97506,120.73909,-1,82,0
1112,1338,-59.319924,-21.31749306,28.05274,120.62436,28.056963,120.625239,7,7433,0
1115,2049,-30.02214974,-8.158789551,28.01941,120.61672,28.01711,120.63167,-1,23,0
15,913,-15.79659524,12.74735302,27.97664,120.63227,28.01042,120.65885,-1,34,0
1094,1233,-9.927676227,-31.81008496,28.01845,120.59962,28.01428,120.58353,-1,348,0
1659,1969,-10.50201892,8.56281776,28.00263,120.65655,28.00303,120.63895,3,0,0
515,1935,14.27138951,4.596539844,27.96781,120.62801,27.97505,120.67499,-1,55,0
258,1446,2.821060331,-31.72385856,27.986706,120.608952,27.98015,120.60519,8,31,0
646,2929,-40.30055091,7.174274929,28.02101,120.67872,28.026713,120.658442,-1,26,0
1812,2914,-28.10905865,9.539960686,28.01671,120.64947,28.01922,120.64427,3,17,0
1348,2005,36.99478095,-13.02681303,27.92776,120.69408,27.92325,120.6878,3,189,0
673,1547,-36.34460745,-46.08483572,28.05464,120.60495,28.07752,120.5896,-1,9,0
609,1560,-50.70738077,-33.5883432,28.02096,120.62016,28.034241,120.588717,-1,8,0
1543,2093,26.3432353,18.0903697,28.03307,120.79284,28.02905,120.78585,2,282,0
1352,1363,63.63529621,17.55870762,27.878333,120.793611,27.87025,120.79516,6,158,0
1797,2059,-0.315563134,-27.37063189,27.98643,120.62096,27.987233,120.614505,8,36,0
154,2788,8.781250421,-35.02365757,27.9473,120.56566,27.96243,120.65546,-1,0,0
615,1947,-2.54325241,43.40262179,27.99109,120.67677,27.98803,120.67876,4,3151,0
152,1019,68.649499,6.107300414,27.91139,120.82389,27.89391,120.81686,6,835,0
1133,2479,35.30351708,1.590498273,27.97533,120.72453,27.95756,120.72822,10,182,0
826,2921,-53.3254116,-22.40219181,28.04636,120.62567,28.04626,120.62812,7,71,0
26,1811,39.20668601,-49.14143093,27.91714,120.66023,27.89896,120.665197,3,1984,0
984,1341,17.32499985,39.53057791,28.002192,120.710532,27.9986,120.70953,7,48,0
924,2642,-62.23773579,1.304737781,28.03883,120.63972,28.03965,120.64593,7,216,0
160,859,28.50677702,8.633176693,27.97864,120.71467,27.95386,120.68203,-1,29,0
1351,1795,-46.0562072,-14.76849171,28.04387,120.63355,28.05247,120.66674,7,33,0
547,1935,13.98585244,8.838669634,27.98521,120.67877,27.97505,120.67499,-1,30,0
1194,2075,31.16479715,-8.592886721,27.9573,120.67705,27.94054,120.69195,5,216,0
780,2070,-23.38798563,46.76390146,28.01006,120.68043,28.01513,120.6794,-1,18,0
1449,2616,10.26109696,62.36715854,28.01592,120.69364,28.018222,120.70197,7,255,0
667,720,34.60563661,27.49019588,27.986198,120.732437,27.97976,120.74186,10,5,0
3,949,-20.84270833,-56.30503896,28.03927,120.5877,28.042263,120.582178,9,2615,0
1305,2314,60.83755053,-3.324209924,27.92668,120.81126,27.93059,120.81358,6,146,0
392,842,64.32411871,3.647267641,27.90266,120.80723,27.90945,120.81881,6,26,0
1794,1852,41.52092218,20.38102836,27.94302,120.67619,27.96059,120.7497,-1,0,0
1947,2908,9.778979828,14.85691256,27.98803,120.67876,27.98585,120.6777,4,69,0
1305,2171,62.42995137,-5.055938549,27.92668,120.81126,27.91955,120.83809,6,2,0
25,2353,10.58731373,3.836887646,27.976204,120.667973,27.973777,120.682079,5,348,0
560,1461,12.00539512,47.65907117,28.016323,120.703784,28.008516,120.702342,7,15,0
2373,2529,-2.523676826,7.816226032,27.99672,120.65264,27.99373,120.65937,-1,60,0
335,2005,25.27537449,-9.611347907,27.93483,120.66784,27.92325,120.6878,-1,8,0
81,2157,11.94800237,35.3546608,28.003179,120.699031,28.01324,120.69695,7,24,0
2223,2835,49.5350032,1.12236058,27.922663,120.824735,27.94411,120.78597,-1,21,0
1169,2575,-18.16483427,-24.62362254,28.01606,120.6036,28.02926,120.59028,-1,6,0
943,2756,21.06515108,23.98968659,27.98369,120.71502,27.98645,120.68772,-1,20,0
1388,1587,-26.3459947,7.875796554,28.01822,120.64711,28.00917,120.64028,3,17,0
1991,2561,-3.440144036,33.59587629,28.00104,120.67237,28.00155,120.68023,-1,41,0
761,2602,-38.07674828,-7.497290546,28.02569,120.64175,28.041463,120.586511,-1,23,0
1186,1955,-12.08827913,-1.546231133,28.00302,120.64575,28.00278,120.646,3,125,0
842,1509,62.32690451,-0.145660358,27.90945,120.81881,27.9249,120.82617,6,10,0
623,1284,34.20353455,-7.830255242,27.94373,120.68649,27.94439,120.71319,-1,179,0
1744,2840,-19.77850605,-57.09863604,28.049438,120.581163,28.04323,120.58656,9,438,0
905,2020,67.42792198,19.08942796,27.86954,120.80506,27.87833,120.79361,6,86,0
405,2633,12.17318046,15.74439991,27.989232,120.680662,27.98511,120.67531,4,239,0
841,1952,-28.78510601,7.937966119,28.0171,120.63698,28.01814,120.64798,3,13,0
1424,1732,-23.74167118,-33.07250742,28.02108,120.60101,28.027103,120.600906,3,214,0
762,1636,6.166585785,-7.256147194,28.012025,120.618869,28.01099,120.612006,4,19,0
1273,2150,-37.41653136,-35.7605752,28.02347,120.61544,27.99711,120.58895,3,58,0
724,2053,-9.280228109,-6.873335094,27.99279,120.64931,28.01003,120.63016,-1,6,0
76,2841,26.17070384,52.75983231,27.99619,120.71034,28.000286,120.70749,7,420,0
1007,2793,17.6383919,0.373695219,27.96558,120.68672,27.96841,120.73048,-1,6,0
227,2642,-47.12069337,-18.30062228,28.05333,120.63083,28.03965,120.64593,7,19,0
1624,2853,9.209343601,-45.36182897,27.971715,120.608414,27.97599,120.59211,8,127,0
454,2236,-1.223472946,21.99876647,27.98,120.66708,27.9946,120.674,-1,0,0
214,1033,-20.14859377,-10.98173777,28.01125,120.625528,28.007951,120.626328,4,791,0
468,1823,-11.89454732,-51.0795068,28.02464,120.59155,28.037123,120.578514,-1,55,0
364,1503,-8.489539002,-33.32902886,28.01704,120.5833,28.0363,120.5857,9,133,0
343,438,-56.58373136,-27.30352926,28.03943,120.62365,28.03933,120.62364,7,22118,0
1752,2890,-57.57439071,-4.460950236,28.0312,120.63393,28.02424,120.6348,-1,102,0
660,1081,-6.134374624,12.20380044,27.99791,120.66801,27.997963,120.659738,3,4,0
435,1013,9.816502258,36.42778232,28.00035,120.69777,28.00165,120.701,7,2,0
828,1680,23.92929713,-3.194718111,27.96168,120.677789,27.96413,120.67139,5,14938,0
914,971,67.24938727,-5.024161354,27.93088,120.80284,27.92205,120.80111,6,591,0
779,2653,-24.25460248,-39.92668371,28.03387,120.594038,28.03697,120.58917,9,6050,0
1840,2220,-8.039361272,9.540162194,27.9981,120.6541,28.00312,120.65703,3,13,0
911,2802,36.87087762,32.03682211,27.96141,120.73461,27.98055,120.72944,10,99,0
865,2816,-38.07067406,-11.77378405,28.0464,120.604,28.04411,120.63996,7,65,0
1948,2882,45.44979553,23.59497264,27.96583,120.74971,27.970769,120.742755,10,390,0
307,1415,-25.46054162,2.902811561,28.01573,120.65876,28.01447,120.64201,3,0,0
609,1605,-24.70039421,-2.198542381,28.02096,120.62016,28.01353,120.6398,3,24,0
1605,1954,-25.41198905,0.111088553,28.01353,120.6398,28.014636,120.641603,3,28,0
1136,1795,-68.28786621,11.85030118,28.04624,120.66456,28.05247,120.66674,7,207,0
202,2136,-38.24578428,32.12564546,28.0087,120.65515,28.01201,120.65481,3,347,0
1014,1273,-26.54003153,-18.85236987,28.0197,120.61522,28.02347,120.61544,3,75,0
1848,2428,3.438740415,-12.81259423,27.96164,120.66747,27.98819,120.6531,5,0,0
160,2149,18.55391727,21.72101563,27.97864,120.71467,27.98472,120.69611,-1,166,0
1308,2720,20.75823323,9.810539183,27.98404,120.68203,27.97853,120.684,4,336,0
842,966,70.57671235,-0.375739298,27.90945,120.81881,27.918388,120.823666,6,1537,0
639,1729,69.3615264,17.04928589,27.86661,120.82636,27.855613,120.81738,6,259,0
419,1509,59.6612447,-9.009583294,27.92169,120.82665,27.9249,120.82617,6,156,0
357,958,-15.4418793,-51.74525261,28.03643,120.57447,28.04944,120.58116,9,34,0
1050,2217,9.331945149,2.488796696,27.976339,120.671208,27.97587,120.67071,5,67,0
415,2587,-35.87602713,3.130887606,28.01975,120.65219,28.025858,120.64343,-1,29,0
1511,1948,41.20089067,22.46525058,27.97302,120.73654,27.96583,120.74971,10,85,0
112,389,-18.85400856,-16.73180305,28.01472,120.61007,28.01058,120.62116,-1,181,0
27,163,12.09591396,59.47804439,28.00949,120.71444,28.0157,120.708492,7,117,0
468,668,-11.88290729,-32.53010989,28.02464,120.59155,28.0105,120.60976,3,23,0
1926,2236,-4.166432615,23.48844822,28.01239,120.67322,27.9946,120.674,-1,19,0
80,1670,-23.07815666,-1.427094572,28.01143,120.62756,28.00788,120.63732,-1,20,0
1180,2842,21.54185951,5.318634963,27.97777,120.70138,27.98853,120.69743,4,118,0
2508,2709,10.85536028,-6.468235189,27.96724,120.66561,27.96256,120.65929,5,62,0
682,1455,-58.91324728,-26.33924286,28.0412,120.629,28.03905,120.62757,7,6317,0
61,1991,-9.799361681,49.5549462,28.00969,120.67408,28.00104,120.67237,3,175,0
1094,2365,-21.98282998,-27.44350077,28.01845,120.59962,28.01894,120.59618,3,50632,0
751,1981,-31.8455653,-28.60839747,28.02449,120.61195,28.04382,120.61146,-1,0,0
541,621,13.47705072,-40.13717569,27.96193,120.60948,27.98848,120.61075,-1,30,0
1151,1294,-34.68435214,-47.53724457,28.082463,120.58878,28.06952,120.58518,9,21,0
1232,1828,-61.46399062,6.63818576,28.04357,120.651564,28.039716,120.651201,7,308,0
936,2406,-47.67127204,1.259490602,28.02145,120.63334,28.01983,120.63469,3,103,0
1215,1446,5.737622022,-46.99044195,27.98702,120.60848,27.98015,120.60519,8,2609,0
405,935,17.03408925,14.72653899,27.989232,120.680662,27.97987,120.68111,4,495,0
1184,1698,3.021418217,-13.4693396,27.982012,120.645724,27.95861,120.665556,5,4,0
384,1286,-37.13527599,20.60637875,28.01405,120.63301,28.01117,120.65006,-1,128,0
1582,2405,24.02577028,-2.718553716,27.96936,120.67444,27.96984,120.68551,5,2132,0
384,1565,-38.26014383,-5.257704965,28.01405,120.63301,28.03749,120.6251,-1,0,0
1331,1560,-41.10337033,-26.00443584,28.07361,120.61293,28.034241,120.588717,9,67,0
983,1837,-1.945083371,-17.83385868,27.97699,120.64991,27.98603,120.63754,-1,255,0
1128,1189,-37.08030385,-28.60153622,28.04816,120.61455,28.04554,120.61485,7,40,0
1860,2481,20.7284813,6.883639505,27.97729,120.68651,27.97265,120.66766,-1,36,0
779,1474,-22.69898222,-40.99666504,28.03387,120.594038,28.02436,120.58545,9,207,0
1855,2917,10.94448777,16.0735639,27.98606,120.67631,27.98585,120.67889,4,49,0
16,2888,-47.99954384,-44.50296759,28.07646,120.62205,28.05349,120.61286,-1,593,0
74,571,-31.16582335,32.24383555,28.00263,120.65852,28.00238,120.65872,3,103,0
1794,2074,21.76690004,3.107953534,27.94302,120.67619,27.986124,120.709577,-1,4,0
1198,2576,-24.26303731,-36.05089611,28.0332,120.591,28.02963,120.5999,-1,143,0
1804,2330,-0.05136047,-43.64530226,28.00502,120.61628,27.9967,120.60336,-1,159,0
1169,1429,-20.96160269,-24.20716966,28.01606,120.6036,28.019912,120.604277,3,271,0
775,795,38.86740786,-43.78286371,27.9189,120.64478,27.91839,120.66065,3,21933,0
1557,2537,66.28167913,1.008700685,27.90165,120.81193,27.92328,120.80462,6,10,0
1441,1835,-61.74574118,10.84468445,28.04381,120.65767,28.03927,120.65678,7,225,0
90,870,46.93166432,10.98144444,27.96939,120.78179,27.99111,120.78113,-1,9,0
2778,2914,-7.468083942,-4.436765295,27.99859,120.64039,28.01922,120.64427,3,11,0
1860,2307,20.7183764,-1.633781171,27.97729,120.68651,27.957377,120.682574,-1,4,0
1926,1991,-5.062528574,21.53574296,28.01239,120.67322,28.00104,120.67237,3,19,0
46,415,-38.96368558,-5.774382435,28.04917,120.61056,28.01975,120.65219,-1,2,0
2053,2055,-52.14853458,-3.417452408,28.01003,120.63016,28.02288,120.63142,-1,287,0
1394,1748,-1.886395479,20.84300259,27.99572,120.672658,27.99958,120.67043,-1,20,0
237,308,-14.06333298,-37.85074235,28.023421,120.592786,28.07118,120.58698,-1,40,0
1271,2816,-52.78711749,-18.88335848,28.047627,120.634779,28.04411,120.63996,7,56,0
745,1351,-67.47914925,2.901414721,28.04541,120.65027,28.04387,120.63355,7,1908,0
454,1369,10.22108748,12.18890114,27.98,120.66708,27.98473,120.6773,-1,72,0
1123,2229,-31.53607226,34.58171254,27.96552,120.64757,27.99852,120.65649,-1,68,0
842,1055,56.6281282,9.334973466,27.90945,120.81881,27.89321,120.79688,6,25,0
1076,2286,28.80887897,12.44073234,28.03881,120.82892,28.06047,120.84031,2,45,0
365,2446,5.297814591,5.372326097,27.98328,120.65734,27.98763,120.66308,4,1504,0
841,2658,-31.6615985,-5.068237842,28.0171,120.63698,28.023438,120.62652,-1,18,0
176,751,-27.45612581,-23.7255185,28.02521,120.6105,28.02449,120.61195,3,60442,0
868,1521,-8.673187248,21.45447773,28.01279,120.66871,28.00551,120.66263,3,13,0
154,1683,8.803414822,-34.20946391,27.9473,120.56566,27.95708,120.67304,-1,2,0
85,2160,40.25386747,19.58391463,27.958296,120.753206,27.9668,120.7548,10,2,0
1190,1618,1.245376152,-4.361287427,28.014501,120.596649,28.00977,120.60049,3,9,0
1999,2871,30.06075615,-30.9891556,27.91395,120.70028,27.92341,120.69408,3,108,0
1161,1871,34.68846408,-42.3110027,27.90218,120.626462,27.96874,120.65488,-1,12,0
1673,2129,-10.11911572,0.957214452,28.00217,120.64577,27.98951,120.64774,-1,26,0
160,2516,36.84556868,32.21703179,27.97864,120.71467,27.97841,120.73883,10,70,0
525,574,37.1881947,-20.63040246,27.92276,120.70713,27.93368,120.71241,3,27,0
49,815,-8.185876606,-46.90958213,28.02104,120.58411,28.022225,120.579329,9,19252,0
1103,1125,1.504749491,-22.54133869,27.97694,120.62826,27.987701,120.628236,8,50,0
1595,1605,-42.77338415,0.874329051,28.03104,120.63718,28.01353,120.6398,-1,14,0
318,2353,4.900148128,-13.05397138,27.97271,120.64743,27.973777,120.682079,5,3,0
1108,1824,41.24926481,-24.30081201,27.924685,120.69711,27.9227,120.70332,3,213,0
659,1318,1.355410016,-4.640397575,27.98025,120.58452,28.073,120.71997,-1,0,0
502,1935,9.826672455,-4.132302519,27.975415,120.651576,27.97505,120.67499,5,24,0
1388,1452,-35.99514058,16.1017534,28.01822,120.64711,28.01491,120.64805,3,424,0
1363,2714,62.83660114,16.75013404,27.87025,120.79516,27.8832,120.80518,6,85,0
524,720,45.20967473,34.17101472,27.98139,120.7382,27.97976,120.74186,10,814,0
2197,2450,-57.94604699,-19.54136399,28.04449,120.62163,28.04901,120.63968,7,32,0
63,1094,-14.28880836,-22.14178261,28.01488,120.61139,28.01845,120.59962,3,10,0
1262,2149,-3.904203923,-3.283045745,27.98453,120.66027,27.98472,120.69611,4,3,0
1331,2137,1.583840467,-6.320464806,28.07361,120.61293,28.04852,120.65349,-1,54,0
402,1506,-14.14606016,21.59997103,28.01188,120.66205,28.02799,120.66168,-1,4,0
936,2542,-27.30826147,-15.52285412,28.02145,120.63334,28.01903,120.61189,3,17,0
1577,2568,-22.09553453,-54.41778075,28.04175,120.58651,28.04901,120.58582,9,539,0
735,1407,3.232237589,-20.26439776,27.993371,120.637184,27.97235,120.62717,8,0,0
772,2151,-47.26728347,-44.13008542,28.05187,120.61117,28.06452,120.61682,-1,617,0
1230,2200,-54.13529122,16.34942803,28.02816,120.65689,28.03746,120.65611,7,48,0
298,1664,35.40340167,-28.0921049,27.92054,120.70164,27.92159,120.70309,3,79,0
858,2190,16.03316148,14.35681081,27.985,120.676,27.98235,120.67423,-1,3379,0
1742,2392,-3.600437396,59.73367017,28.010383,120.6909,28.00878,120.68835,7,7062,0
2430,2679,50.72479383,-10.49041654,27.96011,120.81628,27.96428,120.80753,-1,994,0
555,621,5.560567924,-30.33015717,27.97023,120.61084,27.98848,120.61075,8,0,0
1999,2842,34.0262028,-26.77976079,27.91395,120.70028,27.98853,120.69743,-1,28,0
727,1782,-1.579478413,54.34811821,28.00933,120.69355,27.997236,120.700653,7,17,0
1560,1618,-14.61341378,-40.10946185,28.034241,120.588717,28.00977,120.60049,-1,0,0
1294,2911,-33.19310033,-56.62321374,28.06952,120.58518,28.0692,120.57826,9,612,0
686,2887,-16.67846358,-53.23708238,28.035763,120.57132,28.04609,120.57533,9,48,0
1276,2290,-10.31582463,-29.26491154,28.00066,120.58221,28.01109,120.5954,-1,133,0
742,1098,-43.93393011,-22.22959619,28.069541,120.641029,28.0475,120.62333,7,38,0
1737,2807,-15.0918929,-48.25340282,28.03968,120.57291,28.04065,120.56778,9,113,0
195,2784,-45.75371331,-27.61065868,28.041109,120.62863,28.05184,120.61542,7,45,0
63,362,-15.77343758,-22.30763946,28.01488,120.61139,28.01738,120.60605,3,60,0
341,365,-4.729565246,-19.01711516,27.98975,120.64468,27.98328,120.65734,-1,252,0
1990,2830,-15.24484755,21.62165473,28.02045,120.65999,28.02312,120.6603,3,6,0
98,2092,-7.283765265,-3.434093425,27.996306,120.644374,28.0195,120.63455,3,62,0
172,343,-54.49933686,-28.6641744,28.0428,120.62069,28.03943,120.62365,7,201,0
2418,2520,39.41635086,-14.35767925,27.93672,120.67951,27.92895,120.69631,-1,78,0
741,2914,-26.12256742,-0.341962945,27.95095,120.65688,28.01922,120.64427,-1,7,0
695,1661,-29.75389523,-51.40356422,28.054694,120.586916,28.060416,120.573888,9,8,0
936,2053,-52.95767809,-6.592146561,28.02145,120.63334,28.01003,120.63016,-1,768,0
872,2446,-0.559986998,8.276989298,27.98477,120.64882,27.98763,120.66308,-1,36,0
1058,2137,-45.66255192,-17.0559816,28.04752,120.63044,28.04852,120.65349,7,170,0
1178,2099,2.732516675,47.26957517,27.99689,120.69531,27.99084,120.68506,4,84,0
2653,2887,-17.38177961,-49.40985672,28.03697,120.58917,28.04609,120.57533,9,94,0
1535,2642,-38.44246084,-14.31871605,28.03768,120.63277,28.03965,120.64593,7,2,0
1890,1908,-19.89972006,-21.24912679,28.01412,120.60625,28.0141,120.60512,3,63,0
1385,2656,-37.53727153,2.707283666,28.05153,120.62762,28.024797,120.649708,7,8,0
2197,2666,-58.84969807,-26.90758364,28.04449,120.62163,28.04116,120.62863,7,745,0
79,133,26.69028026,-23.14630036,27.921889,120.696181,27.9535,120.69621,-1,0,0
2729,2746,-41.76972076,-20.82607389,28.05359,120.63947,28.03863,120.61579,7,13,0
1169,1890,-17.60061381,-23.0153011,28.01606,120.6036,28.01412,120.60625,3,37,0
458,1728,29.55904242,-50.79005781,27.87682,120.64507,27.85412,120.66711,3,49,0
331,2396,-55.93069567,-28.67004435,28.03958,120.62042,28.03985,120.62173,7,18373,0
1093,1592,-14.74625126,-46.53259087,28.03228,120.58055,28.04448,120.57033,9,98,0
2185,2853,8.98191125,-49.56070246,27.97251,120.60263,27.97599,120.59211,8,8192,0
293,2318,-32.00855499,0.709644724,28.02476,120.635142,28.0217,120.647,3,60,0
42,2565,-8.120240562,8.173162238,28.0014,120.65569,27.99796,120.65974,3,18,0
1590,1592,-14.38111504,-49.69721918,28.02239,120.59436,28.04448,120.57033,-1,127,0
1927,2352,-45.77265777,-21.74638435,28.04626,120.62785,28.048507,120.618708,7,58,0
437,2209,10.09675633,-5.24552531,27.98847,120.666286,27.96734,120.67106,-1,0,0
268,893,-14.27594583,43.93992353,28.002086,120.662539,28.00209,120.66254,3,1136,0
1654,1900,-29.9923595,-31.47755412,28.02792,120.60131,28.06605,120.58485,-1,0,0
227,698,-42.46632829,-25.2048392,28.05333,120.63083,28.07126,120.60869,-1,19,0
2131,2508,13.03563754,-5.434348535,27.97509,120.65593,27.96724,120.66561,5,3079,0
1331,1900,-43.29604665,-47.9928427,28.07361,120.61293,28.06605,120.58485,9,432,0
249,2051,62.77036085,-14.06160743,27.91719,120.84188,27.91544,120.83871,6,1613,0
1697,2592,58.65835363,-12.61594108,27.93044,120.81856,27.93254,120.82423,6,2736,0
1441,2581,-37.35167462,10.76117135,28.04381,120.65767,28.020019,120.648575,-1,3,0
1152,1779,-30.34029523,19.83742555,28.013647,120.656985,28.01179,120.65261,3,46,0
634,1560,0.836458309,-3.852932793,28.02449,120.60873,28.034241,120.588717,-1,8,0
769,1262,6.411740562,-1.343645994,27.97575,120.65879,27.98453,120.66027,-1,22,0
1189,1560,-37.05353689,-29.41528998,28.04554,120.61485,28.034241,120.588717,-1,5,0
15,515,3.683309001,-38.97437939,27.97664,120.63227,27.96781,120.62801,8,1015,0
1528,2801,-29.37929358,11.65602177,28.01484,120.64575,28.01569,120.65545,3,20,0
915,1759,-20.22148892,35.0378156,28.024778,120.671965,28.018481,120.682668,3,7,0
943,1948,39.72073451,21.53075982,27.98369,120.71502,27.96583,120.74971,-1,60,0
779,2588,-21.15874281,-41.61437003,28.03387,120.594038,28.02213,120.5743,9,36,0
550,1040,17.84131152,54.00357318,28.0076,120.72365,28.00744,120.72163,7,52,0
264,1286,-24.27187879,17.3786521,28.01535,120.66232,28.01117,120.65006,3,48,0
606,2094,-1.852627577,-12.43216523,28.004829,120.6409,27.992,120.60987,-1,10,0
1472,2282,3.203498716,37.12977095,27.99188,120.69412,27.99125,120.69051,4,49,0
1184,1871,7.36273234,-16.47436479,27.982012,120.645724,27.96874,120.65488,5,170,0
291,2528,-48.75042251,29.87085481,28.023257,120.659016,28.023744,120.653645,-1,888,0
133,189,25.6047846,1.446595096,27.9535,120.69621,27.98396,120.69007,-1,31,0
2085,2440,-21.37557761,-49.59756746,28.04973,120.58807,28.043033,120.586455,9,159,0
66,1610,-40.98118795,-33.94574455,28.0485,120.6088,28.05249,120.60567,7,94,0
984,2841,15.1730797,37.80807764,28.002192,120.710532,28.000286,120.70749,7,3,0
1380,2621,-9.93831932,53.09673852,28.00675,120.68244,28.01036,120.67777,4,459,0
845,1529,-29.43526204,-52.38844799,28.06506,120.57549,28.10206,120.54994,9,20,0
1278,1543,26.61405374,19.63647734,28.03156,120.78528,28.03307,120.79284,2,1551,0
727,1777,6.381737226,32.54020473,28.00933,120.69355,28.00536,120.69345,7,83,0
1441,1494,-48.12792002,-16.71989864,28.04381,120.65767,28.04977,120.64759,7,86,0
195,1796,-48.53416317,-20.85643548,28.041109,120.62863,28.04071,120.63988,7,48,0
358,2119,44.69222796,27.319144,27.96854,120.74135,27.97513,120.74591,10,298,0
1422,1552,15.7563656,42.41474731,28.00506,120.71172,28.00524,120.72204,7,69,0
665,1991,-8.186001693,49.91617429,27.9992,120.675,28.00104,120.67237,-1,336,0
801,1539,30.41159052,-47.13117702,27.87582,120.66951,27.856937,120.689815,3,23,0
1736,2688,-38.94128587,-19.91097319,28.029592,120.6244,28.04277,120.62428,7,59,0
243,704,-8.869787512,-1.634912232,28.000291,120.647161,28.001326,120.643433,3,22,0
606,2712,-33.78828837,16.2370374,28.004829,120.6409,28.01694,120.64891,3,26,0
876,2294,-34.99261793,13.77071613,28.01851,120.63892,28.017358,120.65303,3,0,0
46,510,-33.54150901,-36.44986569,28.04917,120.61056,28.04567,120.60077,-1,85,0
1795,2167,-45.21589351,-14.55174564,28.05247,120.66674,28.0438,120.65797,7,18,0
2080,2870,-1.986763508,11.06992336,27.994449,120.671107,27.993073,120.660361,4,266,0
167,1469,69.40899239,-8.087289376,27.94045,120.7928,27.93568,120.7957,-1,263,0
1141,2698,29.60224757,-37.6779145,27.933084,120.674452,27.929541,120.681063,5,124,0
1535,1608,-37.61282374,-15.61238533,28.03768,120.63277,28.0453,120.65749,7,0,0
1364,1502,-0.153363764,10.08005924,27.986295,120.662053,27.991292,120.664871,4,15,0
1317,2519,23.5379983,37.83134273,27.995577,120.71498,27.99715,120.70087,7,7,0
1312,2938,-9.499914919,-36.61170888,28.023857,120.581022,28.02158,120.59654,-1,8,0
828,2248,22.74345799,5.668443402,27.96168,120.677789,27.97512,120.69186,-1,116,0
975,2670,3.896184822,32.28526923,28.00397,120.67029,28.004123,120.680295,-1,11,0
741,1638,-0.524309764,17.98910634,27.95095,120.65688,27.99258,120.67111,-1,16,0
257,2370,-40.36238795,-51.22369663,28.076984,120.602335,28.08375,120.59178,9,3375,0
79,2613,32.86636184,-27.7726887,27.921889,120.696181,27.916821,120.696911,3,4,0
1935,2307,13.89659307,3.508284948,27.97505,120.67499,27.957377,120.682574,5,12,0
1110,1454,35.57963523,-18.16923365,27.946867,120.69923,27.92271,120.7068,-1,73,0
534,1108,30.9564381,-35.98557973,27.93767,120.66978,27.924685,120.69711,-1,8,0
1310,1927,-57.31626112,-25.42180763,28.0436,120.62548,28.04626,120.62785,7,504,0
1612,2150,6.614297502,-54.22191564,27.9938,120.57017,27.99711,120.58895,-1,93,0
663,1680,9.56946807,-1.426978762,27.97693,120.66377,27.96413,120.67139,5,2,0
381,1638,-2.204636179,19.09391798,27.99445,120.67111,27.99258,120.67111,4,4,0
1503,1590,-12.3085078,-57.56754799,28.0363,120.5857,28.02239,120.59436,-1,89,0
1443,2792,-24.78554646,39.51485075,28.02212,120.67074,28.02302,120.66759,3,3386,0
448,1089,-17.39881657,-34.85118247,28.024644,120.599644,28.02804,120.57818,-1,48,0
410,1651,33.30380187,23.47424932,27.95123,120.82795,27.97707,120.74717,-1,0,0
916,2724,-19.4681137,13.98626804,28.01381,120.65692,28.012221,120.657545,3,7,0
646,1449,-17.75206003,34.03481113,28.02101,120.67872,28.01592,120.69364,-1,79,0
1322,1879,5.009745886,32.36986238,28.00798,120.69032,27.999526,120.680665,-1,32,0
850,2715,-8.960637724,42.92153128,27.99186,120.67498,27.99435,120.66326,4,39,0
1591,2386,13.02692079,58.06479133,28.00528,120.70899,28.01849,120.70996,7,14,0
2415,2701,-24.08521972,18.94989334,28.02,120.655,28.0144,120.6591,3,123,0
213,1306,-12.29915955,-9.722002147,28.01009,120.63564,27.99383,120.62833,-1,4,0
1273,1424,-28.02014559,-18.84166867,28.02347,120.61544,28.02108,120.60101,3,150,0
234,1428,-51.84184477,-6.733096275,28.01828,120.62547,28.02259,120.62662,-1,1600,0
923,2009,-58.71466112,-16.3800119,28.06101,120.62576,28.04976,120.647462,7,103,0
284,1541,30.82548183,-29.75506403,27.92764,120.69437,27.9252,120.6899,3,57,0
128,1596,-46.65235575,14.47024702,28.0248,120.64971,28.027266,120.655901,7,88,0
147,2834,-14.55608826,-26.55579196,28.01625,120.60085,28.00969,120.59728,3,66,0
188,1998,-4.817138021,-22.46222266,27.97988,120.63103,27.987217,120.623164,8,1172,0
599,741,19.11823277,-12.85933672,27.97321,120.72684,27.95095,120.65688,-1,0,0
1480,2757,50.96874455,-7.338046664,27.96194,120.78881,27.95417,120.82421,-1,71,0
767,1455,-58.03625704,6.504001805,28.03954,120.64044,28.03905,120.62757,7,3,0
566,2282,10.22425622,25.34335377,28.0085,120.68531,27.99125,120.69051,4,0,0
510,779,-29.14192154,-41.52976881,28.04567,120.60077,28.03387,120.594038,9,1292,0
1351,2197,-58.28500713,-29.87805714,28.04387,120.63355,28.04449,120.62163,7,5899,0
191,1007,24.74744617,-1.675769973,27.96628,120.68116,27.96558,120.68672,5,1475,0
585,2519,7.026604929,56.24565487,28.00115,120.70215,27.99715,120.70087,7,3285,0
1455,1940,-48.03593329,-25.0174718,28.03905,120.62757,28.05756,120.60725,7,46,0
2055,2396,-35.76254669,-6.157032725,28.02288,120.63142,28.03985,120.62173,7,0,0
149,317,-44.31048177,33.36421269,28.01646,120.65935,28.01994,120.655,3,123,0
1848,2298,31.74479537,-12.71661837,27.96164,120.66747,27.92952,120.68107,5,28,0
615,2129,-4.100377835,9.527899927,27.99109,120.67677,27.98951,120.64774,-1,9,0
708,2902,32.21337589,-22.74848155,27.9343,120.7072,27.92072,120.70621,3,84,0
1110,2052,39.86755207,-15.83984661,27.946867,120.69923,27.92832,120.69785,-1,626,0
648,1071,41.2493446,-15.14681258,27.92779,120.69413,27.92798,120.69488,3,582,0
1501,2116,-44.06046855,-41.17916663,28.05557,120.61784,28.04925,120.60197,7,509,0
194,665,-7.822834744,50.61210298,28.0005,120.67726,27.9992,120.675,4,383,0
1359,2353,18.41505619,9.478863078,27.97581,120.68459,27.973777,120.682079,5,345,0
1506,2762,-26.27450758,39.4284288,28.02799,120.66168,28.01919,120.67036,-1,350,0
284,623,32.68039305,-9.292415114,27.92764,120.69437,27.94373,120.68649,-1,196,0
46,73,-35.47222428,-6.094598099,28.04917,120.61056,28.01003,120.63314,-1,0,0
923,2666,-42.45099763,-20.87334011,28.06101,120.62576,28.04116,120.62863,7,27,0
1133,2305,34.46006088,30.64217115,27.97533,120.72453,27.98543,120.73922,10,23,0
255,2033,53.65875395,4.701813687,27.91211,120.79786,27.9196,120.81824,6,39,0
1079,2556,18.67862379,51.53978171,28.00471,120.71764,28.00322,120.7122,7,208,0
1398,1830,-12.28090862,-49.50449641,28.02438,120.60303,28.0362,120.58118,-1,33,0
307,919,-37.06709674,40.24761726,28.01573,120.65876,28.01517,120.66789,3,515,0
869,1480,71.26552925,-11.13846344,27.94864,120.77547,27.96194,120.78881,2,2082,0
1273,2213,-55.17314539,-0.249168466,28.02347,120.61544,28.0397,120.63304,-1,157,0
1388,1593,-27.79816079,7.553148921,28.01822,120.64711,28.02516,120.64698,-1,0,0
979,1106,-22.20210433,-36.2478673,28.02921,120.59331,28.02311,120.59937,-1,33,0
2211,2398,34.93946639,-43.31314643,27.90973,120.63455,27.923249,120.687804,3,54,0
1033,1134,-11.30539421,-9.872126653,28.007951,120.626328,27.99644,120.63354,-1,45,0
257,2517,-40.47208949,-56.87525123,28.076984,120.602335,28.08227,120.59052,9,10319,0
1150,1572,-34.14913835,-28.22447862,28.00906,120.58854,28.02693,120.60664,3,32,0
1789,2515,-34.75657517,-48.99846988,28.09369,120.58816,28.06853,120.60201,9,2,0
46,1015,-43.86827746,-33.62508222,28.04917,120.61056,28.02245,120.61239,-1,77,0
77,307,-22.83923143,16.12885536,28.00743,120.64853,28.01573,120.65876,3,36,0
251,1218,59.07556617,3.220766778,27.90975,120.8324,27.91539,120.8198,6,119,0
820,2736,12.40554845,54.08725957,28.00789,120.70721,28.008768,120.696683,7,69,0
489,608,2.466794282,36.23958408,27.99167,120.67799,27.99367,120.69233,4,3,0
2342,2796,49.54262932,21.43864524,27.96902,120.74658,27.97189,120.75195,10,565,0
273,2929,-32.63243579,-14.49808098,28.02613,120.64691,28.026713,120.658442,7,6,0
646,1926,-26.6758075,44.53403937,28.02101,120.67872,28.01239,120.67322,3,163,0
343,2745,-37.14675666,-9.5176999,28.03943,120.62365,28.02921,120.62987,7,0,0
178,1779,-39.48394787,28.96578005,28.01444,120.65108,28.01179,120.65261,3,458,0
599,2279,26.85125038,5.291149026,27.97321,120.72684,27.98388,120.70501,-1,15,0
1,2154,47.69575737,19.62532567,27.97014,120.75603,27.96748,120.75293,10,3079,0
979,2292,-19.78711939,-49.0230357,28.02921,120.59331,28.04572,120.58643,9,2,0
614,959,-37.61633608,29.80430882,28.0124,120.65063,28.009115,120.657413,3,20,0
2183,2324,69.48791624,12.93330436,27.89444,120.81353,27.8722,120.8266,6,77,0
2450,2729,-59.37086452,-15.78952188,28.04901,120.63968,28.05359,120.63947,7,7586,0
1489,2530,29.81779864,-48.69150376,27.861,120.67971,27.861446,120.66791,3,42,0
2325,2508,21.70065465,-9.131929132,27.91782,120.69607,27.96724,120.66561,-1,0,0
1022,2476,27.18031642,53.34282155,27.99539,120.7173,27.99996,120.71136,7,64,0
319,999,16.14058434,-9.921574317,27.93831,120.66539,27.95989,120.64875,5,47,0
1565,1796,-59.47308629,1.97476031,28.03749,120.6251,28.04071,120.63988,7,273,0
1178,2293,13.2101975,29.45103146,27.99689,120.69531,27.9937,120.6981,4,13,0
2180,2295,0.023086534,-13.09336071,27.98333,120.65125,27.99006,120.64119,-1,16,0
273,2137,-57.67950097,7.910541693,28.02613,120.64691,28.04852,120.65349,7,42,0
1092,1935,11.18663108,-6.03296691,27.96187,120.66042,27.97505,120.67499,5,10,0
566,1321,2.334265287,33.24518705,28.0085,120.68531,27.99863,120.68954,4,51,0
780,906,-6.225920558,56.3746344,28.01006,120.68043,28.01211,120.69386,-1,140,0
384,1130,-31.62641505,-6.394262929,28.01405,120.63301,28.02327,120.63423,-1,27,0
3,1736,-44.80689286,-35.00040734,28.03927,120.5877,28.029592,120.6244,-1,26,0
746,2176,24.37335988,-10.83191084,27.94545,120.66986,27.95843,120.65338,5,61,0
2392,2670,2.214385803,32.05357464,28.00878,120.68835,28.004123,120.680295,-1,64,0
1947,2010,-2.857946861,45.3325854,27.98803,120.67876,27.99742,120.68104,4,93,0
72,572,-0.301824113,-38.65853067,27.97367,120.59704,27.99271,120.56614,8,19,0
326,492,20.86970243,38.67165233,28.0003,120.71557,27.99261,120.71419,7,0,0
1535,1650,-54.72660252,-4.602972274,28.03768,120.63277,28.020022,120.631375,-1,11,0
1560,1967,-23.6222786,-43.70089552,28.034241,120.588717,28.0348,120.58833,9,121,0
601,842,60.57033186,3.930716948,27.91157,120.83255,27.90945,120.81881,6,14,0
95,2336,68.59705067,20.86911478,27.871381,120.804451,27.87937,120.8036,6,247,0
547,2908,16.96080864,15.94120179,27.98521,120.67877,27.98585,120.6777,4,761,0
367,1684,1.332110834,-49.84465484,27.99233,120.60381,27.98796,120.61592,8,310,0
1650,2622,-44.48277488,-3.363704875,28.020022,120.631375,28.0547,120.64565,-1,0,0
1612,2094,6.382626299,-57.84600512,27.9938,120.57017,27.992,120.60987,8,241,0
1377,2316,-26.16500405,-33.75894864,28.02627,120.60094,28.0271,120.60091,3,2323,0
1066,1864,-18.75353128,25.04082233,28.01902,120.66678,28.019861,120.664669,3,46,0
1110,2176,20.34862692,-9.197042313,27.946867,120.69923,27.95843,120.65338,5,0,0
792,2371,-15.08791532,-55.86690737,28.040732,120.576351,28.03981,120.57351,9,409,0
1878,2305,36.24226547,13.57966244,27.97253,120.76819,27.98543,120.73922,10,15,0
147,609,-29.03966428,-14.98117114,28.01625,120.60085,28.02096,120.62016,3,29,0
1470,1999,15.59302109,-1.312242132,27.97225,120.68006,27.91395,120.70028,-1,82,0
956,1092,7.895346706,-2.057343189,27.97159,120.65547,27.96187,120.66042,5,64,0
531,2142,33.88593348,48.88714671,27.991394,120.71952,27.98684,120.71242,7,63,0
188,950,4.241901682,-41.24504879,27.97988,120.63103,27.98069,120.61263,8,213,0
727,1622,-4.8876403,53.84780078,28.00933,120.69355,28.00126,120.6875,-1,42,0
1724,1771,12.30131249,30.47333745,28.00258,120.70728,27.99855,120.69275,-1,6,0
545,1103,14.73980346,-23.50552325,27.96676,120.65937,27.97694,120.62826,-1,0,0
57,63,0.349860745,-3.551191414,28.00954,120.61511,28.01488,120.61139,-1,50,0
678,1351,-63.45954085,7.514045129,28.04554,120.65654,28.04387,120.63355,7,127,0
359,1347,-27.26165685,27.07992217,28.0113,120.6614,28.01058,120.65406,3,8,0
1020,2074,18.44557702,34.04084023,28.00029,120.70357,27.986124,120.709577,7,14,0
705,2263,-31.37678055,28.64289216,28.00227,120.63088,28.00726,120.65848,3,27,0
1013,1020,6.51159595,53.18215596,28.00165,120.701,28.00029,120.70357,7,157,0
405,1683,10.63775783,17.91462753,27.989232,120.680662,27.95708,120.67304,-1,4,0
1794,2272,28.58101098,-17.99130102,27.94302,120.67619,27.91974,120.69145,-1,9,0
81,2169,5.190287498,53.53799852,28.003179,120.699031,28.002851,120.698951,7,42,0
727,1177,6.550949319,33.07152071,28.00933,120.69355,28.00586,120.69435,7,75,0
276,531,31.69190756,29.49805832,27.98206,120.72704,27.991394,120.71952,7,5,0
385,2451,16.47401006,49.88046517,28.00125,120.72481,28.01596,120.72171,7,90,0
2000,2075,27.26375283,-22.70912432,27.92247,120.70628,27.94054,120.69195,-1,72,0
62,2302,43.54099566,-29.54515819,27.92028,120.70493,27.92002,120.70535,3,1616,0
2129,2446,0.053486831,4.388113037,27.98951,120.64774,27.98763,120.66308,-1,69,0
255,1335,54.74524029,4.129532642,27.91211,120.79786,27.92006,120.82563,6,4,0
1503,2372,-13.85906667,-32.27066178,28.0363,120.5857,28.023805,120.597166,-1,121,0
2094,2790,0.969345713,-49.77628847,27.992,120.60987,27.99273,120.60679,8,9423,0
643,745,-67.53274669,5.75080958,28.04355,120.65147,28.04541,120.65027,7,7909,0
1510,2318,-32.10140161,4.823629555,28.023269,120.632426,28.0217,120.647,-1,16,0
86,600,-36.50216595,18.45713388,28.01563,120.65181,28.00892,120.64776,3,5,0
2409,2444,-2.086550608,33.44757161,28.001286,120.679136,27.99277,120.67775,4,2,0
1736,1807,-62.48373998,-1.068004631,28.029592,120.6244,28.040568,120.63282,7,973,0
1506,2486,-65.05731274,12.27610037,28.02799,120.66168,28.04854,120.66293,7,188,0
1895,2788,28.98637303,3.245849641,27.96905,120.70307,27.96243,120.65546,-1,18,0
1285,2745,-35.39574815,-8.937620291,28.04108,120.61641,28.02921,120.62987,7,2,0
1380,1761,-7.915558414,50.23038445,28.00675,120.68244,27.99851,120.67952,4,231,0
1101,2627,30.27558872,16.48686448,28.008865,120.778256,28.01826,120.7953,2,247,0
813,1908,-22.80733936,-21.17210075,28.01833,120.607999,28.0141,120.60512,3,342,0
417,672,13.86973896,-34.05131913,27.95978,120.59707,27.96719,120.59359,-1,57,0
184,1614,-50.97115983,18.34319756,28.02537,120.66038,28.02662,120.65948,7,48,0
969,1061,44.26851557,-17.60768238,27.92722,120.69833,27.92415,120.70545,3,299,0
1744,1900,-28.02066567,-50.3545023,28.049438,120.581163,28.06605,120.58485,9,106,0
318,2428,7.573774587,-17.17925463,27.97271,120.64743,27.98819,120.6531,5,410,0
1841,1885,4.199343901,-31.83276662,27.980151,120.605199,27.96887,120.61609,8,16,0
1376,1911,34.73438887,36.3953661,27.99176,120.72451,27.97773,120.72673,-1,249,0
1243,1906,63.32385714,20.18515879,27.86417,120.78289,27.86612,120.76002,6,107,0
468,1150,-45.62460422,-34.15369579,28.02464,120.59155,28.00906,120.58854,3,470,0
4,1887,-1.530742227,-28.36096617,27.98663,120.61963,27.98792,120.61761,8,2021,0
594,2715,-0.463880834,19.88277129,27.99348,120.67357,27.99435,120.66326,4,25,0
389,1650,-45.88393005,-4.922083729,28.01058,120.62116,28.020022,120.631375,4,12,0
1942,2673,40.33354391,25.44876922,27.97292,120.74185,27.96916,120.74277,10,87,0
1888,2865,66.38489535,5.028697855,27.89882,120.82105,27.90471,120.82127,6,697,0
943,1956,34.76455087,40.68938311,27.98369,120.71502,27.96946,120.72066,-1,554,0
1429,2609,-18.8956069,-24.01554168,28.019912,120.604277,28.01418,120.59753,3,79,0
430,780,0.383296779,58.06198246,28.00437,120.69558,28.01006,120.68043,-1,15,0
143,1441,-67.22859075,7.891254346,28.04546,120.65895,28.04381,120.65767,7,5248,0
644,916,-40.29750577,33.78827085,28.01278,120.65944,28.01381,120.65692,3,9750,0
1036,2332,41.88399619,-19.80191816,27.92406,120.70335,27.92441,120.70401,3,89,0
545,752,11.75385647,-9.934035446,27.96676,120.65937,27.9454,120.65697,5,0,0
1342,1790,-8.535299435,51.4674858,28.00491,120.67627,28.00243,120.67766,4,357,0
1938,2200,-27.95386474,11.38372438,28.01832,120.65141,28.03746,120.65611,-1,8,0
2481,2680,6.130545189,-1.162175428,27.97265,120.66766,27.97782,120.66753,5,29,0
1101,1651,34.72575936,13.6713764,28.008865,120.778256,27.97707,120.74717,-1,0,0
246,1794,26.09419344,-10.17101298,27.95634,120.66596,27.94302,120.67619,5,1224,0
58,338,36.19770685,29.2968275,27.97969,120.74181,27.978332,120.738888,10,9,0
461,1218,58.94279528,7.024466605,27.8974,120.81737,27.91539,120.8198,6,114,0
1108,2214,26.78021726,-24.66532067,27.924685,120.69711,27.9598,120.68203,-1,27,0
2546,2559,-22.6405094,7.510703221,28.010372,120.647733,28.01104,120.64986,3,13,0
340,2202,-4.241886802,50.41008063,27.99961,120.68514,27.99802,120.68311,4,367,0
922,2408,43.96703711,28.42432666,27.97842,120.75478,27.97638,120.75557,10,1045,0
1849,2303,69.02196406,2.187331531,27.89831,120.81286,27.90821,120.80227,6,580,0
1273,2816,-54.41934413,-2.326137012,28.02347,120.61544,28.04411,120.63996,-1,160,0
883,1448,29.17481041,35.69667043,27.99238,120.73064,27.99567,120.715,7,19,0
462,2362,44.7758551,-28.5079803,27.92121,120.70312,27.92159,120.70412,3,3149,0
37,1935,9.519536372,1.11065659,27.97486,120.66789,27.97505,120.67499,5,21,0
515,1680,11.9404362,-25.48093263,27.96781,120.62801,27.96413,120.67139,-1,77,0
2061,2282,1.55927782,46.56504495,27.98839,120.68338,27.99125,120.69051,4,94,0
2173,2225,10.81205797,44.58562071,28.01765,120.74361,28.01963,120.71371,7,2,0
90,423,46.17123707,7.672535277,27.96939,120.78179,27.962446,120.822852,-1,89,0
1839,2225,11.45305264,46.60867304,27.97706,120.75192,28.01963,120.71371,-1,0,0
237,2575,-27.86428719,-37.75666048,28.023421,120.592786,28.02926,120.59028,-1,3317,0
115,2592,55.0074985,-11.96492196,27.94565,120.83188,27.93254,120.82423,6,98,0
271,2668,19.49946575,-45.18062919,27.956794,120.567095,27.94903,120.59549,10,102,0
2028,2946,70.08080532,-2.866670408,27.92122,120.80887,27.91587,120.81258,6,1874,0
1842,2093,27.0357348,15.52423461,28.02971,120.77817,28.02905,120.78585,2,180,0
772,1221,-46.2593419,-29.78495794,28.05187,120.61117,28.074942,120.604791,-1,12,0
1967,2653,-22.12760875,-44.97244046,28.0348,120.58833,28.03697,120.58917,9,7,0
972,2061,21.04903401,4.308310576,27.94366,120.68317,27.98839,120.68338,-1,0,0
633,1431,26.50539568,41.61581772,27.98491,120.70392,27.9917,120.70786,-1,20,0
486,1376,30.15007811,32.02785797,27.97508,120.74612,27.99176,120.72451,-1,44,0
633,2261,19.06339298,28.02290776,27.98491,120.70392,27.97054,120.68557,-1,0,0
1651,2793,47.12908145,26.69779716,27.97707,120.74717,27.96841,120.73048,10,455,0
403,447,30.73286491,43.71162097,27.98093,120.71034,27.99055,120.7118,7,163,0
1435,2816,-58.59502816,-14.9012778,28.046174,120.636789,28.04411,120.63996,7,3063,0
116,2015,24.09701396,15.75417376,28.06043,120.80995,28.0972,120.82147,2,59,0
130,981,31.72802363,-45.81731403,27.90369,120.65562,27.89495,120.67037,3,103,0
691,1051,-42.92568166,-36.81305099,28.05782,120.58736,28.04252,120.60963,-1,25,0
191,935,13.18860407,9.70012223,27.96628,120.68116,27.97987,120.68111,-1,0,0
794,2330,2.190006316,-36.21617178,27.96834,120.57402,27.9967,120.60336,8,10,0
1323,1924,68.40134706,17.39888474,27.85707,120.81238,27.86419,120.81517,6,20,0
47,1571,47.01606407,16.38462285,27.97433,120.75967,27.97334,120.75738,10,3172,0
130,2863,35.48501348,-47.31819007,27.90369,120.65562,27.888,120.649,3,70,0
15,1643,0.45955096,-19.23915483,27.97664,120.63227,27.98054,120.61279,8,11,0
2151,2515,-45.40777827,-46.66687867,28.06452,120.61682,28.06853,120.60201,9,2849,0
599,718,32.66813579,0.553334069,27.97321,120.72684,27.96911,120.72368,10,258,0
579,1870,-3.734781223,5.098118423,27.99223,120.65477,27.99576,120.6574,-1,65,0
2666,2890,-56.0436009,-0.861183429,28.04116,120.62863,28.02424,120.6348,-1,66,0
874,1555,-66.85210877,5.357618195,28.04411,120.64767,28.043798,120.657967,7,349,0
972,2520,39.50009597,-13.9469998,27.94366,120.68317,27.92895,120.69631,-1,118,0
1625,2028,70.98839676,-3.065687181,27.91671,120.81301,27.92122,120.80887,6,6123,0
649,1184,-1.374460589,-18.39866016,27.981943,120.645555,27.982012,120.645724,5,911,0
500,1341,22.62541129,50.19515854,27.99978,120.7112,27.9986,120.70953,7,213,0
434,2151,-41.80331046,-27.19372995,28.07246,120.62056,28.06452,120.61682,9,42,0
624,1087,-19.85554544,28.34042849,28.01854,120.66394,28.02274,120.66726,3,32,0
31,331,-43.73391525,-2.314394912,28.02343,120.63235,28.03958,120.62042,-1,28,0
1667,1998,-0.54898019,-24.52999867,27.93583,120.61337,27.987217,120.623164,8,121,0
46,2847,-33.2949687,-34.69247872,28.04917,120.61056,28.041041,120.588459,-1,13,0
477,2632,19.64401863,56.6792854,27.994763,120.731284,28.0072,120.71529,7,24,0
1345,1432,-18.88564824,-13.99248596,28.00711,120.61047,28.00892,120.62295,4,344,0
113,841,-47.10254531,5.359063712,28.01211,120.63736,28.0171,120.63698,3,230,0
1444,2067,-20.3535312,-41.94500691,28.019216,120.588125,28.028224,120.587166,9,69,0
1094,1273,-27.83463252,-18.122604,28.01845,120.59962,28.02347,120.61544,3,44,0
575,2224,4.020673678,7.718553251,27.98117,120.66776,27.98445,120.67253,4,51,0
1724,1845,21.69529509,46.01765554,28.00258,120.70728,27.99406,120.72557,7,25,0
761,1415,-49.70492327,7.073737166,28.02569,120.64175,28.01447,120.64201,-1,131,0
909,999,14.98685457,-18.52708474,27.95992,120.64877,27.95989,120.64875,5,11213,0
1055,1584,71.84677183,6.329271723,27.89321,120.79688,27.89209,120.81396,6,37,0
331,1429,-23.98273968,-16.36331432,28.03958,120.62042,28.019912,120.604277,-1,36,0
609,1164,-37.33758512,-13.60929877,28.02096,120.62016,28.04057,120.64705,-1,76,0
138,2890,-37.44032105,-9.230389384,28.04427,120.69476,28.02424,120.6348,-1,0,0
58,763,42.72556868,30.66265102,27.97969,120.74181,27.97775,120.74248,10,311,0
2792,2801,-15.68678777,18.98325509,28.02302,120.66759,28.01569,120.65545,3,27,0
98,2120,-11.32105492,1.154794846,27.996306,120.644374,28.00312,120.65388,3,20,0
1130,2152,-32.48306755,-4.634371744,28.02327,120.63423,28.02159,120.63532,3,34,0
1329,2415,-41.62772715,9.674048037,28.02655,120.65947,28.02,120.655,-1,16,0
682,1399,-48.61851372,-25.47353934,28.0412,120.629,28.024487,120.608733,-1,0,0
1263,2955,-15.25417832,26.89380743,28.02077,120.6738,28.02188,120.66555,3,2,0
208,1079,18.59416028,53.43613884,28.00568,120.7226,28.00471,120.71764,7,95,0
19,1364,6.438477438,11.65703135,27.98443,120.66958,27.986295,120.662053,4,0,0
284,1194,29.70747828,-17.5599464,27.92764,120.69437,27.9573,120.67705,-1,0,0
357,949,-14.10623301,-54.80147212,28.03643,120.57447,28.042263,120.582178,9,181,0
534,2462,16.80576664,-12.61556485,27.93767,120.66978,27.93855,120.64822,5,103,0
19,1026,11.82590313,12.65757513,27.98443,120.66958,27.981479,120.677436,-1,121,0
1572,2547,-36.01622789,-46.12105935,28.02693,120.60664,28.077515,120.5896,-1,8,0
290,402,-28.18264976,26.61534575,28.01162,120.65943,28.01188,120.66205,3,56,0
2508,2567,9.680560628,-6.756413818,27.96724,120.66561,27.992138,120.656444,-1,26,0
160,1718,17.61254296,42.97227679,27.97864,120.71467,28.001831,120.717278,-1,9,0
1441,1488,-64.66682595,8.153692288,28.04381,120.65767,28.043371,120.655715,7,205,0
284,2005,37.24027202,-12.15120014,27.92764,120.69437,27.92325,120.6878,3,1252,0
1483,2841,32.32655431,47.09510963,27.9897,120.71206,28.000286,120.70749,7,2,0
755,886,43.75578642,-19.23891221,27.928,120.698,27.92484,120.70451,3,349,0
1197,2064,65.75548826,14.43258965,27.8679,120.81282,27.889525,120.804362,6,57,0
106,397,9.366492035,-58.53832258,27.9806,120.54774,27.98278,120.56366,8,350,0
287,1453,-2.883050074,-11.70870564,27.986822,120.630326,27.99832,120.6366,-1,11,0
353,1455,-36.56778524,-27.65167422,28.04744,120.60876,28.03905,120.62757,7,29,0
309,2319,17.62016246,-43.91198582,27.95804,120.59516,27.97631,120.60491,-1,917,0
2634,2785,-65.17801587,21.8571337,28.10609,120.71839,28.10399,120.70394,1,2671,0
17,1935,15.20783485,8.033038885,27.97886,120.67718,27.97505,120.67499,5,210,0
1606,2843,-7.589774094,27.74670204,28.01492,120.67488,28.01538,120.6731,3,69,0
188,647,3.72034113,-39.56351615,27.97988,120.63103,27.9749,120.63133,8,1966,0
955,2890,-61.95648308,2.81198084,28.04133,120.65311,28.02424,120.6348,-1,182,0
1232,1835,-44.17426846,-13.06140318,28.04357,120.651564,28.03927,120.65678,7,114,0
62,2375,35.66891348,-27.50139518,27.92028,120.70493,27.91276,120.70931,3,20,0
487,2341,8.77407276,22.40222246,27.98776,120.67428,27.98923,120.68066,4,2,0
1238,2373,-32.1349374,32.37310634,28.00439,120.65275,27.99672,120.65264,3,202,0
291,954,-25.55678879,41.53789854,28.023257,120.659016,28.018214,120.672196,3,117,0
1940,2004,-40.13315956,-43.79128791,28.05756,120.60725,28.05469,120.58692,-1,90,0
40,2892,-0.443921451,-2.137424563,27.85902,120.65677,27.87032,120.64792,3,25,0
1677,1724,14.11200361,40.14555521,28.00307,120.70595,28.00258,120.70728,7,66,0
2316,2890,-39.24596376,-11.97229793,28.0271,120.60091,28.02424,120.6348,3,7,0
698,961,-37.76371208,-44.96775182,28.07126,120.60869,28.06451,120.58223,9,24,0
227,1657,-40.29825497,-21.33207843,28.05333,120.63083,28.04146,120.62266,7,37,0
1,2796,49.41936056,20.73132109,27.97014,120.75603,27.97189,120.75195,10,626,0
42,1502,-3.933266119,6.621380384,28.0014,120.65569,27.991292,120.664871,-1,8,0
415,640,-25.35533555,19.07674542,28.01975,120.65219,28.01677,120.65806,3,30,0
955,1145,-35.52287371,6.450315865,28.04133,120.65311,28.024208,120.653538,7,0,0
797,2708,38.29373226,27.4409688,27.97373,120.74409,27.975,120.745833,10,27,0
836,2199,-22.52827309,-35.33708359,28.02242,120.60801,28.026587,120.594413,3,68,0
1845,2519,21.25789108,37.69832424,27.99406,120.72557,27.99715,120.70087,7,13,0
1103,2445,8.20660435,-30.89777416,27.97694,120.62826,27.992515,120.595201,8,0,0
1444,2938,-9.803008506,-33.85902341,28.019216,120.588125,28.02158,120.59654,-1,124,0
975,2446,-5.75244373,17.38304367,28.00397,120.67029,27.98763,120.66308,-1,3,0
1612,2432,-0.412447175,-37.73910443,27.9938,120.57017,27.99839,120.59856,8,22,0
703,2791,3.976810693,-52.56205056,27.99417,120.59982,27.99739,120.58551,8,533,0
15,2260,1.182656108,-19.52392511,27.97664,120.63227,27.97853,120.62639,8,76,0
1596,2316,-32.29284749,-31.86685812,28.027266,120.655901,28.0271,120.60091,-1,9,0
628,1293,58.75265632,-11.45826533,27.92742,120.82878,27.93743,120.83414,6,1478,0
275,2638,72.17756028,-7.001215496,27.92044,120.75114,27.92052,120.75247,10,927,0
306,2331,36.82119449,-39.1874013,27.93177,120.67802,27.92645,120.67635,-1,14332,0
981,2447,30.52635293,-43.76500288,27.89495,120.67037,27.907332,120.673448,3,61,0
634,751,-21.7527716,-30.10352846,28.02449,120.60873,28.02449,120.61195,3,37,0
262,2373,-7.835156956,7.240761245,27.998528,120.6532,27.99672,120.65264,3,9,0
955,2608,-61.57063204,6.04803106,28.04133,120.65311,28.03899,120.65059,7,144,0
1007,1360,23.16462401,1.954196244,27.96558,120.68672,27.993854,120.698744,-1,8,0
25,502,7.537916183,-0.686324649,27.976204,120.667973,27.975415,120.651576,5,67,0
627,1273,-37.06894312,-18.06169932,28.0494,120.66193,28.02347,120.61544,-1,9,0
1695,1737,-13.09592239,-46.03213023,28.02937,120.5775,28.03968,120.57291,9,35,0
673,2688,-50.3214953,-24.1642348,28.05464,120.60495,28.04277,120.62428,7,17,0
935,1007,13.78925761,9.751170647,27.97987,120.68111,27.96558,120.68672,-1,41,0
348,832,-66.01914602,19.17785933,28.07753,120.6897,28.05231,120.68005,-1,57,0
1638,2383,-1.683054325,18.95244152,27.99258,120.67111,27.99134,120.67277,4,8,0
307,491,-41.49070724,37.54441631,28.01573,120.65876,28.014866,120.661141,3,2627,0
1470,1698,22.91997527,-5.564829658,27.97225,120.68006,27.95861,120.665556,5,56,0
547,2149,16.517949,17.91362042,27.98521,120.67877,27.98472,120.69611,4,33,0
133,2005,32.63854734,-9.184006929,27.9535,120.69621,27.92325,120.6878,-1,72,0
599,2408,33.32886185,21.35312374,27.97321,120.72684,27.97638,120.75557,10,20,0
287,2531,-2.694087043,-16.12574598,27.986822,120.630326,27.99591,120.64416,-1,16,0
2105,2424,-17.42139245,50.80508211,28.01341,120.67225,28.01008,120.67058,3,117,0
1052,1316,28.53362975,4.576774102,27.97486,120.72843,27.97332,120.71019,10,10,0
60,1625,65.55922722,0.135764347,27.89629,120.80392,27.91671,120.81301,6,125,0
109,1357,-31.04179979,-40.12724403,28.03316,120.59087,28.05143,120.60047,-1,2,0
505,824,-10.51145648,-3.139288382,28.0045,120.64542,28.002956,120.643807,3,18,0
606,959,-31.42367562,27.53894465,28.004829,120.6409,28.009115,120.657413,3,19,0
534,2209,4.325943406,-5.678039534,27.93767,120.66978,27.96734,120.67106,5,4,0
1422,2225,13.01103978,43.09197384,28.00506,120.71172,28.01963,120.71371,7,35,0
1727,2946,60.07778394,3.956303372,27.91218,120.83617,27.91587,120.81258,6,58,0
530,1622,-1.345358631,55.24008403,28.001624,120.691201,28.00126,120.6875,4,78,0
580,2200,-52.30026382,15.07302974,28.02797,120.6552,28.03746,120.65611,7,32,0
48,382,-22.31795044,30.39546015,28.01947,120.67661,28.01967,120.6623,3,105,0
709,1893,38.01240736,33.49112229,27.97153,120.73361,27.97148,120.72848,10,44,0
273,2318,-45.64349967,19.03800082,28.02613,120.64691,28.0217,120.647,-1,754,0
152,251,63.41691545,3.068657324,27.91139,120.82389,27.90975,120.8324,6,134,0
408,936,-55.08630063,-4.258945303,28.05042,120.6339,28.02145,120.63334,-1,69,0
1082,2252,-42.13240242,33.79079619,28.016688,120.655528,28.0135,120.659,3,47,0
382,906,-18.52972902,22.68169968,28.01967,120.6623,28.01211,120.69386,-1,9,0
300,2154,44.83517388,18.97930859,27.9685,120.75992,27.96748,120.75293,10,890,0
688,1317,24.07429771,36.50380324,28.008405,120.68283,27.995577,120.71498,-1,26,0
646,2968,-51.16909597,15.15074323,28.02101,120.67872,28.02802,120.6546,-1,10,0
312,1184,2.663157013,-13.34648885,27.97483,120.67456,27.982012,120.645724,5,44,0
643,2459,-42.80435247,-13.91792344,28.04355,120.65147,28.043254,120.648648,7,51,0
714,1409,4.793610103,-6.542351802,28.02373,120.65221,28.02498,120.65306,7,8,0
1295,1814,33.47049428,-52.35379278,27.87791,120.67133,27.88108,120.671,3,7470,0
638,1306,-8.401942913,-19.99970806,27.99736,120.62159,27.99383,120.62833,8,2179,0
839,2124,-67.1690205,17.99863976,28.02525,120.77112,28.0048,120.764,-1,2,0
1027,1275,-40.07101573,-53.33841996,28.08394,120.58605,28.1014,120.58443,9,495,0
227,2197,-58.11718959,-20.81739808,28.05333,120.63083,28.04449,120.62163,7,1050,0
524,763,35.37781238,28.00109347,27.98139,120.7382,27.97775,120.74248,10,80,0
35,1856,-33.17293031,-55.09792664,28.06905,120.57281,28.07457,120.58762,9,108,0
570,673,-35.86933844,-44.14095465,28.0722,120.5703,28.05464,120.60495,-1,7,0
580,1506,-40.44845126,6.504628144,28.02797,120.6552,28.02799,120.66168,7,6,0
1008,1736,-50.86441878,-28.25422099,28.06212,120.60705,28.029592,120.6244,-1,19,0
1296,2946,71.59309801,0.968612717,27.89897,120.79855,27.91587,120.81258,6,276,0
872,1347,-13.73632591,7.430501245,27.98477,120.64882,28.01058,120.65406,-1,2,0
204,2180,-0.528918184,-15.6150739,27.99015,120.62566,27.98333,120.65125,-1,19,0
1510,2189,-45.59661695,-3.984443021,28.023269,120.632426,28.01722,120.63141,-1,163,0
202,2749,-37.28537517,32.62053998,28.0087,120.65515,28.00945,120.65652,3,1107,0
2187,2649,68.17367903,11.57948928,27.89058,120.80958,27.88565,120.80804,6,415,0
1380,2444,-7.334301595,49.43033477,28.00675,120.68244,27.99277,120.67775,4,31,0
539,2801,-43.4639604,30.020054,28.01516,120.65303,28.01569,120.65545,3,1276,0
1755,2871,29.74913266,-27.84932914,27.916499,120.696973,27.92341,120.69408,3,15,0
667,907,34.8149156,32.98619746,27.986198,120.732437,27.9842,120.72674,-1,70,0
708,969,43.50347611,-17.59768645,27.9343,120.7072,27.92722,120.69833,3,214,0
104,2156,-23.48940545,-34.13968656,28.0211,120.601,28.02454,120.591434,3,49,0
1848,2331,30.04597838,-14.9014571,27.96164,120.66747,27.92645,120.67635,-1,4,0
916,2701,-22.73697854,18.47298998,28.01381,120.65692,28.0144,120.6591,3,167,0
178,264,-41.88090921,30.20845478,28.01444,120.65108,28.01535,120.66232,3,138,0
2508,2756,19.09873363,5.469482904,27.96724,120.66561,27.98645,120.68772,-1,24,0
960,1433,-22.59664847,6.257021186,28.021679,120.650433,28.015196,120.648057,3,37,0
780,1846,-8.542544577,32.27584532,28.01006,120.68043,28.010838,120.681519,4,191,0
2509,2766,-17.38452006,-22.64468393,28.02225,120.60442,28.01412,120.606248,3,85,0
876,2318,-46.36073918,1.931219456,28.01851,120.63892,28.0217,120.647,3,96,0
405,1867,-2.296949538,42.81920968,27.989232,120.680662,27.9905,120.6805,4,547,0
1899,1927,-44.69602977,-21.41935713,28.06248,120.60338,28.04626,120.62785,-1,36,0
515,1134,5.575021549,-24.16916646,27.96781,120.62801,27.99644,120.63354,8,4,0
1455,2890,-59.02812275,-4.41668123,28.03905,120.62757,28.02424,120.6348,-1,624,0
1085,1620,-30.27925902,-14.51639673,28.0257,120.6129,28.01578,120.62194,-1,134,0
1124,2805,56.33867952,0.743211769,27.92529,120.82185,27.92301,120.8262,6,27,0
1092,2298,29.22335352,-15.40461532,27.96187,120.66042,27.92952,120.68107,5,16,0
332,2670,-3.173542455,57.08073683,28.00341,120.68731,28.004123,120.680295,4,145,0
831,1092,6.972640035,0.226748233,27.9762,120.668,27.96187,120.66042,5,9,0
65,293,-34.92135016,-4.83149842,28.02326,120.631402,28.02476,120.635142,-1,0,0
1474,2316,-14.07448408,-36.71961428,28.02436,120.58545,28.0271,120.60091,-1,44,0
1178,2149,2.810432929,50.97313691,27.99689,120.69531,27.98472,120.69611,4,39,0
2131,2531,0.108675708,-9.210996864,27.97509,120.65593,27.99591,120.64416,-1,33,0
2526,2561,-3.458547583,34.10728987,27.999585,120.679713,28.00155,120.68023,4,26,0
1184,1683,9.307538107,-8.949568238,27.982012,120.645724,27.95708,120.67304,5,12,0
447,702,31.83774447,-1.767354337,27.99055,120.7118,27.94104,120.72061,-1,2,0
1407,2772,3.968500938,-20.03061922,27.97235,120.62717,27.979611,120.629271,8,100,0
945,1243,64.00293158,23.83821324,27.87922,120.78748,27.86417,120.78289,6,1464,0
1549,2556,27.38838969,47.74774882,27.98966,120.70619,28.00322,120.7122,7,70,0
467,1769,16.72944357,36.14996467,28.012398,120.68848,27.998722,120.707177,7,11,0
1511,1519,35.1551315,21.34805914,27.97302,120.73654,27.97433,120.75966,10,43,0
1393,2058,35.09365646,-51.69963884,27.88797,120.67287,27.87238,120.65735,3,1194,0
1698,1699,14.48564791,7.387825148,27.95861,120.665556,27.97659,120.67899,5,69,0
164,2428,3.588840907,-9.823532839,27.95724,120.65969,27.98819,120.6531,5,0,0
115,2779,52.80614597,-3.565714825,27.94565,120.83188,27.9069,120.82629,6,37,0
431,780,-8.066321151,54.07032426,28.00412,120.6803,28.01006,120.68043,4,58,0
1285,1772,-30.94019707,-33.11608344,28.04108,120.61641,28.02618,120.60498,-1,17,0
612,2341,8.160250978,22.2493021,27.9917,120.678,27.98923,120.68066,4,19,0
202,812,-39.09201716,30.13853823,28.0087,120.65515,28.01375,120.6551,3,500,0
195,1940,-46.60089603,-24.22285668,28.041109,120.62863,28.05756,120.60725,7,10,0
1572,1737,-18.98161829,-50.304024,28.02693,120.60664,28.03968,120.57291,-1,4,0
227,426,-37.71797028,-8.401777367,28.05333,120.63083,28.025933,120.641498,7,8,0
570,1940,-35.35469005,-44.09961459,28.0722,120.5703,28.05756,120.60725,-1,19,0
449,2564,29.94537768,1.049282758,27.93173,120.70133,27.96169,120.70433,-1,40,0
405,2080,4.209701567,20.63904466,27.989232,120.680662,27.994449,120.671107,4,104,0
379,2722,73.05215881,14.96476435,27.87831,120.82092,27.8763,120.821,6,3085,0
1590,2199,-24.84664947,-36.98467445,28.02239,120.59436,28.026587,120.594413,3,1197,0
1955,2120,-11.45913105,6.066666658,28.00278,120.646,28.00312,120.65388,3,56,0
1321,2236,2.765963184,22.27747405,27.99863,120.68954,27.9946,120.674,4,35,0
2405,2612,17.26497788,0.75755838,27.96984,120.68551,27.97238,120.685041,5,10,0
174,2304,-59.9364089,-14.06839264,28.04894,120.64323,28.04617,120.63678,7,309,0
720,763,44.21877451,30.98185334,27.97976,120.74186,27.97775,120.74248,10,6231,0
1442,2914,-32.74126767,5.371556263,28.021742,120.649455,28.01922,120.64427,3,34,0
2083,2399,17.75540198,-40.43491744,27.95887,120.60962,27.951096,120.598666,10,190,0
4,72,5.926195345,-38.21713255,27.98663,120.61963,27.97367,120.59704,8,91,0
936,1058,-52.99350836,-2.382998629,28.02145,120.63334,28.04752,120.63044,-1,64,0
41,2083,16.42029602,-41.38958511,27.95746,120.61208,27.95887,120.60962,10,61063,0
1525,1738,-15.92447648,-51.89361243,28.03821,120.57802,28.04081,120.57769,9,0,0
261,2385,2.97286734,15.79604653,27.99005,120.67431,27.998,120.672205,4,2,0
246,2481,13.75150506,-4.263205789,27.95634,120.66596,27.97265,120.66766,5,106,0
1052,1865,39.91580336,35.55917069,27.97486,120.72843,27.97506,120.73909,10,379,0
666,695,-33.6732055,-58.58386713,28.07352,120.58467,28.054694,120.586916,9,409,0
1659,1774,-8.555795758,8.334952833,28.00263,120.65655,27.99094,120.65242,-1,18,0
1782,2099,11.74059856,26.88496816,27.997236,120.700653,27.99084,120.68506,-1,2,0
697,1824,44.10340372,-24.13058565,27.92414,120.70279,27.9227,120.70332,3,1777,0
52,2537,64.26472344,-3.220323239,27.93816,120.80145,27.92328,120.80462,6,87,0
281,1302,70.43614623,-8.366671366,27.94397,120.77876,27.96848,120.78369,2,91,0
233,1108,37.68013466,-21.38235258,27.9299,120.70635,27.924685,120.69711,3,104,0
69,1455,-37.70729335,-20.77013138,28.055285,120.609474,28.03905,120.62757,7,22,0
1,943,32.86984277,21.94113815,27.97014,120.75603,27.98369,120.71502,-1,0,0
677,836,-33.28096169,-21.53083128,28.040628,120.619569,28.02242,120.60801,-1,10,0
916,1082,-42.69438782,31.86416759,28.01381,120.65692,28.016688,120.655528,3,2171,0
1496,2261,21.63379959,3.462706371,27.97767,120.70127,27.97054,120.68557,-1,47,0
1160,2252,-17.02443808,18.12406662,28.01525,120.66252,28.0135,120.659,3,6,0
1454,2577,40.35662159,-27.02793874,27.92271,120.7068,27.92101,120.70502,3,184,0
831,1470,10.93469088,0.178536451,27.9762,120.668,27.97225,120.68006,5,59,0
486,1950,27.18966477,29.59671406,27.97508,120.74612,27.99139,120.71952,-1,0,0
868,975,-16.08480077,50.39161546,28.01279,120.66871,28.00397,120.67029,3,45,0
439,1506,-45.26573704,17.37726956,28.02332,120.64816,28.02799,120.66168,-1,45,0
58,2837,45.02885698,32.34090285,27.97969,120.74181,27.9784,120.74066,10,523,0
811,1108,41.55030272,-15.94399337,27.92878,120.69672,27.924685,120.69711,3,484,0
1308,2564,20.25859519,1.435306471,27.98404,120.68203,27.96169,120.70433,-1,9,0
876,1428,-31.54157121,-2.547462045,28.01851,120.63892,28.02259,120.62662,-1,61,0
2037,2223,62.14378389,-13.44121867,27.9208,120.84047,27.922663,120.824735,6,109,0
510,1031,-25.11378505,-44.24043577,28.04567,120.60077,28.036972,120.589166,9,24,0
1123,1753,12.89229777,-18.5773722,27.96552,120.64757,27.96526,120.65283,5,5482,0
2594,2827,-35.78878952,-49.04957159,28.08581,120.59066,28.05657,120.60001,-1,27,0
2149,2624,18.58835744,22.05215957,27.98472,120.69611,27.97603,120.71773,-1,14,0
1273,2198,-17.32079343,-10.89266097,28.02347,120.61544,28.01139,120.622331,-1,42,0
825,1549,19.61164272,30.1662571,27.98567,120.70701,27.98966,120.70619,7,7,0
859,1194,27.6213701,-7.760036922,27.95386,120.68203,27.9573,120.67705,5,15105,0
1052,1895,29.06511972,-2.952768093,27.97486,120.72843,27.96905,120.70307,10,6,0
464,1407,16.2218707,-21.76157642,27.9659,120.64111,27.97235,120.62717,8,1844,0
1966,2103,-1.649719927,-35.09889584,27.99619,120.58337,27.98211,120.59701,8,26,0
449,1141,38.9489392,-11.7144482,27.93173,120.70133,27.933084,120.674452,-1,724,0
40,1693,29.41846385,-51.63081597,27.85902,120.65677,27.85534,120.66953,3,116,0
1446,2076,3.211361705,-35.57733127,27.98015,120.60519,27.99335,120.57729,8,35,0
237,2588,-12.34457091,-39.85888446,28.023421,120.592786,28.02213,120.5743,-1,105,0
687,1360,12.90766472,29.97001449,28.006318,120.696659,27.993854,120.698744,-1,9,0
479,2058,33.77658089,-44.91752849,27.89857,120.63091,27.87238,120.65735,3,10,0
1965,2970,18.96812291,-48.39323448,27.94943,120.58007,27.9567,120.57364,10,1079,0
1794,2021,32.09080023,-10.78670817,27.94302,120.67619,27.92043,120.68424,-1,108,0
1914,2096,3.359387759,-5.521711639,27.968664,120.609359,27.97745,120.61375,8,11,0
878,1499,10.23570612,32.53432247,28.000355,120.697765,28.00636,120.69525,7,8,0
1140,1830,-12.51581899,-56.95961018,28.04193,120.57698,28.0362,120.58118,9,5093,0
1736,2197,-54.85286156,-28.99086155,28.029592,120.6244,28.04449,120.62163,7,568,0
204,1624,8.399372604,-43.89864261,27.99015,120.62566,27.971715,120.608414,8,72,0
2686,2804,6.420077903,47.58208053,28.0508,120.683,28.02126,120.68452,7,42,0
1911,2793,38.08161606,36.82198758,27.97773,120.72673,27.96841,120.73048,10,353,0
2370,2725,-39.49874643,-51.05243121,28.08375,120.59178,28.08578,120.59077,9,344,0
486,552,47.18560201,25.45873681,27.97508,120.74612,27.96536,120.74141,10,1025,0
521,959,-15.6893976,39.50158895,27.99979,120.66739,28.009115,120.657413,3,25,0
1308,2282,13.36126388,19.94915191,27.98404,120.68203,27.99125,120.69051,4,50,0
628,2713,59.98950485,-11.48429785,27.92742,120.82878,27.9236,120.82555,6,816,0
176,2733,-35.18269966,-6.229050086,28.02521,120.6105,28.019524,120.631948,3,6,0
440,1774,-6.587160809,-0.707924852,28.00029,120.64716,27.99094,120.65242,-1,23,0
1899,2150,-38.41110482,-30.71775955,28.06248,120.60338,27.99711,120.58895,-1,15,0
1093,1444,-15.29591615,-40.20988668,28.03228,120.58055,28.019216,120.588125,9,32,0
1385,1494,-49.47835775,-17.87230055,28.05153,120.62762,28.04977,120.64759,7,34,0
2183,2187,71.56270587,5.941330192,27.89444,120.81353,27.89058,120.80958,6,619,0
1273,1796,-57.5468146,4.392589455,28.02347,120.61544,28.04071,120.63988,-1,122,0
1070,2796,36.96644539,20.20842922,27.97374,120.7589,27.97189,120.75195,10,0,0
447,608,20.81055699,30.77563952,27.99055,120.7118,27.99367,120.69233,-1,34,0
147,729,-20.20873829,-26.67359346,28.01625,120.60085,28.02336,120.60588,3,141,0
1432,2778,-9.371905803,-9.750278448,28.00892,120.62295,27.99859,120.64039,-1,35,0
1337,2399,17.85968645,-34.37500058,27.9422,120.581,27.951096,120.598666,10,3,0
427,1991,-12.5545029,48.46630762,28.005808,120.669146,28.00104,120.67237,3,817,0
2743,2888,-45.37459798,-27.45995186,28.049957,120.622963,28.05349,120.61286,7,76,0
284,1284,35.32432467,-5.390599875,27.92764,120.69437,27.94439,120.71319,-1,272,0
742,1351,-46.87433994,-17.47682949,28.069541,120.641029,28.04387,120.63355,7,13,0
1421,1870,1.028380089,-10.15474033,27.98936,120.6427,27.99576,120.6574,-1,5,0
1112,1494,-50.15779616,-18.68869094,28.05274,120.62436,28.04977,120.64759,7,30,0
600,1249,-36.20862291,24.22612506,28.00892,120.64776,28.00533,120.6479,3,171,0
124,2180,-0.595698784,-14.30422848,27.99261,120.62341,27.98333,120.65125,-1,0,0
227,2666,-55.92312797,-21.64322874,28.05333,120.63083,28.04116,120.62863,7,159,0
460,2142,23.95659577,34.71582644,27.996057,120.710262,27.98684,120.71242,7,13,0
1130,1605,-45.25225486,-0.434316414,28.02327,120.63423,28.01353,120.6398,3,17,0
565,1327,-36.76483123,36.29245749,28.00841,120.66454,28.010416,120.663943,3,231,0
971,1557,54.36222086,5.355478858,27.92205,120.80111,27.90165,120.81193,6,41,0
1007,1021,12.83556948,-26.82830128,27.96558,120.68672,27.96668,120.62461,-1,22,0
2183,2966,69.80469139,4.434114165,27.89444,120.81353,27.90319,120.81717,6,4360,0
213,1298,-48.2820908,3.055577207,28.01009,120.63564,28.01943,120.636564,3,107,0
1094,1140,-15.70406972,-50.03072035,28.01845,120.59962,28.04193,120.57698,-1,19,0
773,1165,3.756019448,19.48427114,27.989406,120.673557,27.98951,120.67228,4,716,0
2031,2323,-38.04658653,12.67220243,28.024044,120.64407,28.02463,120.6447,-1,57,0
57,1446,4.420047758,-30.16910934,28.00954,120.61511,27.98015,120.60519,-1,4,0
353,2746,-44.55876831,-35.29801189,28.04744,120.60876,28.03863,120.61579,7,30,0
372,432,4.575870783,25.97895608,27.99629,120.68028,28.00074,120.67929,4,26,0
1092,2297,32.29030544,-13.69754463,27.96187,120.66042,27.92659,120.71116,-1,19,0
300,2796,38.12506563,20.21176658,27.9685,120.75992,27.97189,120.75195,10,22,0
585,833,11.34515475,34.4310047,28.00115,120.70215,28.00262,120.7004,7,3,0
659,1446,10.05982864,-51.56181046,27.98025,120.58452,27.98015,120.60519,8,382,0
515,1624,10.94534037,-43.3313771,27.96781,120.62801,27.971715,120.608414,8,431,0
1596,2642,-39.85961993,4.425628859,28.027266,120.655901,28.03965,120.64593,7,19,0
1195,2225,12.68454298,47.20873104,28.008888,120.709166,28.01963,120.71371,7,53,0
853,2762,-26.50030095,43.26176042,28.01679,120.67808,28.01919,120.67036,3,73,0
870,1427,37.99572354,15.61673949,27.99111,120.78113,27.98011,120.74983,10,13,0
1143,1630,5.630997491,-7.064617836,27.92288,120.70458,27.92275,120.7073,3,25,0
1939,2561,-7.439999313,51.77031071,28.00197,120.68016,28.00155,120.68023,4,1511,0
1515,1653,-38.48500308,33.79726714,28.01034,120.65781,28.00714,120.65555,3,436,0
1709,1845,44.10007405,13.74274377,27.97034,120.76311,27.99406,120.72557,-1,126,0
2555,2589,29.27021085,12.23383358,28.04092,120.83605,28.02612,120.83038,2,114,0
927,1526,25.34428708,35.88445307,27.99224,120.72085,27.98884,120.71605,7,68,0
405,2149,16.46363704,19.2901071,27.989232,120.680662,27.98472,120.69611,4,113,0
856,2811,16.72578179,46.48048029,28.0052,120.72043,28.00595,120.72062,7,5,0
2085,2725,-39.76210055,-51.72888219,28.04973,120.58807,28.08578,120.59077,9,56,0
1545,1751,-65.53881652,21.2041066,28.08567,120.71378,28.0794,120.72004,1,1399,0
273,1963,-40.72791578,5.565851323,28.02613,120.64691,28.050194,120.692298,7,0,0
915,2943,-16.31476571,27.14987935,28.024778,120.671965,28.02187,120.6698,3,26,0
2028,2726,65.41477269,-4.50991412,27.92122,120.80887,27.9296,120.80677,6,90,0
1133,2793,38.67400805,37.16334948,27.97533,120.72453,27.96841,120.73048,10,1198,0
348,2686,-66.17521963,18.89499222,28.07753,120.6897,28.0508,120.683,-1,275,0
1845,2241,38.79908474,43.4370977,27.99406,120.72557,27.98751,120.72346,7,6716,0
25,1699,10.21599069,3.878428531,27.976204,120.667973,27.97659,120.67899,5,265,0
332,2626,3.078026097,53.38765654,28.00341,120.68731,28.00254,120.695427,-1,75,0
941,1818,32.02291489,48.5143297,27.99057,120.71338,27.98955,120.71298,7,9,0
1936,2433,-15.97965564,19.72788653,28.0164,120.657,28.02202,120.66394,3,27,0
868,1790,-8.12270969,49.02628325,28.01279,120.66871,28.00243,120.67766,-1,12,0
803,2737,-63.94574799,11.29636377,28.02715,120.65114,28.039023,120.659441,7,162,0
1432,2553,-31.53785933,-3.162218455,28.00892,120.62295,28.01901,120.63515,-1,27,0
2173,2451,35.71740417,16.00387752,28.01765,120.74361,28.01596,120.72171,7,23,0
357,1830,-12.62400235,-56.15855006,28.03643,120.57447,28.0362,120.58118,9,6722,0
954,1449,-16.24924984,28.51380502,28.018214,120.672196,28.01592,120.69364,-1,48,0
61,2536,-4.288718293,29.11849287,28.00969,120.67408,28.00726,120.6775,-1,85,0
204,1916,-3.992320236,-24.4662047,27.99015,120.62566,27.988443,120.627578,8,8676,0
779,1572,-37.3484347,-38.26183648,28.03387,120.594038,28.02693,120.60664,-1,100,0
1166,2420,6.11864645,-42.37659075,27.95794,120.60138,27.98362,120.61785,-1,207,0
1374,1605,-32.4793117,13.12108704,28.01676,120.64987,28.01353,120.6398,3,9,0
1347,1648,-20.16288749,13.07767724,28.01058,120.65406,28.01215,120.65684,3,97,0
950,2094,3.314426133,-46.83307551,27.98069,120.61263,27.992,120.60987,8,110,0
1841,2549,3.525686516,-34.33971008,27.980151,120.605199,27.98841,120.58255,8,40,0
745,1736,-52.33742948,-26.98999167,28.04541,120.65027,28.029592,120.6244,7,110,0
246,2353,15.52644944,2.867675856,27.95634,120.66596,27.973777,120.682079,5,2,0
213,2189,-48.49201847,-5.619588788,28.01009,120.63564,28.01722,120.63141,-1,134,0
4,638,-0.767498617,-49.2001697,27.98663,120.61963,27.99736,120.62159,8,2161,0
80,1528,-25.24639873,0.842577644,28.01143,120.62756,28.01484,120.64575,-1,42,0
1428,2468,-30.89358704,3.295974861,28.02259,120.62662,28.022717,120.632107,-1,14,0
1306,2541,8.019088217,-34.81798462,27.99383,120.62833,27.99417,120.59987,8,2,0
959,2682,-30.3417946,30.89807301,28.009115,120.657413,27.99605,120.64769,3,5,0
709,2637,35.18096966,24.31728807,27.97153,120.73361,27.99476,120.73128,-1,75,0
1305,1509,64.09292365,-6.542504926,27.92668,120.81126,27.9249,120.82617,6,184,0
11,2632,28.7292156,52.69295811,27.99544,120.72251,28.0072,120.71529,7,63,0
1600,2078,40.13329145,-25.79790946,27.92162,120.70502,27.92125,120.70678,3,60,0
609,766,-32.91863587,-17.46208287,28.02096,120.62016,28.00726,120.61292,-1,70,0
178,2263,-38.63205273,29.58928275,28.01444,120.65108,28.00726,120.65848,3,86,0
1737,1744,-19.13486448,-57.55152023,28.03968,120.57291,28.049438,120.581163,9,500,0
1807,2407,-51.88483184,-17.50301657,28.040568,120.63282,28.06561,120.63194,7,93,0
424,1231,-19.36554433,32.55912066,28.025412,120.669507,28.025,120.669166,3,68,0
794,1787,2.409244763,-36.92462377,27.96834,120.57402,27.90939,120.56294,-1,59,0
541,1578,13.17503361,-49.35921982,27.96193,120.60948,27.97058,120.5853,-1,93,0
1457,1950,30.11105708,51.48243163,27.99566,120.715,27.99139,120.71952,7,3183,0
1457,2750,14.73638168,32.37741989,27.99566,120.715,28.00455,120.70115,7,11,0
1209,2451,23.42591635,34.50237242,28.00032,120.72752,28.01596,120.72171,7,44,0
536,907,31.50983064,29.65738166,27.978638,120.714666,27.9842,120.72674,-1,78,0
1860,2149,23.17491364,8.165581914,27.97729,120.68651,27.98472,120.69611,-1,614,0
3,651,-34.77542915,-42.60501772,28.03927,120.5877,28.05562,120.60146,-1,44,0
2116,2515,-42.17598842,-44.43219484,28.04925,120.60197,28.06853,120.60201,-1,505,0
1578,2849,9.962466954,-26.30254608,27.97058,120.5853,27.92064,120.57853,-1,190,0
470,761,-38.99419745,2.502103304,28.024081,120.646811,28.02569,120.64175,-1,32,0
740,1100,-17.75735146,-12.8616697,28.011421,120.622423,28.00741,120.61911,4,168,0
331,2743,-46.38147664,-23.21918639,28.03958,120.62042,28.049957,120.622963,7,136,0
666,1512,-29.48070204,-48.8357856,28.07352,120.58467,28.04225,120.58748,9,46,0
1577,2440,-22.33529378,-54.00562687,28.04175,120.58651,28.043033,120.586455,9,549,0
691,1432,-24.23771546,-10.98049784,28.05782,120.58736,28.00892,120.62295,-1,12,0
89,2258,-45.20768338,32.65354191,28.0164,120.65703,28.01658,120.65764,3,1550,0
1453,1731,-10.6658572,-3.9501497,27.99832,120.6366,28.00652,120.64463,3,45,0
2263,2599,-12.29711017,12.64278927,28.00726,120.65848,28.00304,120.66839,3,0,0
705,1767,-1.698974457,-15.17229737,28.00227,120.63088,27.97914,120.65482,-1,4,0
1230,2899,-53.63833707,16.14044359,28.02816,120.65689,28.02802,120.65472,7,237,0
686,1940,-41.80565383,-31.23015221,28.035763,120.57132,28.05756,120.60725,-1,11,0
540,2715,-12.23811219,43.6448781,27.9981,120.66772,27.99435,120.66326,-1,90,0
1285,2575,-35.62361838,-29.4519741,28.04108,120.61641,28.02926,120.59028,-1,4,0
1058,2396,-55.59450602,-20.31841734,28.04752,120.63044,28.03985,120.62173,7,215,0
341,2260,-0.293603135,-18.78723625,27.98975,120.64468,27.97853,120.62639,8,28,0
414,1240,13.81477946,-32.71502702,27.96162,120.59686,27.952149,120.604131,10,183,0
382,2460,-21.74900323,30.23220058,28.01967,120.6623,28.021791,120.665431,3,68,0
668,1900,-13.42081956,-20.52198182,28.0105,120.60976,28.06605,120.58485,-1,70,0
1293,2946,54.26137696,-0.03394944,27.93743,120.83414,27.91587,120.81258,6,33,0
741,1347,-12.15617157,8.615206516,27.95095,120.65688,28.01058,120.65406,-1,2,0
264,2899,-39.82628868,40.07623891,28.01535,120.66232,28.02802,120.65472,-1,39,0
691,2146,-39.96237567,-42.61491277,28.05782,120.58736,28.051431,120.600469,-1,300,0
79,2447,30.0732279,-43.57908507,27.921889,120.696181,27.907332,120.673448,3,0,0
474,1351,-60.87850827,-25.0598296,28.043365,120.633224,28.04387,120.63355,7,514,0
1380,2010,-5.362745072,50.88248517,28.00675,120.68244,27.99742,120.68104,4,258,0
143,1759,-62.87962649,13.87421611,28.04546,120.65895,28.018481,120.682668,-1,27,0
785,1156,-27.09922923,27.59856516,28.010162,120.66067,28.01027,120.66077,3,0,0
217,2509,-20.62633197,-24.89620594,28.01578,120.59444,28.02225,120.60442,3,106,0
1398,1927,-41.01107098,-22.27529968,28.02438,120.60303,28.04626,120.62785,-1,36,0
1508,2128,65.8003995,13.91844343,27.87711,120.81099,27.8883,120.80901,6,55,0
1164,1535,-61.08734374,2.40199742,28.04057,120.64705,28.03768,120.63277,7,524,0
720,2119,43.51630321,30.33357162,27.97976,120.74186,27.97513,120.74591,10,265,0
307,1142,-15.83805011,15.06227749,28.01573,120.65876,28.01146,120.65856,3,36,0
1167,1230,-40.46876548,5.031581797,28.03274,120.64129,28.02816,120.65689,7,4,0
779,1512,-35.35684951,-39.025466,28.03387,120.594038,28.04225,120.58748,9,161,0
1342,1782,6.158490764,27.18690024,28.00491,120.67627,27.997236,120.700653,-1,4,0
1020,2632,19.36286227,49.95529475,28.00029,120.70357,28.0072,120.71529,7,93,0
264,1443,-16.40545997,19.80194695,28.01535,120.66232,28.02212,120.67074,3,22,0
844,1926,-15.91166752,51.94589095,28.00813,120.67287,28.01239,120.67322,3,339,0
1152,2415,-18.18774836,5.102409357,28.013647,120.656985,28.02,120.655,3,0,0
1031,2438,-17.60409939,-45.94166447,28.036972,120.589166,28.04073,120.58623,9,65,0
213,2553,-30.64973247,-4.72948161,28.01009,120.63564,28.01901,120.63515,3,16,0
703,1306,6.515801346,-30.63524684,27.99417,120.59982,27.99383,120.62833,8,24,0
913,1515,-37.92113201,33.60479762,28.01042,120.65885,28.01034,120.65781,3,489,0
779,2467,-36.92045137,-8.612969185,28.03387,120.594038,28.025613,120.638246,-1,4,0
14,954,-24.61524191,37.59935546,28.02496,120.66541,28.018214,120.672196,3,262,0
373,713,-37.44318763,-63.64712678,28.09339,120.55599,28.09089,120.55941,9,12782,0
537,2005,33.68609255,-31.60240596,27.91572,120.69582,27.92325,120.6878,3,21,0
2089,2444,-2.007857842,21.45395104,27.970224,120.651685,27.99277,120.67775,-1,10,0
2132,2847,-22.64859555,-54.40654106,28.043908,120.588971,28.041041,120.588459,9,1156,0
191,246,18.57631794,-3.503163997,27.96628,120.68116,27.95634,120.66596,5,92,0
1066,1506,-19.06519782,25.78472653,28.01902,120.66678,28.02799,120.66168,-1,0,0
143,1555,-67.70180263,7.612289147,28.04546,120.65895,28.043798,120.657967,7,7277,0
1357,2746,-35.40835841,-24.89104685,28.05143,120.60047,28.03863,120.61579,7,36,0
553,1975,-15.61485738,40.35456183,27.999,120.66,27.99941,120.66015,3,152,0
477,2007,29.16433004,34.21404301,27.994763,120.731284,27.99715,120.77526,-1,97,0
247,1589,7.212227688,69.33317983,28.04031,120.70544,28.02956,120.75507,7,12,0
1721,1988,-49.54425809,0.473123299,28.01943,120.63656,28.01854,120.63879,3,323,0
789,2129,0.545254203,-12.14001166,27.99022,120.63948,27.98951,120.64774,-1,9,0
2262,2855,0.131073075,-22.97258288,27.987407,120.628236,27.986819,120.628986,8,51,0
1749,2096,1.086518166,-35.74694059,27.97581,120.57281,27.97745,120.61375,8,2,0
1378,1948,36.51927432,22.23733709,27.9833,120.74401,27.96583,120.74971,10,28,0
254,1560,-16.00280228,-31.24765465,28.023933,120.596926,28.034241,120.588717,-1,19,0
669,803,-24.16191004,-4.914427457,28.01255,120.63174,28.02715,120.65114,-1,19,0
302,755,41.26060018,-18.23562487,27.9241,120.70277,27.928,120.698,3,140,0
795,2788,30.43006812,-16.45053797,27.91839,120.66065,27.96243,120.65546,-1,0,0
803,1111,-29.06748491,-1.503159571,28.02715,120.65114,28.02502,120.63963,7,4,0
1811,2207,32.97653867,-43.26609169,27.89896,120.665197,27.890556,120.636418,3,4,0
267,2274,62.33581364,14.1096151,27.87206,120.80251,27.87983,120.81482,6,40,0
47,1511,34.49387226,21.20713311,27.97433,120.75967,27.97302,120.73654,10,118,0
741,1470,18.46513219,-10.41746878,27.95095,120.65688,27.97225,120.68006,5,4,0
66,673,-41.90004037,-34.39042627,28.0485,120.6088,28.05464,120.60495,7,84,0
164,2418,24.51372783,-14.0892006,27.95724,120.65969,27.93672,120.67951,5,125,0
243,1453,-12.38353457,0.029289494,28.000291,120.647161,27.99832,120.6366,3,34,0
353,1058,-39.17053011,-29.09122845,28.04744,120.60876,28.04752,120.63044,7,85,0
78,1699,14.61347256,5.372004939,27.969361,120.674444,27.97659,120.67899,5,26,0
608,1591,12.77444287,30.91141351,27.99367,120.69233,28.00528,120.70899,-1,4,0
1400,2844,-23.12974872,-22.3692639,28.01833,120.60806,28.0199,120.60572,3,113,0
912,1552,17.41720533,49.07814383,27.98324,120.72334,28.00524,120.72204,-1,27,0
111,1794,20.16303593,-13.68324683,27.95612,120.65155,27.94302,120.67619,5,440,0
916,1687,-40.43208446,30.15972063,28.01381,120.65692,28.0134,120.65344,3,12,0
585,2149,16.32500294,22.88320861,28.00115,120.70215,27.98472,120.69611,-1,4,0
1619,2153,34.63739435,-36.18014049,27.920381,120.683202,27.91643,120.68875,3,81,0
703,1998,7.362092999,-32.37397623,27.99417,120.59982,27.987217,120.623164,8,22,0
624,954,-21.95970388,29.30607595,28.01854,120.66394,28.018214,120.672196,3,16,0
273,645,-38.48077911,11.51777454,28.02613,120.64691,28.026111,120.646666,7,7,0
227,328,-59.56142264,-17.09488968,28.05333,120.63083,28.05929,120.65781,7,263,0
430,2626,1.756619446,56.02107582,28.00437,120.69558,28.00254,120.695427,7,614,0
1116,2144,39.78967861,-22.00456529,27.92366,120.70449,27.92809,120.70577,3,114,0
1311,2853,8.930297069,-54.3811114,27.98966,120.57449,27.97599,120.59211,8,2062,0
330,2218,32.26749046,-50.75996346,27.8779,120.688,27.878176,120.67654,3,209,0
64,1152,-20.83055147,8.257531185,28.01276,120.65434,28.013647,120.656985,3,2,0
1273,1927,-52.99165926,-26.22451766,28.02347,120.61544,28.04626,120.62785,-1,187,0
438,2450,-50.59276639,-23.47632739,28.03933,120.62364,28.04901,120.63968,7,33,0
2305,2441,32.84908826,27.6346384,27.98543,120.73922,27.98416,120.72974,10,8,0
1952,2712,-33.52456319,14.62763955,28.01814,120.64798,28.01694,120.64891,3,31,0
109,2365,-18.3002418,-33.5326195,28.03316,120.59087,28.01894,120.59618,-1,80,0
1603,1885,11.41392674,-34.044915,27.94403,120.59556,27.96887,120.61609,-1,29,0
572,1276,4.961112508,-56.9278257,27.99271,120.56614,28.00066,120.58221,8,393,0
1038,1923,0.020593272,-10.80299766,27.9897,120.63813,27.99631,120.64437,-1,0,0
2452,2620,-36.5192125,36.00618845,28.0105,120.66068,28.005401,120.667985,3,21,0
2377,2885,24.60528131,35.31299509,27.9934,120.719,27.99535,120.71624,7,18,0
1496,2480,25.2759477,3.543886126,27.97767,120.70127,27.976345,120.701908,-1,688,0
11,1800,28.20053464,29.89089186,27.99544,120.72251,27.987621,120.722773,7,11,0
176,1654,-29.34819663,-32.19817051,28.02521,120.6105,28.02792,120.60131,3,2,0
1416,1521,-13.93737015,8.23261763,28.01137,120.64581,28.00551,120.66263,3,9,0
2428,2446,5.436283652,6.605367791,27.98819,120.6531,27.98763,120.66308,-1,975,0
2733,2899,-32.89717882,-4.618424115,28.019524,120.631948,28.02802,120.65472,-1,5,0
2433,2801,-27.02125457,21.95610683,28.02202,120.66394,28.01569,120.65545,3,84,0
224,402,-24.07848157,26.72674417,28.01492,120.66976,28.01188,120.66205,3,83,0
1833,2229,-14.90694674,39.15467923,28.004724,120.662825,27.99852,120.65649,3,14,0
504,2019,26.65125824,14.30798908,28.05578,120.81463,28.03308,120.81353,2,130,0
9,475,-1.754620384,-14.57450865,27.99378,120.6501,27.98226,120.62389,-1,25,0
849,1453,-19.43025317,7.250258162,28.01215,120.65165,27.99832,120.6366,3,0,0
634,1106,-20.88005065,-31.77360172,28.02449,120.60873,28.02311,120.59937,3,36,0
2713,2913,59.3206661,-4.034781861,27.9236,120.82555,27.92081,120.81459,6,143,0
1709,2469,37.1152621,15.04588118,27.97034,120.76311,28.00923,120.72917,-1,3,0
436,975,-7.168980923,20.34620481,28.01004,120.66769,28.00397,120.67029,3,15,0
801,2335,31.99824827,-53.15077359,27.87582,120.66951,27.86624,120.66547,3,7168,0
675,2331,37.38158528,-38.78230598,27.91318,120.6689,27.92645,120.67635,3,700,0
152,1055,56.02765809,8.824947599,27.91139,120.82389,27.89321,120.79688,6,76,0
669,2213,-36.24633151,-6.294446333,28.01255,120.63174,28.0397,120.63304,-1,0,0
1549,1950,27.43684752,46.73064935,27.98966,120.70619,27.99139,120.71952,7,173,0
89,2801,-43.77904314,30.29667039,28.0164,120.65703,28.01569,120.65545,3,1781,0
1021,2103,9.104000089,-28.49064359,27.96668,120.62461,27.98211,120.59701,8,45,0
260,2319,9.271639794,-25.72746973,27.970062,120.58163,27.97631,120.60491,8,21,0
803,2507,-63.5393707,11.97674003,28.02715,120.65114,28.02519,120.66642,-1,114,0
128,1585,-39.23553711,11.39037544,28.0248,120.64971,28.026555,120.649631,7,47,0
1871,2264,11.06352445,-12.65687862,27.96874,120.65488,27.95241,120.64911,5,104,0
615,1255,-9.485423092,43.02422761,27.99109,120.67677,27.9997,120.67055,-1,118,0
633,1457,21.0826425,38.2370753,27.98491,120.70392,27.99566,120.715,-1,58,0
545,1980,12.33547391,-4.185436714,27.96676,120.65937,27.9546,120.667,5,46,0
2120,2936,-31.42055557,29.93248566,28.00312,120.65388,28.00577,120.65343,3,142,0
1110,2901,25.84337119,3.318985875,27.946867,120.69923,27.97339,120.7071,-1,64,0
324,347,20.63839563,29.72357303,27.98847,120.70684,27.98785,120.71681,7,11,0
1765,2790,-2.455454695,-43.60868952,27.9931,120.58597,27.99273,120.60679,8,46,0
1031,1737,-23.46817802,-46.58169621,28.036972,120.589166,28.03968,120.57291,9,45,0
842,1305,67.04867399,-2.551158691,27.90945,120.81881,27.92668,120.81126,6,23,0
1054,2431,-14.82753149,-5.994546679,27.99918,120.641648,28.0053,120.633,3,291,0
267,1352,62.17032364,15.29566387,27.87206,120.80251,27.878333,120.793611,6,30,0
954,2628,-28.33741597,44.31943059,28.018214,120.672196,28.01511,120.67465,3,4347,0
508,2642,-41.33821504,-13.84847572,28.04337,120.65572,28.03965,120.64593,7,41,0
138,2507,-19.5934286,31.61487427,28.04427,120.69476,28.02519,120.66642,-1,46,0
81,701,9.840437853,38.695659,28.003179,120.699031,28.0027,120.69981,7,19,0
15,2703,-6.822265141,-19.2406687,27.97664,120.63227,27.99103,120.63464,8,161,0
120,604,-22.08042201,-24.22779685,28.0183,120.607999,28.015777,120.594444,3,111,0
1008,1351,-43.53440525,-22.37502851,28.06212,120.60705,28.04387,120.63355,-1,18,0
1747,2154,34.44910825,27.95965368,27.978667,120.735061,27.96748,120.75293,10,23,0
2328,2336,66.28532589,12.25622503,27.88837,120.81206,27.87937,120.8036,6,35,0
1449,2475,10.57142329,44.13465219,28.01592,120.69364,28.013766,120.701869,7,21,0
1845,2265,22.57245163,33.21177883,27.99406,120.72557,27.99418,120.70931,7,15,0
46,1221,-44.97365113,-44.89944865,28.04917,120.61056,28.074942,120.604791,-1,23,0
332,375,5.858568864,26.88566829,28.00341,120.68731,28.00026,120.68107,4,53,0
652,2832,74.71165109,8.772584306,27.88623,120.80236,27.8881,120.80006,6,3592,0
1152,2559,-39.66290269,24.53873054,28.013647,120.656985,28.01104,120.64986,3,276,0
655,2081,23.99134678,16.19472109,28.03962,120.71918,28.046257,120.803292,-1,127,0
1470,2366,23.4424704,-2.109117754,27.97225,120.68006,27.97973,120.67677,5,1028,0
913,1081,-7.905637061,11.47405333,28.01042,120.65885,27.997963,120.659738,3,0,0
1386,2582,8.77276194,20.39963339,27.98557,120.68544,27.992444,120.687353,4,14,0
722,2040,53.98503099,0.303407429,27.92889,120.82314,27.92457,120.81572,6,14,0
952,1427,39.89529585,15.91912953,27.97169,120.76145,27.98011,120.74983,10,55,0
573,1303,-29.18117453,43.22906087,28.014374,120.672952,28.01437,120.67395,3,29,0
669,948,-22.23277072,-5.348417762,28.01255,120.63174,28.00702,120.63389,-1,146,0
2005,2539,33.4472228,-12.71152797,27.92325,120.6878,27.97231,120.62724,-1,0,0
682,1736,-58.50572133,-4.631727351,28.0412,120.629,28.029592,120.6244,7,686,0
570,691,-41.86055965,-45.23018258,28.0722,120.5703,28.05782,120.58736,9,345,0
309,603,11.64636917,-27.50875531,27.95804,120.59516,27.97164,120.62661,-1,28,0
2214,2342,31.9132409,-6.667435111,27.9598,120.68203,27.96902,120.74658,-1,10,0
1879,2236,-6.192322535,48.76936205,27.999526,120.680665,27.9946,120.674,4,110,0
943,1651,36.42634338,41.69193824,27.98369,120.71502,27.97707,120.74717,-1,1345,0
216,435,8.183020904,37.76916127,27.998761,120.697185,28.00035,120.69777,7,50,0
1660,2303,69.55309587,-0.42684282,27.91134,120.80988,27.90821,120.80227,6,1183,0
191,2593,23.166883,-3.722698607,27.96628,120.68116,27.96314,120.66947,5,214,0
961,2484,-32.52212095,-56.11167233,28.06451,120.58223,28.07449,120.5874,9,128,0
637,1534,-13.97097721,33.36404279,28.01522,120.68916,28.017189,120.678534,-1,17,0
164,318,8.893909174,-17.06758485,27.95724,120.65969,27.97271,120.64743,5,439,0
547,2446,14.39475339,16.41118625,27.98521,120.67877,27.98763,120.66308,4,32,0
803,2717,-52.41288271,18.46761253,28.02715,120.65114,28.024111,120.656361,-1,166,0
984,1718,21.50647491,51.08676356,28.002192,120.710532,28.001831,120.717278,7,82,0
510,695,-33.50844857,-41.71077713,28.04567,120.60077,28.054694,120.586916,9,26,0
2377,2663,33.00941201,52.61586469,27.9934,120.719,27.99627,120.72691,7,103,0
2223,2664,55.14293894,0.653263722,27.922663,120.824735,27.93035,120.81024,6,95,0
167,281,69.91294589,-7.936967316,27.94045,120.7928,27.94397,120.77876,2,388,0
403,2419,30.6596729,40.15506375,27.98093,120.71034,27.980722,120.721813,-1,143,0
1108,2250,43.76086519,-15.167084,27.924685,120.69711,27.92446,120.6923,3,9466,0
2064,2187,72.76096108,5.340300281,27.889525,120.804362,27.89058,120.80958,6,4167,0
1747,2361,36.57365803,29.31639073,27.978667,120.735061,28.03623,120.76776,10,41,0
317,1936,-27.16984262,19.34070595,28.01994,120.655,28.0164,120.657,3,36,0
1855,2748,14.1284986,13.98941285,27.98606,120.67631,27.98533,120.67604,-1,56,0
164,188,4.208367763,-10.34769879,27.95724,120.65969,27.97988,120.63103,-1,2,0
1455,2729,-56.44260672,-14.22527052,28.03905,120.62757,28.05359,120.63947,7,141,0
457,2157,6.077257797,62.47368649,28.01851,120.70462,28.01324,120.69695,7,31,0
87,1633,34.94656806,-29.89697372,27.92144,120.6877,27.921943,120.703398,3,159,0
231,633,25.96685659,43.48043873,27.995464,120.7078,27.98491,120.70392,-1,25,0
1698,1764,8.733474753,-30.98042155,27.95861,120.665556,27.96875,120.60619,-1,12,0
1446,1578,11.76547852,-50.25046411,27.98015,120.60519,27.97058,120.5853,8,322,0
84,2359,11.800224,48.31911805,28.01988,120.68913,28.00191,120.70463,7,37,0
434,1058,-42.56845208,-26.08561604,28.07246,120.62056,28.04752,120.63044,-1,57,0
2020,2770,63.96554958,23.43589088,27.87833,120.79361,27.85916,120.78527,6,1056,0
2274,2966,72.85833681,14.11978159,27.87983,120.81482,27.90319,120.81717,6,260,0
925,954,-21.47681589,28.74349581,28.00554,120.66603,28.018214,120.672196,3,30,0
2440,2575,-20.74234556,-46.40112833,28.043033,120.586455,28.02926,120.59028,9,9,0
1160,1946,-39.29543539,39.90487938,28.01525,120.66252,28.015216,120.662524,3,288,0
306,2021,35.04530533,-10.4465065,27.93177,120.67802,27.92043,120.68424,-1,1428,0
585,2279,18.31904617,33.20984813,28.00115,120.70215,27.98388,120.70501,-1,6,0
1560,1823,-24.3078575,-45.85992451,28.034241,120.588717,28.037123,120.578514,9,507,0
26,2357,39.24682882,-42.96656869,27.91714,120.66023,27.92044,120.6689,3,1738,0
405,1502,6.154142899,14.10494174,27.989232,120.680662,27.991292,120.664871,4,66,0
524,1378,35.04572511,28.32874374,27.98139,120.7382,27.9833,120.74401,10,53,0
1184,2120,0.726090424,-13.37230771,27.982012,120.645724,28.00312,120.65388,-1,77,0
293,1058,-55.62616976,-2.225761729,28.02476,120.635142,28.04752,120.63044,-1,9,0
797,1806,48.50292148,20.76434939,27.97373,120.74409,27.971111,120.759166,10,830,0
1148,2840,-20.18653894,-50.99041231,28.0466,120.58511,28.04323,120.58656,9,120,0
909,2767,-6.982684337,0.860561865,27.95992,120.64877,28.00293,120.64916,-1,2,0
669,1689,-23.93348827,-4.614759803,28.01255,120.63174,28.02095,120.64389,-1,65,0
672,2445,6.386215652,-51.48414515,27.96719,120.59359,27.992515,120.595201,8,219,0
1470,2562,16.37388355,1.192754212,27.97225,120.68006,27.96972,120.68472,5,29,0
2,606,-17.18595227,-3.569197482,28.00506,120.63866,28.004829,120.6409,3,6815,0
584,1620,-24.86729607,-10.4375833,27.99383,120.62841,28.01578,120.62194,-1,12,0
653,686,-13.96187216,-56.25955787,28.03924,120.56603,28.035763,120.57132,9,9142,0
422,2931,8.727578121,35.9570746,28.00525,120.70299,27.998552,120.692752,-1,2,0
1552,1845,19.07891373,55.71400948,28.00524,120.72204,27.99406,120.72557,7,57,0
254,2150,-16.3045514,-31.19136033,28.023933,120.596926,27.99711,120.58895,3,54,0
68,2453,-33.38850288,-29.94418569,28.02467,120.61708,28.04644,120.60417,-1,3,0
1989,2835,50.92587109,-0.919530474,27.93336,120.81773,27.94411,120.78597,-1,31,0
1228,1508,64.18197368,13.70746843,27.873505,120.818568,27.87711,120.81099,6,16,0
1742,2321,5.136714728,33.93288532,28.010383,120.6909,28.00217,120.69033,-1,9,0
1737,2371,-15.03973403,-56.58573704,28.03968,120.57291,28.03981,120.57351,9,2098,0
1709,1852,45.47799294,19.60993742,27.97034,120.76311,27.96059,120.7497,10,501,0
1335,2865,57.16554427,7.704470169,27.92006,120.82563,27.90471,120.82127,6,68,0
1774,2094,8.340831083,-37.20899544,27.99094,120.65242,27.992,120.60987,-1,2,0
820,1591,12.89733418,55.97903856,28.00789,120.70721,28.00528,120.70899,7,94,0
1806,2822,42.10915493,22.22844823,27.971111,120.759166,27.97743,120.73394,10,80,0
2020,2570,72.38631164,9.684372119,27.87833,120.79361,27.8882,120.80334,6,338,0
1792,2534,1.67978198,-23.0169789,27.985149,120.627224,27.986553,120.628013,8,30,0
1688,2227,4.105554503,5.867875759,27.983768,120.665796,27.98375,120.66578,4,171,0
310,359,-21.59300611,18.14163905,28.01428,120.65834,28.0113,120.6614,3,29,0
285,2128,71.26654558,3.128914498,27.90175,120.80936,27.8883,120.80901,6,133,0
1415,1605,-47.24148824,6.874795808,28.01447,120.64201,28.01353,120.6398,3,7662,0
1834,2128,67.73730975,10.90807033,27.87957,120.7999,27.8883,120.80901,6,85,0
41,1599,14.33474181,-40.92056508,27.95746,120.61208,27.955208,120.625696,-1,604,0
328,2208,-60.00977489,15.62537425,28.05929,120.65781,28.047396,120.656783,7,48,0
217,232,-17.20536229,-27.00618125,28.01578,120.59444,28.0199,120.59592,3,20,0
1608,2486,-68.32721599,9.332554474,28.0453,120.65749,28.04854,120.66293,7,1564,0
1944,2420,4.442839421,-33.24118972,27.97112,120.57378,27.98362,120.61785,8,12,0
379,1584,73.8492509,14.73078596,27.87831,120.82092,27.89209,120.81396,6,4853,0
16,698,-46.46905022,-46.30340058,28.07646,120.62205,28.07126,120.60869,9,740,0
105,572,5.19784772,-57.21574603,27.9972,120.56436,27.99271,120.56614,8,93,0
1284,2842,32.6870741,-2.003189194,27.94439,120.71319,27.98853,120.69743,-1,6,0
166,1509,55.54993559,-3.286012133,27.93672,120.83867,27.9249,120.82617,6,43,0
1351,1689,-36.43532951,-10.20323268,28.04387,120.63355,28.02095,120.64389,-1,68,0
1005,1605,-13.00080644,11.50278635,28.00628,120.65332,28.01353,120.6398,3,8,0
741,1005,-11.10940383,7.651433885,27.95095,120.65688,28.00628,120.65332,-1,10,0
378,642,48.44497703,-0.714911376,27.96458,120.79525,27.942723,120.757662,-1,68,0
217,2150,-10.09950259,-32.66945614,28.01578,120.59444,27.99711,120.58895,3,76,0
1204,2096,9.640918206,-34.26064759,27.94777,120.6125,27.97745,120.61375,-1,14,0
644,1932,-38.60053228,34.15610542,28.01278,120.65944,28.01062,120.65932,3,325,0
488,1591,14.34488433,52.33645387,28.01171,120.71924,28.00528,120.70899,7,108,0
492,1800,25.29993127,28.81428054,27.99261,120.71419,27.987621,120.722773,7,0,0
207,2229,-9.817110092,4.450212045,27.99871,120.65225,27.99852,120.65649,3,28,0
1018,2433,-17.02831439,23.55632981,28.01725,120.66577,28.02202,120.66394,3,40,0
1519,2154,45.1379019,16.99372044,27.97433,120.75966,27.96748,120.75293,10,154,0
2010,2190,6.585407916,24.68495113,27.99742,120.68104,27.98235,120.67423,-1,79,0
908,1052,38.87720442,34.46163559,27.971495,120.733406,27.97486,120.72843,10,118,0
909,1206,13.98745221,-17.64021939,27.95992,120.64877,27.95921,120.65553,5,520,0
952,2793,43.86211434,16.26760123,27.97169,120.76145,27.96841,120.73048,10,92,0
2396,2658,-35.9622087,-22.91426093,28.03985,120.62173,28.023438,120.62652,7,5,0
2342,2813,42.43006295,25.41918241,27.96902,120.74658,27.96972,120.74326,10,1361,0
971,2757,53.00795697,-10.19307588,27.92205,120.80111,27.95417,120.82421,6,0,0
761,1620,-28.51039437,-8.087232135,28.02569,120.64175,28.01578,120.62194,-1,12,0
1747,2360,46.94749827,33.36825618,27.978667,120.735061,27.97589,120.75072,10,263,0
729,2168,-25.64154373,-26.13521366,28.02336,120.60588,28.02265,120.60445,3,1757,0
407,1015,-26.11229828,-7.055551699,28.026727,120.58226,28.02245,120.61239,-1,0,0
1572,1590,-28.78224806,-33.34363275,28.02693,120.60664,28.02239,120.59436,3,166,0
2788,2872,11.68764648,-10.9989326,27.96243,120.65546,27.957813,120.652308,5,362,0
1123,1446,10.62958715,-26.6543839,27.96552,120.64757,27.98015,120.60519,-1,21,0
257,2847,-30.1928079,-47.29801164,28.076984,120.602335,28.041041,120.588459,9,46,0
1282,1991,-3.181282303,12.83771726,27.99298,120.66592,28.00104,120.67237,-1,12,0
73,2614,-47.03921636,-4.311320268,28.01003,120.63314,28.01688,120.6293,-1,26,0
756,1260,63.51403737,3.879034124,27.90472,120.82388,27.91444,120.83278,6,474,0
600,2229,-22.22445205,7.268172078,28.00892,120.64776,27.99852,120.65649,3,0,0
443,1416,-24.47338934,5.711689277,28.01674,120.64688,28.01137,120.64581,3,22,0
1530,2458,28.94072856,-50.06160017,27.86421,120.64917,27.85734,120.67149,3,38,0
803,2087,-53.94934011,18.46654996,28.02715,120.65114,28.02363,120.66164,-1,426,0
1363,2560,67.56943498,22.20232009,27.87025,120.79516,27.86448,120.80129,6,6524,0
1717,2790,0.285770037,-48.41806847,27.99375,120.61713,27.99273,120.60679,8,1392,0
161,678,-43.76855621,-15.6824495,28.043888,120.656111,28.04554,120.65654,7,28,0
803,2656,-48.23221289,15.19254062,28.02715,120.65114,28.024797,120.649708,7,6967,0
2266,2656,-36.64307757,5.596641921,28.02675,120.64983,28.024797,120.649708,7,98,0
1419,1736,-32.17687649,-11.16144699,28.01125,120.62553,28.029592,120.6244,-1,11,0
443,2893,-27.41690784,7.535604394,28.01674,120.64688,28.01724,120.64719,3,68,0
2357,2788,32.86758208,-12.43491253,27.92044,120.6689,27.96243,120.65546,-1,14,0
14,1113,-17.94148287,31.6021125,28.02496,120.66541,28.02313,120.66916,3,28,0
669,1202,-22.76234295,-2.693786847,28.01255,120.63174,28.01555,120.63482,4,173,0
697,2689,29.20592953,-24.77132194,27.92414,120.70279,27.92812,120.69806,3,47,0
1298,1415,-47.10657852,1.361793611,28.01943,120.636564,28.01447,120.64201,3,147,0
845,2911,-31.65893913,-57.47774419,28.06506,120.57549,28.0692,120.57826,9,736,0
666,1398,-34.24683335,-45.40418819,28.07352,120.58467,28.02438,120.60303,-1,0,0
579,2373,-1.490873102,8.084075869,27.99223,120.65477,27.99672,120.65264,-1,56,0
1688,1767,5.316581784,-1.581140877,27.983768,120.665796,27.97914,120.65482,-1,2,0
27,2359,12.30564483,57.37882616,28.00949,120.71444,28.00191,120.70463,7,210,0
234,291,-28.75072925,-11.23598444,28.01828,120.62547,28.023257,120.659016,-1,4,0
1577,2177,-10.97504649,-42.37307939,28.04175,120.58651,28.024786,120.575538,9,31,0
1360,1771,12.92768188,29.60966532,27.993854,120.698744,27.99855,120.69275,4,25,0
1385,2688,-46.60050356,-22.73078241,28.05153,120.62762,28.04277,120.62428,7,21,0
751,1399,-27.23342065,-24.62415669,28.02449,120.61195,28.024487,120.608733,3,16427,0
2507,2581,2.611325577,-6.540230105,28.02519,120.66642,28.020019,120.648575,3,3,0
874,1285,-40.55194662,-16.44432795,28.04411,120.64767,28.04108,120.61641,7,53,0
727,2604,-0.600948531,56.16456643,28.00933,120.69355,28.00339,120.6913,7,34,0
972,1308,22.3847749,-7.362928321,27.94366,120.68317,27.98404,120.68203,-1,6,0
2290,2365,-11.51199176,-29.05651533,28.01109,120.5954,28.01894,120.59618,3,150,0
1293,2966,53.05022005,-1.605764574,27.93743,120.83414,27.90319,120.81717,6,4,0
545,1680,11.91121144,-3.678872514,27.96676,120.65937,27.96413,120.67139,5,117,0
1440,2309,51.87069423,0.646497861,27.92653,120.78661,27.92657,120.81725,6,39,0
1528,2939,-19.4313194,11.27763375,28.01484,120.64575,28.011397,120.653141,3,41,0
1256,1515,-38.67931204,32.00695065,28.01222,120.65195,28.01034,120.65781,3,290,0
2254,2913,64.85273197,-8.503936949,27.923401,120.816621,27.92081,120.81459,6,9554,0
2074,2107,30.90703736,46.12584199,27.986124,120.709577,27.99097,120.70922,7,288,0
331,740,-24.72554538,-9.259294452,28.03958,120.62042,28.011421,120.622423,-1,14,0
319,2264,19.59842407,-13.74946554,27.93831,120.66539,27.95241,120.64911,5,71,0
41,1035,13.94786538,-31.32968136,27.95746,120.61208,27.95025,120.60263,10,97,0
290,2452,-19.77658251,15.70543344,28.01162,120.65943,28.0105,120.66068,3,6,0
325,2324,69.4384575,16.4054703,27.867766,120.811222,27.8722,120.8266,6,170,0
783,1673,-15.29324267,0.272834091,28.00282,120.64582,28.00217,120.64577,3,25,0
1402,2236,1.359621432,24.03530846,28.014576,120.681581,27.9946,120.674,-1,13,0
1385,1501,-59.1712624,-21.68018344,28.05153,120.62762,28.05557,120.61784,7,2210,0
57,237,-12.83585237,-21.06635567,28.00954,120.61511,28.023421,120.592786,-1,4,0
27,1341,18.10615734,38.9506429,28.00949,120.71444,27.9986,120.70953,7,9,0
273,2433,-38.33364893,4.027552771,28.02613,120.64691,28.02202,120.66394,-1,69,0
48,264,-23.5937688,26.56720945,28.01947,120.67661,28.01535,120.66232,3,26,0
174,1338,-56.64913581,-18.34002251,28.04894,120.64323,28.056963,120.625239,7,95,0
948,1987,-14.0659856,-8.559982336,28.00702,120.63389,28.007234,120.633055,3,30,0
1724,2359,8.057751552,58.04111926,28.00258,120.70728,28.00191,120.70463,7,2484,0
1386,1582,18.11340172,5.016379144,27.98557,120.68544,27.96936,120.67444,-1,62,0
814,2888,-48.00716521,-43.11255634,28.06065,120.61145,28.05349,120.61286,7,4305,0
1347,2968,-20.80021143,14.86740117,28.01058,120.65406,28.02802,120.6546,-1,6,0
387,2177,-8.607248225,-45.23600852,28.0246,120.58292,28.024786,120.575538,9,2326,0
909,1624,9.163897975,-29.44405456,27.95992,120.64877,27.971715,120.608414,-1,25,0
2128,2625,66.71035159,1.555240056,27.8883,120.80901,27.89938,120.82864,6,30,0
539,1889,-41.01092777,30.64845174,28.01516,120.65303,28.01442,120.65841,3,305,0
1796,2087,-58.53616948,5.26556279,28.04071,120.63988,28.02363,120.66164,-1,6,0
1273,2921,-52.93149944,-25.85475496,28.02347,120.61544,28.04626,120.62812,-1,125,0
835,2530,30.72900486,-49.09509204,27.87789,120.68776,27.861446,120.66791,3,7,0
638,1804,-13.39157252,-19.72749784,27.99736,120.62159,28.00502,120.61628,-1,7,0
1984,2890,-61.64811769,0.502431854,28.039803,120.642004,28.02424,120.6348,-1,20,0
2173,2686,34.76245838,15.50869733,28.01765,120.74361,28.0508,120.683,7,43,0
1506,2167,-64.57394993,10.66813506,28.02799,120.66168,28.0438,120.65797,7,161,0
845,958,-28.99440648,-54.39740365,28.06506,120.57549,28.04944,120.58116,9,107,0
520,2336,74.53533435,10.00489544,27.88953,120.79251,27.87937,120.8036,6,2726,0
746,790,22.54479628,-15.34085562,27.94545,120.66986,27.95053,120.66517,5,1746,0
89,1441,-39.86338018,5.860677619,28.0164,120.65703,28.04381,120.65767,-1,0,0
1351,2642,-63.86659182,3.484094949,28.04387,120.63355,28.03965,120.64593,7,318,0
761,1167,-59.22791693,-1.622218713,28.02569,120.64175,28.03274,120.64129,7,66,0
117,1737,-17.08777387,-47.71368553,28.026108,120.592702,28.03968,120.57291,-1,6,0
1774,2767,-31.57641021,36.14495373,27.99094,120.65242,28.00293,120.64916,-1,394,0
1500,1554,-43.94714333,-23.30489144,28.05006,120.62061,28.04552,120.62169,7,89,0
1539,2458,29.7900342,-49.71306908,27.856937,120.689815,27.85734,120.67149,3,87,0
138,682,-37.04045009,-12.20877927,28.04427,120.69476,28.0412,120.629,7,4,0
1845,2796,36.27190128,20.18323897,27.99406,120.72557,27.97189,120.75195,-1,12,0
1672,2255,-4.654191219,35.56564469,27.996661,120.677358,27.99861,120.67972,4,148,0
1570,2465,37.46498412,-45.80664878,27.91065,120.6401,27.88796,120.64935,3,13,0
608,1895,9.907673496,28.31469271,27.99367,120.69233,27.96905,120.70307,-1,6,0
1856,2547,-33.61001039,-48.4179768,28.07457,120.58762,28.077515,120.5896,9,8,0
1991,2536,2.167224119,24.92684372,28.00104,120.67237,28.00726,120.6775,-1,4,0
1215,2096,4.011381084,-43.43791305,27.98702,120.60848,27.97745,120.61375,8,454,0
335,2153,27.11263807,-16.79621982,27.93483,120.66784,27.91643,120.68875,-1,0,0
1012,2887,-17.53040442,-53.30059117,28.04376,120.56894,28.04609,120.57533,9,62,0
436,2636,-15.76007201,49.90835484,28.01004,120.66769,28.0105,120.6656,3,42,0
510,1744,-19.877285,-54.19550347,28.04567,120.60077,28.049438,120.581163,9,33,0
341,704,-0.188029601,-9.383885704,27.98975,120.64468,28.001326,120.643433,-1,4,0
142,845,-34.87928181,-46.75817515,28.07201,120.60483,28.06506,120.57549,9,0,0
779,1620,-28.80531711,-13.09033336,28.03387,120.594038,28.01578,120.62194,-1,2,0
2185,2445,5.584898662,-49.77576998,27.97251,120.60263,27.992515,120.595201,8,352,0
552,1316,29.40141134,6.288866453,27.96536,120.74141,27.97332,120.71019,10,2,0
2131,2481,7.897826149,2.097569102,27.97509,120.65593,27.97265,120.66766,5,5824,0
2763,2816,-46.22278639,-12.80337341,28.06783,120.61801,28.04411,120.63996,-1,92,0
982,2138,67.5218555,23.61419551,27.87452,120.79789,27.87481,120.78795,6,2402,0
1988,2024,-23.1774483,4.585792853,28.01854,120.63879,28.01102,120.64355,3,10,0
217,481,-5.541127106,-34.48001889,28.01578,120.59444,28.00644,120.59212,3,109,0
1360,1679,27.44595895,46.01573143,27.993854,120.698744,27.99338,120.70875,-1,433,0
319,795,28.28403113,-41.09115417,27.93831,120.66539,27.91839,120.66065,-1,24,0
547,773,-5.712850963,43.1198796,27.98521,120.67877,27.989406,120.673557,4,61,0
293,784,-32.19822208,-4.56549059,28.02476,120.635142,28.020289,120.63671,3,4,0
108,2103,11.18513014,-52.47851976,27.98228,120.5774,27.98211,120.59701,8,221,0
695,2840,-25.09248785,-57.9111867,28.054694,120.586916,28.04323,120.58656,9,420,0
751,1708,-15.73907915,-32.4372054,28.02449,120.61195,28.02381,120.59717,3,22,0
2622,2890,-39.39258821,-2.600319897,28.0547,120.64565,28.02424,120.6348,-1,29,0
983,1870,8.209963222,-8.72290212,27.97699,120.64991,27.99576,120.6574,-1,2,0
1072,1238,-32.14092491,29.17127576,28.00679,120.65524,28.00439,120.65275,3,163,0
1111,2433,-27.73433614,-1.371797065,28.02502,120.63963,28.02202,120.66394,-1,0,0
1560,1981,-50.80460263,-35.69903326,28.034241,120.588717,28.04382,120.61146,-1,575,0
211,1590,-9.159304263,-31.46766336,28.01211,120.58988,28.02239,120.59436,-1,300,0
104,2509,-20.36188387,-31.57511368,28.0211,120.601,28.02225,120.60442,3,27,0
1427,2802,47.3454966,29.69123411,27.98011,120.74983,27.98055,120.72944,10,96,0
642,2904,48.3495198,-2.36809044,27.942723,120.757662,27.95985,120.77797,-1,33,0
438,1657,-55.7390014,-28.00547054,28.03933,120.62364,28.04146,120.62266,7,1861,0
422,834,13.15514486,40.11057298,28.00525,120.70299,28.00288,120.70565,7,19,0
2000,2332,36.86452032,-25.05169517,27.92247,120.70628,27.92441,120.70401,3,42,0
1460,2778,5.547077417,-22.29598674,27.985304,120.632788,27.99859,120.64039,-1,25,0
582,2659,66.56590784,15.95856516,27.86958,120.81319,27.86472,120.81605,6,92,0
2263,2471,-16.69357823,46.79420952,28.00726,120.65848,28.00877,120.66836,3,139,0
2096,2150,8.678482221,-31.9371721,27.97745,120.61375,27.99711,120.58895,-1,2,0
378,2759,69.69550705,-11.55528463,27.96458,120.79525,27.96648,120.78929,2,2773,0
902,1276,5.132764666,-56.48491926,27.99381,120.57017,28.00066,120.58221,8,201,0
267,2472,69.23748961,21.08969825,27.87206,120.80251,27.86229,120.80734,6,147,0
1651,2937,41.08676067,31.47821542,27.97707,120.74717,27.97398,120.7324,10,123,0
803,2323,-46.41101238,15.97449405,28.02715,120.65114,28.02463,120.6447,7,288,0
305,669,-31.83445754,-9.426047714,28.008511,120.618079,28.01255,120.63174,4,13,0
1145,2433,-41.17030626,13.65243863,28.024208,120.653538,28.02202,120.66394,-1,6,0
148,186,71.43917593,17.86152566,27.87141,120.8205,27.8721,120.81802,6,426,0
2784,2888,-54.6068768,-34.74655883,28.05184,120.61542,28.05349,120.61286,7,49203,0
467,2952,-14.64117435,23.5523858,28.012398,120.68848,28.021681,120.670423,-1,0,0
636,2074,31.90285819,44.81576643,27.98612,120.70958,27.986124,120.709577,7,18595,0
106,2777,0.57427621,-39.80839611,27.9806,120.54774,27.97699,120.54848,8,37,0
940,2169,13.25086517,33.90802553,28.00288,120.71024,28.002851,120.698951,7,29,0
1472,2632,23.91151256,39.8258573,27.99188,120.69412,28.0072,120.71529,-1,5,0
836,1014,-24.91763951,-16.89719019,28.02242,120.60801,28.0197,120.61522,3,95,0
607,862,-31.4420073,6.15936758,28.024021,120.649228,28.023996,120.651156,7,28,0
2568,2827,-41.27738562,-41.44008457,28.04901,120.58582,28.05657,120.60001,-1,6312,0
189,943,36.13052011,41.93820358,27.98396,120.69007,27.98369,120.71502,-1,232,0
743,2632,17.10223455,53.1317044,28.008176,120.713964,28.0072,120.71529,7,185,0
341,2080,-10.40318199,44.25380265,27.98975,120.64468,27.994449,120.671107,-1,0,0
1500,2743,-58.18705157,-23.02085761,28.05006,120.62061,28.049957,120.622963,7,831,0
1215,2330,2.996177874,-48.93947063,27.98702,120.60848,27.9967,120.60336,8,90,0
2342,2414,43.97500512,23.82425604,27.96902,120.74658,27.96391,120.75937,10,156,0
152,1362,73.62850967,4.280851891,27.91139,120.82389,27.89369,120.80917,6,327,0
353,1560,-39.08829123,-38.10957398,28.04744,120.60876,28.034241,120.588717,-1,105,0
1605,2602,-34.14792137,-4.997109083,28.01353,120.6398,28.041463,120.586511,-1,126,0
1407,1871,10.73992896,-21.43783225,27.97235,120.62717,27.96874,120.65488,-1,62,0
1103,2531,-2.984701065,-17.10798038,27.97694,120.62826,27.99591,120.64416,-1,64,0
162,1433,-40.17827658,22.55384381,28.014918,120.647761,28.015196,120.648057,3,304,0
1239,2047,33.69065853,-50.51214232,27.87124,120.64996,27.8738,120.67228,3,199,0
961,1940,-40.99579333,-46.26006841,28.06451,120.58223,28.05756,120.60725,-1,51,0
2224,2444,2.103279821,19.98510075,27.98445,120.67253,27.99277,120.67775,4,18,0
178,607,-35.39836218,11.17624766,28.01444,120.65108,28.024021,120.649228,-1,16,0
1377,2372,-17.096421,-32.39681311,28.02627,120.60094,28.023805,120.597166,3,45,0
2309,2347,68.51020126,-1.827944068,27.92657,120.81725,27.91091,120.81602,6,158,0
2396,2453,-51.44099792,-31.53621287,28.03985,120.62173,28.04644,120.60417,7,111,0
1885,2788,14.42614186,-23.23144684,27.96887,120.61609,27.96243,120.65546,-1,23,0
1162,2792,-19.45937333,28.41041263,28.01597,120.66415,28.02302,120.66759,3,2,0
1698,2227,11.90041708,-14.0079375,27.95861,120.665556,27.98375,120.66578,-1,23,0
1385,2888,-59.27178418,-22.46307308,28.05153,120.62762,28.05349,120.61286,7,118,0
835,2218,32.42212834,-51.11610193,27.87789,120.68776,27.878176,120.67654,3,172,0
189,2756,2.325198939,43.29121679,27.98396,120.69007,27.98645,120.68772,4,13788,0
896,1624,10.11203763,-32.52809165,27.93874,120.62121,27.971715,120.608414,-1,35,0
1027,2661,-40.02450099,-55.75892091,28.08394,120.58605,28.079828,120.589546,9,1729,0
1049,1152,-10.19468625,14.26892044,28.00814,120.66242,28.013647,120.656985,3,3,0
164,818,18.84081883,-14.68280369,27.95724,120.65969,27.94749,120.64401,5,60,0
1509,2309,60.38434096,-4.524872372,27.9249,120.82617,27.92657,120.81725,6,205,0
899,1533,-31.10500492,-56.01385577,28.06049,120.57424,28.06943,120.56735,9,59,0
2261,2564,28.89661228,0.858787899,27.97054,120.68557,27.96169,120.70433,-1,2,0
104,2542,-26.61025151,-17.18532778,28.0211,120.601,28.01903,120.61189,3,86,0
321,361,48.89890328,0.545176354,27.941,120.76821,27.95277,120.79908,-1,80,0
29,437,-9.364788578,39.86781747,27.9926,120.671,27.98847,120.666286,4,93,0
204,475,6.992039866,-43.34426369,27.99015,120.62566,27.98226,120.62389,8,2829,0
576,1428,-49.75526436,-2.223283741,28.02002,120.63138,28.02259,120.62662,-1,469,0
772,2840,-34.54545296,-40.10493312,28.05187,120.61117,28.04323,120.58656,-1,10,0
1100,1804,-18.97974864,-13.7575861,28.00741,120.61911,28.00502,120.61628,4,306,0
332,1380,-4.454057842,55.69772414,28.00341,120.68731,28.00675,120.68244,4,1590,0
936,1441,-30.7768877,-4.366695204,28.02145,120.63334,28.04381,120.65767,-1,0,0
556,1731,-32.27501604,30.25275385,27.99014,120.62903,28.00652,120.64463,-1,2,0
229,1335,56.70303832,3.043623049,27.93122,120.80706,27.92006,120.82563,6,32,0
1260,1727,63.96243599,-14.79498373,27.91444,120.83278,27.91218,120.83617,6,20578,0
1510,1620,-45.33430524,-5.395854573,28.023269,120.632426,28.01578,120.62194,-1,15,0
686,2653,-24.09978906,-46.02239495,28.035763,120.57132,28.03697,120.58917,9,83,0
191,405,7.101742671,19.04775133,27.96628,120.68116,27.989232,120.680662,-1,6,0
905,1922,72.43394754,20.62317471,27.86954,120.80506,27.85558,120.80096,6,1532,0
1205,2519,4.438808005,49.97480725,27.99429,120.69956,27.99715,120.70087,-1,19,0
46,2733,-52.65808719,-3.090455674,28.04917,120.61056,28.019524,120.631948,-1,14,0
191,1980,24.16248516,-3.447027019,27.96628,120.68116,27.9546,120.667,5,294,0
1079,2780,19.20454964,53.87802163,28.00471,120.71764,28.00116,120.7232,7,70,0
189,1386,2.191043846,42.96977962,27.98396,120.69007,27.98557,120.68544,4,4729,0
1626,2575,-16.82993258,-39.5057242,28.01389,120.60169,28.02926,120.59028,-1,15,0
2300,2342,32.90631595,22.84691756,27.99832,120.72424,27.96902,120.74658,-1,26,0
1605,1646,-36.29257002,-11.2925112,28.01353,120.6398,28.03083,120.63755,-1,66,0
370,1980,21.02289464,-15.50853576,27.95455,120.65292,27.9546,120.667,5,342,0
166,2226,52.77144226,-4.590584472,27.93672,120.83867,27.95539,120.82859,6,57,0
698,2085,-36.05070485,-48.22974935,28.07126,120.60869,28.04973,120.58807,9,2,0
643,1137,-62.38891071,7.558995236,28.04355,120.65147,28.043333,120.651388,7,40,0
1449,2687,9.418606566,66.60472678,28.01592,120.69364,28.0443,120.70804,7,28,0
1261,2767,-11.6302982,9.967664287,28.00417,120.65509,28.00293,120.64916,3,2,0
1373,2581,-17.18607326,21.48228603,28.01793,120.66445,28.020019,120.648575,3,8,0
1980,2418,27.30135961,-9.959134205,27.9546,120.667,27.93672,120.67951,5,572,0
1536,2540,13.97449791,24.37939456,27.985,120.67851,27.991878,120.694119,4,7,0
283,2305,46.27269871,33.34472898,27.98338,120.744,27.98543,120.73922,10,1001,0
1673,2932,-15.33494762,-2.148630838,28.00217,120.64577,28.003843,120.643621,3,265,0
828,1194,25.25292797,-4.348211934,27.96168,120.677789,27.9573,120.67705,5,8735,0
17,935,16.7665004,12.28058007,27.97886,120.67718,27.97987,120.68111,-1,302,0
5,348,-64.95530373,18.12147516,28.05615,120.67115,28.07753,120.6897,-1,4,0
1988,2189,-29.62808858,-5.170264071,28.01854,120.63879,28.01722,120.63141,-1,83,0
59,1557,71.46168478,2.408650343,27.90238,120.80278,27.90165,120.81193,6,3782,0
204,2399,9.737955282,-36.62687862,27.99015,120.62566,27.951096,120.598666,-1,0,0
430,2670,0.621340602,57.66028407,28.00437,120.69558,28.004123,120.680295,-1,2,0
1047,1211,-0.430457566,59.9641664,28.00475,120.69418,28.00477,120.69408,7,1222,0
521,540,-12.16759309,44.75995105,27.99979,120.66739,27.9981,120.66772,3,438,0
1036,1110,32.26129482,-21.89991813,27.92406,120.70335,27.946867,120.69923,-1,15,0
823,2961,21.08276983,-13.27053442,27.9511,120.66043,27.94751,120.66136,5,167,0
388,984,23.69345749,53.79804944,28.002723,120.710296,28.002192,120.710532,7,371,0
1036,2875,42.41327838,-22.449843,27.92406,120.70335,27.92368,120.70347,3,285,0
456,686,-14.18281091,-51.72423717,28.04137,120.5735,28.035763,120.57132,9,27,0
227,2688,-40.81183464,-21.67418451,28.05333,120.63083,28.04277,120.62428,7,18,0
490,2420,6.017138249,-41.63666148,28.00307,120.6298,27.98362,120.61785,-1,420,0
78,1582,13.23804338,-0.538999489,27.969361,120.674444,27.96936,120.67444,5,2278,0
887,2255,-5.618716381,49.56688083,27.996181,120.680372,27.99861,120.67972,4,311,0
305,1082,-38.10941827,18.1163339,28.008511,120.618079,28.016688,120.655528,-1,4,0
901,1791,63.70041519,24.5997801,27.86601,120.77885,27.86862,120.78313,6,10867,0
1290,1782,5.050292712,34.82318687,28.003203,120.691994,27.997236,120.700653,7,30,0
1322,2756,3.131610995,33.962592,28.00798,120.69032,27.98645,120.68772,-1,2,0
1904,2535,-22.52688194,48.70011078,28.01361,120.68305,28.01377,120.68309,-1,262,0
415,836,-28.99072863,4.260778321,28.01975,120.65219,28.02242,120.60801,3,0,0
761,1455,-58.99946856,-2.603175825,28.02569,120.64175,28.03905,120.62757,7,110,0
182,2199,-25.99752359,-16.55871962,28.01939,120.61656,28.026587,120.594413,3,5,0
1743,2666,-41.64373926,-0.499896183,28.02983,120.63357,28.04116,120.62863,7,2,0
314,1942,35.48439554,26.15584745,27.97965,120.74458,27.97292,120.74185,10,21,0
347,2441,30.95463076,29.20782349,27.98785,120.71681,27.98416,120.72974,-1,28,0
1429,1626,-19.22582936,-23.68594872,28.019912,120.604277,28.01389,120.60169,3,49,0
447,1316,30.23172128,6.10445444,27.99055,120.7118,27.97332,120.71019,-1,15,0
148,2909,68.49520286,16.53147612,27.87141,120.8205,27.86513,120.81613,6,232,0
1139,1643,4.88418519,-28.91091301,27.988544,120.62822,27.98054,120.61279,8,2,0
2486,2816,-47.15737386,-15.49925298,28.04854,120.66293,28.04411,120.63996,7,16,0
1612,1819,-0.796652509,-42.91861497,27.9938,120.57017,27.996696,120.603355,8,150,0
1829,1970,64.22333331,23.39197013,27.86907,120.79115,27.87,120.788,6,734,0
890,2000,42.32478648,-26.35706975,27.92123,120.70681,27.92247,120.70628,3,1076,0
2405,2519,23.49353372,1.862926666,27.96984,120.68551,27.99715,120.70087,-1,0,0
1771,2282,4.122564724,36.73240481,27.99855,120.69275,27.99125,120.69051,4,2,0
332,1782,-3.341724627,55.46426517,28.00341,120.68731,27.997236,120.700653,-1,88,0
1698,2593,22.59486851,-4.843399747,27.95861,120.665556,27.96314,120.66947,5,6532,0
1711,2921,-52.88597554,-18.20246298,28.06516,120.64246,28.04626,120.62812,7,65,0
389,452,-19.9209544,-12.71940578,28.01058,120.62116,28.01066,120.62114,4,354,0
8,1749,18.53777118,-31.21630132,27.91704,120.56917,27.97581,120.57281,-1,35,0
403,2802,27.84593805,27.47762113,27.98093,120.71034,27.98055,120.72944,-1,24,0
1407,1667,10.998427,-34.33321884,27.97235,120.62717,27.93583,120.61337,8,27,0
1845,2479,39.59581853,3.918462938,27.99406,120.72557,27.95756,120.72822,-1,55,0
1939,2787,-7.015152375,52.80536432,28.00197,120.68016,28.00461,120.6752,4,218,0
437,2127,-7.47054848,41.0017959,27.98847,120.666286,27.98869,120.6726,4,999,0
1184,2131,5.950034058,-16.32479405,27.982012,120.645724,27.97509,120.65593,5,874,0
11,1519,33.27908931,19.99938947,27.99544,120.72251,27.97433,120.75966,-1,22,0
202,1072,-35.34399789,32.67275881,28.0087,120.65515,28.00679,120.65524,3,550,0
193,2627,28.35598535,18.71082624,28.02809,120.78452,28.01826,120.7953,2,939,0
637,2378,6.846651543,42.81878978,28.01522,120.68916,28.013795,120.696286,7,25,0
1081,1123,-6.056325167,11.06295529,27.997963,120.659738,27.96552,120.64757,-1,9,0
448,1398,-25.61605651,-29.90951281,28.024644,120.599644,28.02438,120.60303,3,23262,0
1747,2469,36.56889148,15.53832889,27.978667,120.735061,28.00923,120.72917,-1,74,0
430,1178,2.394881288,54.84312596,28.00437,120.69558,27.99689,120.69531,-1,34,0
273,2890,-60.98605583,-0.119437229,28.02613,120.64691,28.02424,120.6348,-1,845,0
2055,2890,-31.34977283,-4.27609135,28.02288,120.63142,28.02424,120.6348,-1,14,0
932,1175,-36.50338088,29.90769162,28.009722,120.654166,28.00978,120.65422,3,51,0
412,1706,30.93889186,-35.33457651,27.91108,120.67813,27.9208,120.70586,3,3,0
1428,2318,-31.09603489,3.806004412,28.02259,120.62662,28.0217,120.647,-1,5,0
1123,1576,10.54068024,-29.12246053,27.96552,120.64757,27.970529,120.613192,-1,14,0
14,1329,-20.34729595,31.40913651,28.02496,120.66541,28.02655,120.65947,-1,156,0
1305,2028,66.59328094,-7.414281544,27.92668,120.81126,27.92122,120.80887,6,1678,0
40,2465,29.28464657,-48.69050691,27.85902,120.65677,27.88796,120.64935,3,9,0
270,2557,-10.9990908,31.04353462,28.01764,120.68649,28.014329,120.680824,-1,22,0
468,1106,-23.92818602,-34.02953668,28.02464,120.59155,28.02311,120.59937,3,146,0
849,2283,-21.02079421,7.302296026,28.01215,120.65165,28.012454,120.649446,3,2,0
1421,2703,-3.629209752,-13.09388139,27.98936,120.6427,27.99103,120.63464,8,54,0
220,1311,5.700658568,-54.39891227,27.9974,120.58543,27.98966,120.57449,8,275,0
983,1935,7.915658515,-10.29813415,27.97699,120.64991,27.97505,120.67499,5,6,0
1184,1460,-2.797906793,-18.61291649,27.982012,120.645724,27.985304,120.632788,-1,212,0
54,2092,-30.28020885,-7.288418618,28.018598,120.620672,28.0195,120.63455,-1,118,0
1515,2120,-27.34746692,29.77129121,28.01034,120.65781,28.00312,120.65388,3,89,0
12,1727,70.07995031,14.4977743,27.8751,120.81027,27.91218,120.83617,6,18,0
947,2180,1.264640888,7.05097241,27.98614,120.65644,27.98333,120.65125,-1,10,0
2415,2493,-26.5681955,13.14134045,28.02,120.655,28.01736,120.65303,3,19,0
11,58,44.40738654,32.32902847,27.99544,120.72251,27.97969,120.74181,-1,68,0
53,287,1.376988247,-12.80592523,27.98833,120.64222,27.986822,120.630326,8,0,0
2333,2460,-24.41043666,35.47431094,28.02407,120.66508,28.021791,120.665431,3,458,0
1134,2767,-9.748545366,2.40547156,27.99644,120.63354,28.00293,120.64916,-1,2,0
2180,2481,3.300099002,-9.682045096,27.98333,120.65125,27.97265,120.66766,5,54,0
1061,2153,37.85468905,-27.38770403,27.92415,120.70545,27.91643,120.68875,3,163,0
219,449,38.57477271,-20.73083258,27.92298,120.70731,27.93173,120.70133,3,220,0
1151,1900,-37.7642539,-58.93651925,28.082463,120.58878,28.06605,120.58485,9,327,0
239,2964,24.53815805,14.98633297,28.03887,120.7934,28.07691,120.77662,2,40,0
1285,2246,-53.32676469,-32.36893328,28.04108,120.61641,28.04353,120.61647,7,3209,0
946,1446,16.09291535,-30.90984235,27.94117,120.60038,27.98015,120.60519,-1,52,0
1373,2929,-15.7852662,22.18275884,28.01793,120.66445,28.026713,120.658442,-1,40,0
11,160,25.10188717,31.5633313,27.99544,120.72251,27.97864,120.71467,-1,36,0
500,1724,24.78151332,53.58390881,27.99978,120.7112,28.00258,120.70728,7,573,0
1691,1873,-38.92874179,42.88200038,28.01519,120.66268,28.01486,120.66325,3,4931,0
1055,2183,71.97160294,5.718075773,27.89321,120.79688,27.89444,120.81353,6,187,0
962,1415,-23.58962743,3.039979957,28.017111,120.631666,28.01447,120.64201,-1,17,0
293,408,-53.90359798,-1.346636627,28.02476,120.635142,28.05042,120.6339,-1,18,0
4,1921,0.804781819,-23.74027359,27.98663,120.61963,27.985876,120.627305,8,27,0
2142,2241,36.50596205,45.84790304,27.98684,120.71242,27.98751,120.72346,7,2403,0
53,2715,1.697367949,-10.61808182,27.98833,120.64222,27.99435,120.66326,-1,11,0
174,273,-57.07667,3.212465727,28.04894,120.64323,28.02613,120.64691,7,54,0
849,1286,-40.29386618,25.30963965,28.01215,120.65165,28.01117,120.65006,3,204,0
318,1092,9.947649853,-14.85693573,27.97271,120.64743,27.96187,120.66042,5,199,0
152,2138,60.57662838,18.49427082,27.91139,120.82389,27.87481,120.78795,6,58,0
230,414,14.21991365,-32.65051935,27.956312,120.600096,27.96162,120.59686,10,85,0
1428,2396,-44.02929648,-4.034869127,28.02259,120.62662,28.03985,120.62173,7,20,0
974,1635,19.78106836,53.83156557,27.999273,120.72067,27.999841,120.721011,7,159,0
1705,2625,63.83970489,9.321677941,27.90977,120.83609,27.89938,120.82864,6,180,0
1391,1656,35.34868737,-1.837167324,27.95467,120.69939,27.94263,120.73736,10,47,0
1422,1483,21.02894323,27.97392175,28.00506,120.71172,27.9897,120.71206,7,9,0
746,2418,23.99200659,-15.81718109,27.94545,120.66986,27.93672,120.67951,5,2992,0
1338,2379,-54.43762568,-14.18523564,28.056963,120.625239,28.04982,120.6511,7,59,0
983,2420,1.687043799,-13.216417,27.97699,120.64991,27.98362,120.61785,-1,7,0
331,1058,-57.88987747,-27.69738486,28.03958,120.62042,28.04752,120.63044,7,464,0
687,1579,-0.104532551,60.98544839,28.006318,120.696659,28.00642,120.69411,7,854,0
1936,2493,-26.88988349,12.01920711,28.0164,120.657,28.01736,120.65303,3,53,0
608,1394,-6.221954593,39.2188021,27.99367,120.69233,27.99572,120.672658,4,100,0
748,1647,36.41437626,-18.95648391,27.9266,120.711,27.92515,120.70447,3,211,0
986,1899,-42.17892687,-46.32490857,28.077531,120.587363,28.06248,120.60338,9,398,0
284,1071,42.40040821,-15.12959829,27.92764,120.69437,27.92798,120.69488,3,10810,0
670,1159,-24.83055988,-33.9007275,28.026927,120.60664,28.02791,120.59925,3,117,0
741,2373,-29.63197512,33.49497125,27.95095,120.65688,27.99672,120.65264,-1,2,0
331,1804,-13.31002467,-18.49231368,28.03958,120.62042,28.00502,120.61628,-1,7,0
1631,2179,-0.102917606,-2.377580142,28.00741,120.59773,28.0058,120.593,3,54,0
1727,2324,73.62526216,15.31469813,27.91218,120.83617,27.8722,120.8266,6,948,0
633,2848,23.32325305,-0.067612271,27.98491,120.70392,27.965369,120.686131,-1,15,0
1058,1620,-41.21512994,-6.118365926,28.04752,120.63044,28.01578,120.62194,-1,8,0
563,1455,-59.09446346,8.617303431,28.03956,120.65442,28.03905,120.62757,7,0,0
936,1535,-55.32973668,-3.653571519,28.02145,120.63334,28.03768,120.63277,-1,11,0
2080,2282,3.697504297,13.65857695,27.994449,120.671107,27.99125,120.69051,4,0,0
1129,1763,63.66307934,-10.30174464,27.91593,120.8267,27.92159,120.82161,6,768,0
2469,2944,28.68653115,35.00172718,28.00923,120.72917,27.99929,120.722247,7,15,0
1555,1835,-61.19974051,10.48283011,28.043798,120.657967,28.03927,120.65678,7,139,0
1923,2682,-16.63399081,1.429095718,27.99631,120.64437,27.99605,120.64769,3,3918,0
128,1224,-39.80000951,11.78248821,28.0248,120.64971,28.025972,120.649869,7,40,0
619,954,-37.25052203,39.43496099,28.01319,120.65921,28.018214,120.672196,3,29,0
1782,2010,-4.39770067,50.22332359,27.997236,120.700653,27.99742,120.68104,-1,58,0
86,1415,-35.69840031,16.99355772,28.01563,120.65181,28.01447,120.64201,3,48,0
515,741,13.78412229,-20.7902668,27.96781,120.62801,27.95095,120.65688,-1,34,0
499,1385,-52.5492287,-22.68763953,28.04339,120.62726,28.05153,120.62762,7,70,0
748,828,29.53736102,-16.09946997,27.9266,120.711,27.96168,120.677789,-1,0,0
15,735,-6.859669005,-18.33616652,27.97664,120.63227,27.993371,120.637184,8,71,0
178,1812,-43.81492685,23.96806129,28.01444,120.65108,28.01671,120.64947,3,1286,0
31,1743,-43.29234024,-2.191649988,28.02343,120.63235,28.02983,120.63357,-1,30,0
1348,1563,31.61085418,-27.14174006,27.92776,120.69408,27.92204,120.69661,3,97,0
408,669,-35.41089311,-7.131376722,28.05042,120.6339,28.01255,120.63174,-1,0,0
841,1736,-51.34680513,-1.844153897,28.0171,120.63698,28.029592,120.6244,-1,40,0
14,136,-20.44742568,5.754205702,28.02496,120.66541,28.01434,120.65091,3,19,0
1173,2801,-18.07628591,17.13448162,28.01246,120.65751,28.01569,120.65545,3,43,0
257,2146,-40.3836127,-47.6499574,28.076984,120.602335,28.051431,120.600469,-1,82,0
864,2887,-18.09244327,-56.94195531,28.03948,120.56891,28.04609,120.57533,9,1117,0
895,2507,-61.65112414,13.50550516,28.03688,120.73858,28.02519,120.66642,-1,49,0
306,2214,26.58046365,-20.26204284,27.93177,120.67802,27.9598,120.68203,5,48,0
12,406,70.90823935,12.07241726,27.8751,120.81027,27.89033,120.77895,6,46,0
1554,1894,-48.64803522,-24.38017889,28.04552,120.62169,28.044511,120.621742,7,114,0
1118,1705,64.93543641,-15.49809655,27.91208,120.83609,27.90977,120.83609,6,1227,0
1903,2123,37.5370122,-37.946368,27.92249,120.67905,27.92383,120.67387,3,2807,0
3,1592,-19.72728724,-56.05771387,28.03927,120.5877,28.04448,120.57033,9,678,0
2347,2625,66.28954708,1.813092346,27.91091,120.81602,27.89938,120.82864,6,14,0
1803,2424,-15.56641449,50.81008271,28.01235,120.66512,28.01008,120.67058,3,11,0
382,2424,-10.78263594,20.82626223,28.01967,120.6623,28.01008,120.67058,3,0,0
1327,1892,-11.12489316,15.93433437,28.010416,120.663943,28.01,120.663333,3,103,0
2496,2592,68.09848947,-9.752975655,27.94412,120.76969,27.93254,120.82423,-1,296,0
2128,2779,63.58384465,6.354410564,27.8883,120.80901,27.9069,120.82629,6,33,0
464,2131,9.952809915,-19.72245575,27.9659,120.64111,27.97509,120.65593,-1,2,0
741,999,15.81509088,-19.7165907,27.95095,120.65688,27.95989,120.64875,5,1937,0
2433,2894,-22.06009202,34.04409315,28.02202,120.66394,28.01941,120.67004,3,215,0
492,2377,24.99206953,37.4396723,27.99261,120.71419,27.9934,120.719,7,55,0
1428,2890,-44.60760517,-2.075707132,28.02259,120.62662,28.02424,120.6348,-1,162,0
348,1545,-64.3135562,20.64533802,28.07753,120.6897,28.08567,120.71378,1,11,0
1593,1646,-36.43154842,3.998626811,28.02516,120.64698,28.03083,120.63755,7,4,0
308,845,-30.71354892,-58.83497075,28.07118,120.58698,28.06506,120.57549,9,1081,0
58,943,38.0034008,30.6151275,27.97969,120.74181,27.98369,120.71502,-1,19,0
1316,2214,29.69540471,4.673142958,27.97332,120.71019,27.9598,120.68203,-1,11,0
824,1653,-14.57601239,10.87707093,28.002956,120.643807,28.00714,120.65555,3,30,0
724,1347,-12.57189193,9.907484754,27.99279,120.64931,28.01058,120.65406,3,39,0
1560,2509,-36.87712272,-32.75595383,28.034241,120.588717,28.02225,120.60442,-1,14,0
2540,2619,1.439804328,49.06606138,27.991878,120.694119,27.992814,120.696225,4,425,0
1653,2252,-40.45680686,35.39131465,28.00714,120.65555,28.0135,120.659,3,20,0
619,919,-36.69687206,39.84839579,28.01319,120.65921,28.01517,120.66789,3,245,0
552,2644,42.05354313,3.994943928,27.96536,120.74141,28.019199,120.784475,-1,0,0
541,1624,11.07276429,-42.60926407,27.96193,120.60948,27.971715,120.608414,-1,699,0
341,446,6.1309,-25.8007638,27.98975,120.64468,27.98581,120.61459,8,102,0
77,1017,-34.35492387,28.97614195,28.00743,120.64853,28.00901,120.65414,3,116,0
1749,2817,10.24436186,-57.24479289,27.97581,120.57281,27.98271,120.56368,8,10036,0
1584,2722,67.42980636,13.48643913,27.89209,120.81396,27.8763,120.821,6,10,0
1699,2364,16.48884305,9.05051963,27.97659,120.67899,27.97792,120.68304,5,81,0
375,2255,0.493328674,28.53343157,28.00026,120.68107,27.99861,120.67972,4,28,0
1394,2424,-4.062898002,22.40362745,27.99572,120.672658,28.01008,120.67058,-1,64,0
55,684,30.42705107,-51.40018088,27.85781,120.66563,27.88258,120.62827,3,92,0
975,2751,-7.119206453,20.94542763,28.00397,120.67029,28.01002,120.66745,3,63,0
422,1208,11.65524845,55.83914058,28.00525,120.70299,28.006628,120.70461,7,338,0
872,1054,-6.881374178,-8.335565724,27.98477,120.64882,27.99918,120.641648,-1,34,0
466,1923,-7.228615781,-17.60691225,27.993,120.6404,27.99631,120.64437,-1,1128,0
312,2543,11.83032587,3.828259501,27.97483,120.67456,27.978448,120.671401,5,13816,0
341,638,-6.613346253,-16.440953,27.98975,120.64468,27.99736,120.62159,8,61,0
887,1761,-5.802744677,49.46877317,27.996181,120.680372,27.99851,120.67952,4,86,0
748,2902,34.86734617,-20.51716491,27.9266,120.711,27.92072,120.70621,3,52,0
370,1794,21.75580526,-16.96211721,27.95455,120.65292,27.94302,120.67619,5,3017,0
573,2843,-14.54594007,30.05181405,28.014374,120.672952,28.01538,120.6731,3,105,0
79,462,40.21393496,-29.31064939,27.921889,120.696181,27.92121,120.70312,3,192,0
317,1401,-45.46376104,29.80622578,28.01994,120.655,28.01999,120.65209,3,111,0
109,2697,-16.80008641,-40.10814543,28.03316,120.59087,28.02837,120.58877,9,29,0
659,2103,9.586151386,-51.6061112,27.98025,120.58452,27.98211,120.59701,8,2037,0
5,292,-40.63060285,7.754270661,28.05615,120.67115,28.02857,120.65898,7,2,0
972,1092,23.83540158,-10.75090444,27.94366,120.68317,27.96187,120.66042,5,25,0
2603,2901,27.76148122,5.231344014,27.97458,120.72556,27.97339,120.7071,10,20,0
1071,1872,28.69673988,-20.65292305,27.92798,120.69488,27.92834,120.69922,3,191,0
270,2651,-11.61131975,31.20407722,28.01764,120.68649,28.0228,120.67335,-1,0,0
2150,2156,-22.09790473,-35.78099862,27.99711,120.58895,28.02454,120.591434,3,29,0
890,1600,36.7932732,-21.53792386,27.92123,120.70681,27.92162,120.70502,3,70,0
582,2649,63.54419906,13.63976431,27.86958,120.81319,27.88565,120.80804,6,27,0
369,1725,57.78122284,-4.580626621,27.9277,120.83323,27.9273,120.83646,6,70,0
1593,2415,-31.76936592,7.616944641,28.02516,120.64698,28.02,120.655,-1,6,0
859,2520,30.25626665,-21.78428946,27.95386,120.68203,27.92895,120.69631,-1,66,0
454,2481,10.66355486,3.067892966,27.98,120.66708,27.97265,120.66766,5,3344,0
25,2149,14.69460394,4.464024119,27.976204,120.667973,27.98472,120.69611,-1,8,0
2272,2332,33.01401751,-25.27975305,27.91974,120.69145,27.92441,120.70401,3,50,0
2497,2835,5.20164683,-8.048682833,27.92371,120.73494,27.94411,120.78597,-1,11,0
293,1170,-50.47941215,2.081613879,28.02476,120.635142,28.023333,120.636389,3,187,0
72,287,6.393116137,-36.99848106,27.97367,120.59704,27.986822,120.630326,8,21,0
1215,2703,1.999969231,-30.01138104,27.98702,120.60848,27.99103,120.63464,8,26,0
817,2653,-15.11203316,-43.29087261,28.02382,120.58085,28.03697,120.58917,9,8,0
329,2490,33.54590942,-48.40402478,27.86838,120.6556,27.88534,120.6674,3,261,0
1522,2244,34.43277038,43.50976826,27.987423,120.723357,27.985555,120.71778,7,130,0
305,1958,-26.2954047,8.843469777,28.008511,120.618079,28.01842,120.65967,-1,0,0
568,2082,9.974888338,61.49155164,28.017992,120.701917,28.0212,120.7025,7,100,0
566,2424,-5.359124267,27.39498301,28.0085,120.68531,28.01008,120.67058,-1,65,0
246,515,12.37076042,-22.14099908,27.95634,120.66596,27.96781,120.62801,-1,5,0
724,2281,-6.286650087,-15.51738481,27.99279,120.64931,28.00143,120.63625,3,34,0
608,2249,1.322698733,37.26149461,27.99367,120.69233,27.997139,120.68626,4,40,0
401,460,24.49845308,37.69082233,27.994305,120.719787,27.996057,120.710262,7,78,0
2190,2567,-0.739543866,9.166100154,27.98235,120.67423,27.992138,120.656444,-1,20,0
499,1285,-36.34749125,-21.78443539,28.04339,120.62726,28.04108,120.61641,7,32,0
549,2241,28.02492911,31.5863684,28.00025,120.7286,27.98751,120.72346,7,7,0
865,1004,-38.29828348,-27.96582876,28.0464,120.604,28.04879,120.61397,7,36,0
436,1958,-10.87169411,20.50889021,28.01004,120.66769,28.01842,120.65967,3,12,0
537,1108,39.98719234,-31.49945071,27.91572,120.69582,27.924685,120.69711,3,28,0
396,506,28.8357255,-48.23476911,27.85425,120.65996,27.8557,120.65678,3,18,0
415,1441,-37.74137628,11.16305415,28.01975,120.65219,28.04381,120.65767,-1,6,0
52,2496,71.35166213,-9.807705173,27.93816,120.80145,27.94412,120.76969,-1,518,0
299,2798,37.52950039,36.41743594,27.968888,120.725833,27.96855,120.72659,10,146,0
1338,2009,-49.5616012,-16.80381946,28.056963,120.625239,28.04976,120.647462,7,19,0
836,1159,-27.85381117,-40.18509147,28.02242,120.60801,28.02791,120.59925,3,520,0
27,2811,14.91046055,41.0321038,28.00949,120.71444,28.00595,120.72062,7,172,0
836,2834,-19.57362568,-24.09308043,28.02242,120.60801,28.00969,120.59728,3,36,0
420,549,11.62097698,44.01745849,28.019477,120.715049,28.00025,120.7286,7,0,0
852,1528,-35.35702383,16.72063383,28.013741,120.650393,28.01484,120.64575,3,109,0
1455,2921,-58.1043815,-25.74165766,28.03905,120.62757,28.04626,120.62812,7,1188,0
608,2201,5.26545611,25.87510156,27.99367,120.69233,27.99446,120.68161,4,39,0
385,2300,21.12643109,58.13413522,28.00125,120.72481,27.99832,120.72424,7,1575,0
1724,2367,14.5373911,48.83720763,28.00258,120.70728,28.008302,120.718349,7,25,0
2793,2957,40.9597144,34.26508893,27.96841,120.73048,27.9672,120.7319,10,3272,0
1711,2137,-50.53310558,-16.34752899,28.06516,120.64246,28.04852,120.65349,7,2,0
3,2576,-31.90408563,-37.06051655,28.03927,120.5877,28.02963,120.5999,-1,0,0
500,2074,20.43876888,28.70418393,27.99978,120.7112,27.986124,120.709577,7,0,0
2230,2792,-13.21886842,23.03160938,28.01549,120.67049,28.02302,120.66759,3,13,0
1958,2012,-34.9070404,12.09398959,28.01842,120.65967,28.02392,120.644412,3,86,0
704,1453,-7.67076693,-4.79067948,28.001326,120.643433,27.99832,120.6366,3,17,0
11,2169,13.40150809,32.07150221,27.99544,120.72251,28.002851,120.698951,7,6,0
328,2087,-19.17408556,31.15326261,28.05929,120.65781,28.02363,120.66164,-1,30,0
148,1722,70.34369708,16.9536458,27.87141,120.8205,27.87744,120.7991,6,153,0
41,1944,11.19595534,-32.78779425,27.95746,120.61208,27.97112,120.57378,-1,5,0
1510,2053,-54.08662232,-6.24572424,28.023269,120.632426,28.01003,120.63016,-1,219,0
982,1791,61.82300811,18.42392921,27.87452,120.79789,27.86862,120.78313,6,15,0
1106,2156,-24.38256496,-34.20450046,28.02311,120.59937,28.02454,120.591434,3,434,0
1947,2915,-1.199137904,41.82071251,27.98803,120.67876,27.98732,120.68157,4,102,0
48,2528,-17.77933936,34.27630009,28.01947,120.67661,28.023744,120.653645,-1,44,0
628,1725,56.17232013,-1.267101507,27.92742,120.82878,27.9273,120.83646,6,50,0
916,2164,-19.05806353,18.72793184,28.01381,120.65692,28.01286,120.66582,3,109,0
111,164,16.9723813,-16.79997539,27.95612,120.65155,27.95724,120.65969,5,3795,0
410,2360,47.60347625,6.224373983,27.95123,120.82795,27.97589,120.75072,-1,0,0
448,1377,-26.13096976,-32.87642074,28.024644,120.599644,28.02627,120.60094,3,418,0
549,2663,18.12395316,56.91711728,28.00025,120.7286,27.99627,120.72691,7,199,0
868,1939,-2.472022206,32.08648829,28.01279,120.66871,28.00197,120.68016,-1,12,0
1940,2116,-44.10098023,-41.77989926,28.05756,120.60725,28.04925,120.60197,7,1149,0
46,772,-48.548238,-40.63903252,28.04917,120.61056,28.05187,120.61117,7,29551,0
133,2520,28.91569698,-22.26921865,27.9535,120.69621,27.92895,120.69631,-1,0,0
672,2420,8.205411142,-29.46754899,27.96719,120.59359,27.98362,120.61785,8,32,0
1646,2415,-38.55059922,3.187114347,28.03083,120.63755,28.02,120.655,-1,29,0
1625,2946,68.79943997,-1.673707893,27.91671,120.81301,27.91587,120.81258,6,14287,0
2678,2966,62.69754278,3.283358092,27.911388,120.823888,27.90319,120.81717,6,56,0
1422,2125,23.70282845,54.79649684,28.00506,120.71172,28.005059,120.711717,7,4172,0
1799,2446,-10.9317238,42.09569373,27.99461,120.68409,27.98763,120.66308,4,34,0
300,1709,45.93891468,18.34888572,27.9685,120.75992,27.97034,120.76311,10,7984,0
501,2896,3.964510622,33.04032046,28.004176,120.686025,28.00594,120.69008,-1,14,0
168,2234,36.32688477,-48.04157138,27.88708,120.63386,27.8815,120.63331,3,521,0
1568,2061,-0.835009071,42.43942759,27.98641,120.68048,27.98839,120.68338,4,75,0
522,656,21.01742523,-43.2958162,27.95536,120.60011,27.96161,120.59217,10,3311,0
2010,2366,-0.733708374,35.69405536,27.99742,120.68104,27.97973,120.67677,-1,142,0
1031,1089,-16.123367,-43.67713445,28.036972,120.589166,28.02804,120.57818,9,127,0
1296,1584,71.34298588,6.301487964,27.89897,120.79855,27.89209,120.81396,6,171,0
1744,2764,-19.23179378,-54.48609456,28.049438,120.581163,28.044142,120.567394,9,142,0
619,1156,-27.60103463,27.49379708,28.01319,120.65921,28.01027,120.66077,3,307,0
1,2822,38.50796656,21.4596558,27.97014,120.75603,27.97743,120.73394,10,20,0
1841,2853,6.558695778,-48.84266636,27.980151,120.605199,27.97599,120.59211,8,141,0
670,1294,-21.68757746,-32.7215086,28.026927,120.60664,28.06952,120.58518,-1,0,0
2547,2857,-35.17447738,-49.65754947,28.077515,120.5896,28.09805,120.59534,9,53,0
688,1939,-7.207431729,54.16618818,28.008405,120.68283,28.00197,120.68016,4,10,0
1064,2480,24.59623103,4.09374076,27.97678,120.70173,27.976345,120.701908,10,2,0
1221,2594,-43.7878841,-49.87315621,28.074942,120.604791,28.08581,120.59066,9,2086,0
212,410,53.25943787,-8.422176498,27.95491,120.7872,27.95123,120.82795,-1,186,0
1008,2513,-45.82720676,-41.85100864,28.06212,120.60705,28.060569,120.603702,-1,742,0
464,1885,13.3629577,-43.1783318,27.9659,120.64111,27.96887,120.61609,8,134,0
195,1310,-47.52366101,-22.35596221,28.041109,120.62863,28.0436,120.62548,7,42,0
2248,2842,23.5245381,8.018223307,27.97512,120.69186,27.98853,120.69743,-1,190,0
1081,2120,-16.86816913,43.62224247,27.997963,120.659738,28.00312,120.65388,3,405,0
647,2096,8.035739571,-43.5762975,27.9749,120.63133,27.97745,120.61375,8,227,0
1935,1947,7.97015387,16.23910369,27.97505,120.67499,27.98803,120.67876,-1,10,0
621,2420,5.454676692,-45.80724735,27.98848,120.61075,27.98362,120.61785,8,8622,0
1541,1563,30.22185044,-28.65746241,27.9252,120.6899,27.92204,120.69661,3,44,0
1331,2729,-41.74342095,-25.38968035,28.07361,120.61293,28.05359,120.63947,-1,51,0
833,1613,6.382443904,56.90922609,28.00262,120.7004,28.00291,120.69868,7,98,0
2037,2966,57.22000969,3.084518021,27.9208,120.84047,27.90319,120.81717,6,5,0
1582,2307,21.40113061,-2.524382788,27.96936,120.67444,27.957377,120.682574,5,75,0
1632,1724,9.350183414,56.29916879,28.0016,120.70563,28.00258,120.70728,7,368,0
876,1565,-40.41028354,-8.367043542,28.01851,120.63892,28.03749,120.6251,-1,6,0
191,623,18.2238158,-1.688025953,27.96628,120.68116,27.94373,120.68649,5,379,0
293,1217,-50.84877157,2.182627273,28.02476,120.635142,28.02385,120.64132,3,135,0
2116,2517,-33.79595511,-41.15353346,28.04925,120.60197,28.08227,120.59052,-1,17,0
1497,2004,-21.19410518,-48.7154366,28.042251,120.587483,28.05469,120.58692,9,47,0
1610,2743,-44.45775537,-24.97602332,28.05249,120.60567,28.049957,120.622963,7,35,0
2187,2714,73.97195322,8.143198866,27.89058,120.80958,27.8832,120.80518,6,693,0
14,548,-22.96366509,35.3368986,28.02496,120.66541,28.02569,120.66766,3,54,0
643,814,-41.96770097,-17.43436734,28.04355,120.65147,28.06065,120.61145,7,18,0
2081,2927,25.16406079,15.6093472,28.046257,120.803292,28.02026,120.79958,2,75,0
935,1359,12.81720023,10.95823993,27.97987,120.68111,27.97581,120.68459,-1,87,0
1530,1905,28.52890651,-52.41361214,27.86421,120.64917,27.86345,120.67392,3,416,0
2007,2641,35.65600391,12.43034858,27.99715,120.77526,28.00624,120.82807,-1,15,0
991,2717,-52.2392278,18.01646586,28.02726,120.65732,28.024111,120.656361,-1,47,0
2100,2592,58.16507334,-4.58165925,27.93118,120.82472,27.93254,120.82423,6,136,0
427,975,-13.94933788,49.51499544,28.005808,120.669146,28.00397,120.67029,3,3216,0
1511,2802,41.38260146,35.27025528,27.97302,120.73654,27.98055,120.72944,10,348,0
130,1811,38.48290079,-50.33613528,27.90369,120.65562,27.89896,120.665197,3,3237,0
152,819,54.00766726,4.541454065,27.91139,120.82389,27.91736,120.79806,6,52,0
1872,2237,42.73945318,-15.98549879,27.92834,120.69922,27.92797,120.69797,3,425,0
1888,2966,67.91305206,4.912910392,27.89882,120.82105,27.90319,120.81717,6,17153,0
1900,2568,-35.28216349,-60.0185351,28.06605,120.58485,28.04901,120.58582,9,792,0
244,2686,-62.980909,19.45895302,28.08021,120.69711,28.0508,120.683,-1,17,0
1079,2944,18.02964616,44.36638366,28.00471,120.71764,27.99929,120.722247,7,4,0
422,1472,7.318746082,37.01789245,28.00525,120.70299,27.99188,120.69412,-1,0,0
1871,2366,8.938560272,-6.362225675,27.96874,120.65488,27.97973,120.67677,5,37,0
81,848,11.23096805,54.76659382,28.003179,120.699031,28.00742,120.70274,7,75,0
1388,1506,-42.50802596,18.25215075,28.01822,120.64711,28.02799,120.66168,-1,25,0
406,945,64.255909,22.23064277,27.89033,120.77895,27.87922,120.78748,6,122,0
741,1767,8.87658354,-16.03511178,27.95095,120.65688,27.97914,120.65482,5,41,0
48,1759,-24.88581272,42.47033225,28.01947,120.67661,28.018481,120.682668,3,824,0
134,252,34.10469043,33.7769393,27.989953,120.728443,27.9874,120.73534,-1,0,0
539,1528,-37.55623978,17.35417777,28.01516,120.65303,28.01484,120.64575,3,237,0
2186,2663,25.32231665,34.24106881,27.99188,120.7165,27.99627,120.72691,7,107,0
780,1028,4.645340634,27.74805579,28.01006,120.68043,28.01278,120.6749,-1,0,0
14,1759,-22.03480447,35.44367738,28.02496,120.66541,28.018481,120.682668,3,261,0
1717,2963,-3.27854712,-29.28815069,27.99375,120.61713,27.98802,120.61588,8,7868,0
890,2362,40.37738606,-25.36180588,27.92123,120.70681,27.92159,120.70412,3,130,0
1433,2656,-36.91507384,11.78185881,28.015196,120.648057,28.024797,120.649708,-1,235,0
826,2197,-46.74438573,-23.44344098,28.04636,120.62567,28.04449,120.62163,7,62,0
627,1949,-38.13806015,-11.22239203,28.0494,120.66193,28.02608,120.646,7,5,0
692,1402,-9.006717485,31.71604767,28.00622,120.6991,28.014576,120.681581,-1,35,0
971,1440,67.26548966,-4.612300316,27.92205,120.80111,27.92653,120.78661,6,133,0
797,2864,45.03264399,21.96478602,27.97373,120.74409,27.9665,120.76112,10,92,0
1494,2208,-60.91830792,-12.59416117,28.04977,120.64759,28.047396,120.656783,7,170,0
14,264,-20.07704903,22.15772444,28.02496,120.66541,28.01535,120.66232,3,38,0
1105,2682,-32.56501769,31.95877794,28.00791,120.64843,27.99605,120.64769,3,175,0
1782,2060,10.21124271,36.2497662,27.997236,120.700653,28.00115,120.70351,7,36,0
1164,2213,-61.91108505,1.472281928,28.04057,120.64705,28.0397,120.63304,7,795,0
408,2642,-59.42439244,7.225173098,28.05042,120.6339,28.03965,120.64593,7,153,0
1481,2668,14.64449831,-29.03296753,27.96111,120.6227,27.94903,120.59549,-1,26,0
708,1284,38.1706833,-9.79935832,27.9343,120.7072,27.94439,120.71319,-1,691,0
803,1232,-60.73421838,7.406126177,28.02715,120.65114,28.04357,120.651564,7,176,0
130,1728,29.19169376,-47.34312524,27.90369,120.65562,27.85412,120.66711,3,2,0
1502,2444,-0.495127452,19.06549481,27.991292,120.664871,27.99277,120.67775,4,47,0
1380,2628,-6.923981649,29.96762702,28.00675,120.68244,28.01511,120.67465,-1,157,0
673,2588,-42.17077731,-31.74474953,28.05464,120.60495,28.02213,120.5743,-1,4,0
2540,2756,1.004163302,47.94934327,27.991878,120.694119,27.98645,120.68772,4,3616,0
1261,2229,-10.35586833,9.053346522,28.00417,120.65509,27.99852,120.65649,3,0,0
1152,2120,-11.04835152,4.740195007,28.013647,120.656985,28.00312,120.65388,3,59,0
1253,2495,-63.53450082,19.14227891,28.08997,120.75321,28.0832,120.74525,-1,93,0
492,927,25.28948115,29.0786369,27.99261,120.71419,27.99224,120.72085,7,0,0
461,2336,74.04387885,13.92704176,27.8974,120.81737,27.87937,120.8036,6,154,0
2808,2970,18.98874261,-47.40362917,27.93617,120.55946,27.9567,120.57364,10,296,0
136,2038,-23.27380983,8.405064022,28.01434,120.65091,28.014166,120.650833,3,48,0
155,966,60.76540131,8.792804201,27.90066,120.82456,27.918388,120.823666,6,47,0
748,2875,42.99993865,-23.10943861,27.9266,120.711,27.92368,120.70347,3,288,0
958,1738,-16.69156426,-52.20944528,28.04944,120.58116,28.04081,120.57769,9,123,0
268,2620,-14.60154332,41.0283946,28.002086,120.662539,28.005401,120.667985,3,28,0
406,1791,63.66782428,20.94047145,27.89033,120.77895,27.86862,120.78313,6,129,0
124,2094,-4.678562939,-28.30472661,27.99261,120.62341,27.992,120.60987,8,120,0
178,2499,-26.00880916,5.263833666,28.01444,120.65108,28.01676,120.64573,3,31,0
331,1164,-59.92692326,5.804512952,28.03958,120.62042,28.04057,120.64705,7,177,0
19,2373,-2.833302631,8.728214655,27.98443,120.66958,27.99672,120.65264,-1,24,0
162,2559,-32.61299695,18.09906496,28.014918,120.647761,28.01104,120.64986,3,10,0
2173,2469,10.79260793,69.28658275,28.01765,120.74361,28.00923,120.72917,7,131,0
2304,2816,-57.70280808,-14.90547671,28.04617,120.63678,28.04411,120.63996,7,783,0
758,780,-2.360312321,33.52792108,27.99542,120.68153,28.01006,120.68043,4,42,0
408,691,-38.59537861,-5.851169875,28.05042,120.6339,28.05782,120.58736,-1,9,0
15,1944,-2.114944517,-45.86917759,27.97664,120.63227,27.97112,120.57378,8,0,0
179,1061,36.89163206,-18.58506822,27.92748,120.69689,27.92415,120.70545,3,71,0
461,945,67.22858041,12.81026083,27.8974,120.81737,27.87922,120.78748,6,59,0
197,2385,-2.221400819,20.26654675,27.99572,120.67266,27.998,120.672205,4,31,0
2224,2353,15.54628652,13.52073067,27.98445,120.67253,27.973777,120.682079,-1,40,0
2305,2326,34.28429789,30.00416719,27.98543,120.73922,27.97597,120.7509,10,37,0
76,1445,29.48833604,49.71802252,27.99619,120.71034,27.99263,120.7145,7,462,0
1767,1871,8.09304131,-16.70029752,27.97914,120.65482,27.96874,120.65488,5,288,0
819,1557,67.89156068,0.662592219,27.91736,120.79806,27.90165,120.81193,6,102,0
1402,2762,-23.36851167,44.45945084,28.014576,120.681581,28.01919,120.67036,3,168,0
2465,2863,37.36099835,-49.02651252,27.88796,120.64935,27.888,120.649,3,164,0
373,666,-33.95913754,-52.32961697,28.09339,120.55599,28.07352,120.58467,9,33,0
302,708,32.54621307,-23.44981429,27.9241,120.70277,27.9343,120.7072,3,31,0
660,2236,-1.570723984,20.99609722,27.99791,120.66801,27.9946,120.674,-1,34,0
1549,2169,17.58172526,28.96898511,27.98966,120.70619,28.002851,120.698951,7,11,0
724,1837,-5.632392826,-18.26325839,27.99279,120.64931,27.98603,120.63754,-1,288,0
1295,1863,30.74344813,-47.96596564,27.87791,120.67133,27.8606,120.69133,3,9,0
1126,2739,43.34160133,11.94805179,28.00232,120.79736,27.9972,120.775,10,93,0
1837,1994,2.595172701,-16.28707412,27.98603,120.63754,27.992378,120.669665,-1,23,0
76,2881,24.35030405,52.34676338,27.99619,120.71034,28.00606,120.714808,7,116,0
40,801,31.76398323,-51.91766933,27.85902,120.65677,27.87582,120.66951,3,658,0
424,915,-22.2615792,36.30926135,28.025412,120.669507,28.024778,120.671965,3,146,0
2224,2928,1.870107515,20.28861651,27.98445,120.67253,27.99271,120.68075,4,59,0
1860,2190,11.63531014,11.28646451,27.97729,120.68651,27.98235,120.67423,-1,4,0
68,2746,-36.80010495,-24.50879466,28.02467,120.61708,28.03863,120.61579,-1,0,0
1055,2028,54.70471278,8.22483418,27.89321,120.79688,27.92122,120.80887,6,25,0
1218,2496,61.36456708,-6.997036523,27.91539,120.8198,27.94412,120.76969,-1,179,0
427,844,-14.5339877,50.90016414,28.005808,120.669146,28.00813,120.67287,3,518,0
2432,2549,-0.994439275,-44.24298099,27.99839,120.59856,27.98841,120.58255,8,2,0
1511,2882,40.77850447,23.44278995,27.97302,120.73654,27.970769,120.742755,10,209,0
865,1900,-40.87781313,-44.57853703,28.0464,120.604,28.06605,120.58485,-1,411,0
375,1622,4.853191664,27.12737478,28.00026,120.68107,28.00126,120.6875,4,0,0
1651,1895,17.38754325,-4.712635234,27.97707,120.74717,27.96905,120.70307,10,7,0
741,859,21.08726165,-17.16687179,27.95095,120.65688,27.95386,120.68203,5,12,0
2087,2622,-41.08072962,-11.79619967,28.02363,120.66164,28.0547,120.64565,-1,14,0
2028,2033,65.23680989,-8.757438796,27.92122,120.80887,27.9196,120.81824,6,281,0
133,828,26.23870071,-3.031534009,27.9535,120.69621,27.96168,120.677789,5,73,0
331,2515,-39.29970299,-23.98051002,28.03958,120.62042,28.06853,120.60201,-1,68,0
703,2541,2.015675357,-51.49151116,27.99417,120.59982,27.99417,120.59987,8,43691,0
678,2816,-42.55625292,-16.11692169,28.04554,120.65654,28.04411,120.63996,7,94,0
189,2099,0.972812336,47.41625032,27.98396,120.69007,27.99084,120.68506,4,241,0
2142,2282,19.62834018,25.47148872,27.98684,120.71242,27.99125,120.69051,-1,0,0
677,1500,-57.03288962,-30.67948106,28.040628,120.619569,28.05006,120.62061,7,1926,0
761,1385,-56.90747786,-2.201394573,28.02569,120.64175,28.05153,120.62762,7,15,0
746,2123,27.74907108,-17.61826437,27.94545,120.66986,27.92383,120.67387,-1,2,0
362,1736,-23.89019185,-18.00854347,28.01738,120.60605,28.029592,120.6244,-1,13,0
387,2938,-12.31618742,-35.21932865,28.0246,120.58292,28.02158,120.59654,-1,150,0
895,1068,33.39278344,15.21876636,28.03688,120.73858,28.04759,120.69334,7,0,0
2053,2542,-25.20845316,-12.85151643,28.01003,120.63016,28.01903,120.61189,-1,6,0
1386,2596,1.648162189,25.47599772,27.98557,120.68544,27.99589,120.68364,4,21,0
1511,2937,42.98814777,34.38742998,27.97302,120.73654,27.97398,120.7324,10,3234,0
1005,1259,-34.68536319,30.18077614,28.00628,120.65332,28.00517,120.6494,3,343,0
58,1052,37.78544479,31.74491433,27.97969,120.74181,27.97486,120.72843,10,200,0
2515,2729,-41.98693104,-23.31848791,28.06853,120.60201,28.05359,120.63947,-1,41,0
866,2361,37.10249726,24.50785979,27.97155,120.73972,28.03623,120.76776,10,63,0
317,607,-32.63645707,8.139889026,28.01994,120.655,28.024021,120.649228,-1,0,0
384,2235,-46.40153859,-4.277861219,28.01405,120.63301,28.013323,120.632305,4,88,0
1089,2294,-34.24349158,11.15490172,28.02804,120.57818,28.017358,120.65303,-1,6,0
204,2531,-0.811079574,-11.08022302,27.99015,120.62566,27.99591,120.64416,-1,14,0
1316,1860,20.23476302,2.084336044,27.97332,120.71019,27.97729,120.68651,10,0,0
1535,2784,-41.58194121,-17.07807035,28.03768,120.63277,28.05184,120.61542,7,41,0
94,1342,-1.371841494,32.6349293,28.00246,120.68241,28.00491,120.67627,4,57,0
467,736,-21.59836571,39.93997015,28.012398,120.68848,28.02026,120.67933,-1,75,0
1848,2593,22.16116302,-4.742893295,27.96164,120.66747,27.96314,120.66947,5,15698,0
955,1136,-65.64929989,11.74376373,28.04133,120.65311,28.04624,120.66456,7,483,0
2111,2966,59.58020609,11.1872916,27.88503,120.79691,27.90319,120.81717,6,2,0
273,328,-57.34341422,9.544321912,28.02613,120.64691,28.05929,120.65781,7,23,0
973,2000,32.6323302,-20.94281834,27.93169,120.70193,27.92247,120.70628,3,3,0
181,623,18.0252521,-0.046562022,27.97517,120.69185,27.94373,120.68649,-1,6,0
1305,2347,67.49428353,-2.568870177,27.92668,120.81126,27.91091,120.81602,6,22,0
1795,2225,10.51812184,61.25909651,28.05247,120.66674,28.01963,120.71371,7,21,0
663,2680,6.733798499,2.741053623,27.97693,120.66377,27.97782,120.66753,5,278,0
2200,2954,-42.09964642,-14.92973365,28.03746,120.65611,28.05735,120.66573,7,6,0
254,2168,-25.03395937,-27.70625103,28.023933,120.596926,28.02265,120.60445,3,3289,0
307,2349,-24.38621274,20.92983391,28.01573,120.65876,28.01461,120.65761,3,53,0
2085,2594,-38.31391546,-50.92136909,28.04973,120.58807,28.08581,120.59066,9,72,0
2248,2624,20.56226498,2.634779052,27.97512,120.69186,27.97603,120.71773,10,9,0
633,1316,28.69439632,5.051647184,27.98491,120.70392,27.97332,120.71019,-1,9,0
1763,2779,55.30438198,4.659070024,27.92159,120.82161,27.9069,120.82629,6,0,0
1509,1625,63.78029206,-5.959246062,27.9249,120.82617,27.91671,120.81301,6,43,0
1286,2012,-33.52688014,3.539431959,28.01117,120.65006,28.02392,120.644412,3,138,0
1388,1646,-38.10498397,14.73135816,28.01822,120.64711,28.03083,120.63755,-1,6,0
755,2123,28.85153346,-17.59965491,27.928,120.698,27.92383,120.67387,3,5,0
1061,2069,36.73242759,-26.76732615,27.92415,120.70545,27.92095,120.70407,3,317,0
9,841,-26.56674805,-1.532547622,27.99378,120.6501,28.0171,120.63698,3,4,0
46,468,-42.63003427,-32.48155791,28.04917,120.61056,28.02464,120.59155,-1,0,0
795,2910,36.2508935,-44.58323336,27.91839,120.66065,27.896919,120.638597,3,147,0
706,1938,-45.29450843,27.07138971,28.01787,120.65315,28.01832,120.65141,3,427,0
113,214,-46.47247197,4.72305109,28.01211,120.63736,28.01125,120.625528,-1,197,0
27,477,15.13177196,49.75824023,28.00949,120.71444,27.994763,120.731284,7,11,0
1472,2662,2.420715689,49.38816622,27.99188,120.69412,27.9944,120.7017,4,54,0
1400,2198,-24.7124874,-12.88844666,28.01833,120.60806,28.01139,120.622331,-1,31,0
420,2930,11.7964853,60.10857031,28.019477,120.715049,28.021655,120.71483,7,145,0
994,1319,-23.49790605,11.6770975,28.01318,120.65352,28.01152,120.65068,3,27,0
866,908,40.03467579,32.43119955,27.97155,120.73972,27.971495,120.733406,10,400,0
761,803,-52.00854492,9.014306121,28.02569,120.64175,28.02715,120.65114,7,539,0
1351,1807,-60.43383544,-25.40633321,28.04387,120.63355,28.040568,120.63282,7,8991,0
60,842,66.88385899,3.172350691,27.89629,120.80392,27.90945,120.81881,6,48,0
1774,2508,8.332545658,-6.524064299,27.99094,120.65242,27.96724,120.66561,5,6,0
1233,1618,-7.883891822,-31.02790835,28.01428,120.58353,28.00977,120.60049,-1,140,0
2408,2496,39.91324933,15.47599011,27.97638,120.75557,27.94412,120.76969,10,0,0
2272,2871,45.48675376,-35.69833878,27.91974,120.69145,27.92341,120.69408,3,7181,0
667,2441,39.56131709,40.23233471,27.986198,120.732437,27.98416,120.72974,10,216,0
603,1599,12.55432724,-40.94105146,27.97164,120.62661,27.955208,120.625696,8,531,0
1865,2673,37.10070874,23.82230042,27.97506,120.73909,27.96916,120.74277,10,15,0
681,2734,32.5800107,-42.33478012,27.916503,120.651759,27.90428,120.63587,3,10,0
415,2213,-38.43508152,-9.264629608,28.01975,120.65219,28.0397,120.63304,-1,12,0
2277,2715,-1.925280096,15.01758153,27.99474,120.67188,27.99435,120.66326,4,3,0
1911,2901,31.8912072,5.158722641,27.97773,120.72673,27.97339,120.7071,10,62,0
1391,2250,27.83560436,-20.07616812,27.95467,120.69939,27.92446,120.6923,-1,28,0
1922,2057,66.17333752,21.61117208,27.85558,120.80096,27.86515,120.79611,6,64,0
246,2131,12.13376351,-5.164080798,27.95634,120.66596,27.97509,120.65593,5,31,0
684,1161,36.57685761,-47.23642666,27.88258,120.62827,27.90218,120.626462,3,489,0
468,772,-41.71424302,-32.11617331,28.02464,120.59155,28.05187,120.61117,-1,6,0
675,2123,38.19867485,-38.8269359,27.91318,120.6689,27.92383,120.67387,3,3039,0
745,1112,-45.1537486,-18.12673756,28.04541,120.65027,28.05274,120.62436,7,57,0
599,709,40.47734617,36.03351397,27.97321,120.72684,27.97153,120.73361,10,12513,0
164,2462,18.84875621,-15.06641912,27.95724,120.65969,27.93855,120.64822,5,915,0
214,1428,-25.01405412,-8.924358938,28.01125,120.625528,28.02259,120.62662,-1,14,0
1600,2000,42.4508509,-25.87911785,27.92162,120.70502,27.92247,120.70628,3,1105,0
1232,1435,-43.8346484,-18.86106983,28.04357,120.651564,28.046174,120.636789,7,152,0
2044,2456,-1.369769258,-1.279067406,28.021,120.679,28.022125,120.670739,3,11,0
668,1572,-31.14145457,-31.73606028,28.0105,120.60976,28.02693,120.60664,3,117,0
1886,2736,3.556844584,60.72499536,28.010095,120.696678,28.008768,120.696683,7,569,0
178,1958,-45.27870122,31.38774834,28.01444,120.65108,28.01842,120.65967,3,542,0
1590,1772,-18.00260868,-31.92419348,28.02239,120.59436,28.02618,120.60498,3,21,0
447,1431,21.41066949,32.80550203,27.99055,120.7118,27.9917,120.70786,7,44,0
1753,2180,9.35011761,-12.35717638,27.96526,120.65283,27.98333,120.65125,5,15,0
584,2531,-5.466985751,-12.22357555,27.99383,120.62841,27.99591,120.64416,-1,91,0
147,670,-21.73432444,-31.8225874,28.01625,120.60085,28.026927,120.60664,3,66,0
1401,2415,-45.53931299,29.89296843,28.01999,120.65209,28.02,120.655,3,183,0
2085,2888,-34.40571054,-44.19453441,28.04973,120.58807,28.05349,120.61286,-1,70,0
687,692,4.257451783,58.65242317,28.006318,120.696659,28.00622,120.6991,7,6006,0
98,1731,-7.340603873,-3.925272548,27.996306,120.644374,28.00652,120.64463,3,94,0
761,1384,-34.38497828,1.513025541,28.02569,120.64175,28.023261,120.644248,-1,61,0
1569,1860,20.47008052,7.455264189,27.984146,120.678225,27.97729,120.68651,-1,152,0
61,1790,-3.980439395,33.16185352,28.00969,120.67408,28.00243,120.67766,-1,49,0
492,2232,29.51674487,50.23187057,27.99261,120.71419,27.99607,120.71016,7,550,0
191,2331,29.08531173,-33.87366449,27.96628,120.68116,27.92645,120.67635,-1,56,0
1342,2628,-9.953317842,25.00697165,28.00491,120.67627,28.01511,120.67465,-1,10,0
415,1981,-37.34040975,-5.842242241,28.01975,120.65219,28.04382,120.61146,-1,0,0
156,552,43.38525004,23.05002753,27.965975,120.749599,27.96536,120.74141,10,100,0
26,2331,39.57066434,-43.44218807,27.91714,120.66023,27.92645,120.67635,3,1267,0
1198,1708,-23.17809011,-36.06125724,28.0332,120.591,28.02381,120.59717,-1,20,0
74,365,-8.238853422,9.38326002,28.00263,120.65852,27.98328,120.65734,-1,3,0
1202,2092,-31.2590145,-6.317827478,28.01555,120.63482,28.0195,120.63455,-1,70,0
2632,2873,18.40051186,54.8549965,28.0072,120.71529,28.000323,120.727524,7,43,0
2487,2624,36.52252321,38.43731422,27.96889,120.72583,27.97603,120.71773,10,31,0
592,2547,-35.37483963,-51.53110783,28.07596,120.58581,28.077515,120.5896,9,100,0
599,746,27.7779774,-6.311797371,27.97321,120.72684,27.94545,120.66986,-1,136,0
865,2588,-37.97417185,-36.31441843,28.0464,120.604,28.02213,120.5743,-1,11,0
2120,2715,-2.978612392,10.82729316,28.00312,120.65388,27.99435,120.66326,-1,63,0
1363,2723,64.63346873,20.14165292,27.87025,120.79516,27.856201,120.797741,6,9,0
1731,1889,-16.36384555,17.83434631,28.00652,120.64463,28.01442,120.65841,3,9,0
924,1565,-39.64579949,-16.18995388,28.03883,120.63972,28.03749,120.6251,7,0,0
422,2476,22.62258039,51.15375774,28.00525,120.70299,27.99996,120.71136,7,67,0
729,1424,-21.52145249,-30.8573761,28.02336,120.60588,28.02108,120.60101,3,160,0
1626,2834,-12.08215276,-27.47428246,28.01389,120.60169,28.00969,120.59728,3,193,0
46,1399,-47.20096511,-33.78289447,28.04917,120.61056,28.024487,120.608733,-1,56,0
554,942,29.10568918,18.91755076,28.02289,120.80151,28.021266,120.794656,2,2765,0
902,1966,-1.972705485,-38.77355797,27.99381,120.57017,27.99619,120.58337,8,79,0
1867,2224,6.520630564,16.19251142,27.9905,120.6805,27.98445,120.67253,4,0,0
855,2003,-7.910072308,51.82428597,28.001906,120.678622,28.00191,120.67862,4,8,0
683,1401,-34.34136262,7.717174857,28.02385,120.654752,28.01999,120.65209,-1,27,0
1744,1776,-19.13095968,-49.57710493,28.049438,120.581163,28.04661,120.58511,9,23,0
1999,2298,35.09153947,-14.16780024,27.91395,120.70028,27.92952,120.68107,-1,396,0
408,2888,-60.61696864,-19.9545553,28.05042,120.6339,28.05349,120.61286,7,224,0
1100,1127,-22.7432004,-7.062064979,28.00741,120.61911,28.01,120.62972,4,104,0
457,2881,14.62854534,48.13952598,28.01851,120.70462,28.00606,120.714808,7,44,0
563,678,-43.03610623,-15.80172298,28.03956,120.65442,28.04554,120.65654,7,3,0
1449,2672,4.912423664,62.72764724,28.01592,120.69364,28.02026,120.69523,7,338,0
2746,2921,-45.67638984,-21.28057264,28.03863,120.61579,28.04626,120.62812,7,0,0
1839,2519,14.17966608,45.97611225,27.97706,120.75192,27.99715,120.70087,-1,6,0
298,2871,30.70895967,-27.75787098,27.92054,120.70164,27.92341,120.69408,3,23,0
1322,2762,6.19439184,41.23610427,28.00798,120.69032,28.01919,120.67036,-1,11,0
344,584,-12.574783,-8.587779086,27.99981,120.62687,27.99383,120.62841,-1,25,0
859,2250,28.68916696,-26.74623418,27.95386,120.68203,27.92446,120.6923,-1,23,0
112,1428,-26.84662379,-7.153886973,28.01472,120.61007,28.02259,120.62662,-1,8,0
1501,2407,-47.33724701,-37.65488983,28.05557,120.61784,28.06561,120.63194,7,1022,0
1673,2263,-31.15517012,28.73748811,28.00217,120.64577,28.00726,120.65848,3,12,0
1460,1624,6.479827898,-34.41963564,27.985304,120.632788,27.971715,120.608414,8,8,0
2074,2662,14.14019209,29.65047548,27.986124,120.709577,27.9944,120.7017,-1,6,0
860,1596,-59.99051333,-0.747120445,28.03044,120.64309,28.027266,120.655901,7,74,0
2481,2715,11.25486504,2.073255954,27.97265,120.66766,27.99435,120.66326,-1,6,0
1591,2001,6.11852057,51.11370829,28.00528,120.70899,28.00031,120.69867,7,26,0
194,2444,-8.177911415,48.22635459,28.0005,120.67726,27.99277,120.67775,4,21,0
500,2881,23.05756227,53.1209093,27.99978,120.7112,28.00606,120.714808,7,1065,0
293,2323,-29.62638687,-3.734878431,28.02476,120.635142,28.02463,120.6447,-1,18,0
682,1398,-48.0978005,-25.72442454,28.0412,120.629,28.02438,120.60303,-1,14,0
1093,1883,-11.86064232,-45.08618007,28.03228,120.58055,28.02719,120.57728,9,192,0
836,1455,-33.5435799,-33.32388331,28.02242,120.60801,28.03905,120.62757,-1,3,0
247,2687,9.12809813,64.43589708,28.04031,120.70544,28.0443,120.70804,7,16,0
746,2405,24.34002457,-7.656380206,27.94545,120.66986,27.96984,120.68551,5,46,0
202,1889,-31.63652305,26.11433945,28.0087,120.65515,28.01442,120.65841,3,98,0
525,708,35.84976398,-21.47265797,27.92276,120.70713,27.9343,120.7072,3,22,0
246,1980,23.9330562,-12.75433655,27.95634,120.66596,27.9546,120.667,5,46291,0
1855,2903,11.5175727,17.46624835,27.98606,120.67631,27.98648,120.68189,4,168,0
749,2638,47.50938093,-0.689424499,27.9345,120.76993,27.92052,120.75247,10,359,0
12,2324,74.62334492,14.35711549,27.8751,120.81027,27.8722,120.8266,6,302,0
402,2333,-13.52642146,21.80797654,28.01188,120.66205,28.02407,120.66508,3,0,0
2263,2968,-20.0071807,14.73748017,28.00726,120.65848,28.02802,120.6546,-1,2,0
178,1349,-33.83667337,16.64128552,28.01444,120.65108,28.01544,120.64648,3,39,0
181,545,17.78502157,2.461661504,27.97517,120.69185,27.96676,120.65937,-1,0,0
2298,2418,36.85518981,-7.997105231,27.92952,120.68107,27.93672,120.67951,5,12191,0
628,2309,57.10813313,-2.977531942,27.92742,120.82878,27.92657,120.81725,6,21,0
727,2671,5.810521204,32.69427313,28.00933,120.69355,28.00505,120.694054,7,24,0
541,1717,10.59457705,-41.82211323,27.96193,120.60948,27.99375,120.61713,-1,6,0
1447,2755,-0.361838394,33.37194555,28.0035,120.6833,27.99953,120.68067,4,0,0
76,1950,27.56047939,50.44833665,27.99619,120.71034,27.99139,120.71952,7,333,0
1924,2274,63.06339353,13.08566126,27.86419,120.81517,27.87983,120.81482,6,104,0
19,2508,7.253922854,5.627760964,27.98443,120.66958,27.96724,120.66561,-1,79,0
331,438,-55.833998,-27.55313582,28.03958,120.62042,28.03933,120.62364,7,5711,0
1592,2818,-18.962531,-54.60571055,28.04448,120.57033,28.04104,120.58846,9,64,0
405,2061,-0.923100865,44.21308897,27.989232,120.680662,27.98839,120.68338,4,14504,0
605,949,-13.54473429,-44.99778302,28.0258,120.57913,28.042263,120.582178,9,11,0
1596,1743,-36.85353482,-11.99790034,28.027266,120.655901,28.02983,120.63357,7,6,0
461,1581,65.29752173,4.972730498,27.8974,120.81737,27.90633,120.81918,6,471,0
1394,1801,-7.397318923,38.42039659,27.99572,120.672658,27.99838,120.67269,4,110,0
64,2801,-22.12279483,16.16213466,28.01276,120.65434,28.01569,120.65545,3,46,0
432,1761,-0.6442854,26.99641145,28.00074,120.67929,27.99851,120.67952,4,80,0
1981,2888,-45.52535391,-33.30817075,28.04382,120.61146,28.05349,120.61286,7,947,0
1478,1936,-27.26071386,-3.601684533,28.02333,120.63639,28.0164,120.657,-1,12,0
1886,2157,4.633401766,61.70456912,28.010095,120.696678,28.01324,120.69695,7,1212,0
1655,1872,41.39596543,-19.49391345,27.92826,120.70156,27.92834,120.69922,3,18,0
2061,2597,3.816238205,-4.586793332,27.98839,120.68338,27.993358,120.671015,4,85,0
130,684,38.09035998,-49.42338536,27.90369,120.65562,27.88258,120.62827,3,919,0
2012,2614,-43.22032455,1.28963582,28.02392,120.644412,28.01688,120.6293,-1,0,0
1413,1782,5.511807621,50.55209349,27.995897,120.699285,27.997236,120.700653,-1,79,0
1125,2703,-2.542450731,-23.04484861,27.987701,120.628236,27.99103,120.63464,8,20,0
1133,1682,37.71963664,34.73066121,27.97533,120.72453,27.96568,120.73665,10,262,0
308,1008,-40.85989334,-45.73119401,28.07118,120.58698,28.06212,120.60705,9,124,0
1199,2424,-6.033800599,28.79120212,28.009766,120.667542,28.01008,120.67058,3,49,0
865,2379,-38.18770153,-29.73382561,28.0464,120.604,28.04982,120.6511,7,44,0
627,1608,-68.67209829,8.858622882,28.0494,120.66193,28.0453,120.65749,7,12002,0
1027,1533,-38.06756112,-55.4373738,28.08394,120.58605,28.06943,120.56735,9,370,0
385,457,9.22072237,46.83188375,28.00125,120.72481,28.01851,120.70462,7,23,0
46,234,-45.86206981,-5.428651002,28.04917,120.61056,28.01828,120.62547,-1,26,0
59,2500,54.20832006,6.931913258,27.90238,120.80278,27.9127,120.77824,6,90,0
668,2198,-24.98056727,-8.363636578,28.0105,120.60976,28.01139,120.622331,-1,19,0
1194,1895,27.93733374,-4.099857856,27.9573,120.67705,27.96905,120.70307,-1,665,0
246,741,21.00167298,-14.29509807,27.95634,120.66596,27.95095,120.65688,5,673,0
541,647,11.33259265,-38.78637013,27.96193,120.60948,27.9749,120.63133,-1,2,0
448,1159,-27.5281086,-34.90262076,28.024644,120.599644,28.02791,120.59925,3,8385,0
1522,1911,37.91775118,39.63802031,27.987423,120.723357,27.97773,120.72673,-1,56,0
335,2022,19.30517065,-15.5139067,27.93483,120.66784,27.94096,120.64958,5,148,0
799,2314,61.13220164,-4.32727651,27.93368,120.81563,27.93059,120.81358,6,128,0
2087,2717,-52.53664827,19.80935918,28.02363,120.66164,28.024111,120.656361,3,1093,0
427,1104,-2.623752114,25.67056932,28.005808,120.669146,27.99923,120.67458,-1,34,0
359,2415,-21.10859326,17.27478984,28.0113,120.6614,28.02,120.655,3,28,0
675,2465,32.83760515,-45.27758443,27.91318,120.6689,27.88796,120.64935,3,49,0
913,2415,-29.45332337,26.70648186,28.01042,120.65885,28.02,120.655,3,0,0
1572,1708,-27.91257343,-32.82473133,28.02693,120.60664,28.02381,120.59717,3,658,0
2263,2682,-30.67701303,31.97815646,28.00726,120.65848,27.99605,120.64769,3,25,0
224,2804,-11.25155275,26.02170316,28.01492,120.66976,28.02126,120.68452,-1,79,0
1161,1239,35.47886543,-49.48866274,27.90218,120.626462,27.87124,120.64996,3,121,0
312,1753,21.84716684,-7.350172659,27.97483,120.67456,27.96526,120.65283,5,54,0
353,2146,-45.52267433,-39.66787906,28.04744,120.60876,28.051431,120.600469,7,1185,0
331,779,-35.99734062,-37.42296154,28.03958,120.62042,28.03387,120.594038,-1,48,0
832,2650,-64.75193667,13.38113883,28.05231,120.68005,28.024386,120.675309,-1,56,0
1188,2829,28.21503157,17.334719,28.02612,120.795888,28.02612,120.79589,2,730,0
2,2198,-12.05026688,-6.76173578,28.00506,120.63866,28.01139,120.622331,-1,0,0
3,1967,-21.32381306,-46.48937159,28.03927,120.5877,28.0348,120.58833,9,22,0
1178,1321,1.362447058,53.8372144,27.99689,120.69531,27.99863,120.68954,4,1556,0
1027,2048,-38.3953135,-55.97392549,28.08394,120.58605,28.07875,120.58356,9,2416,0
1668,2288,11.49779776,59.50364413,28.014884,120.718151,28.014173,120.713536,7,5,0
440,1238,-5.719903107,0.841773211,28.00029,120.64716,28.00439,120.65275,3,4,0
442,1218,61.29839176,-7.732900574,27.92124,120.83163,27.91539,120.8198,6,278,0
2169,2619,2.383226496,54.45991148,28.002851,120.698951,27.992814,120.696225,-1,10,0
954,2424,-29.98870785,42.09065908,28.018214,120.672196,28.01008,120.67058,3,105,0
1620,1804,-15.8998942,-16.46845365,28.01578,120.62194,28.00502,120.61628,4,46,0
2087,2792,-25.50036921,37.69171509,28.02363,120.66164,28.02302,120.66759,3,403,0
633,2241,24.81635873,42.91974951,27.98491,120.70392,27.98751,120.72346,-1,12,0
188,2788,13.95544767,-22.52924182,27.97988,120.63103,27.96243,120.65546,-1,77,0
2816,2860,-45.7276921,-13.20973293,28.04411,120.63996,28.0702,120.62208,-1,20,0
1082,1347,-41.72072508,29.47888187,28.016688,120.655528,28.01058,120.65406,3,139,0
2103,2420,7.031009786,-49.28312088,27.98211,120.59701,27.98362,120.61785,8,150,0
15,1054,-5.383703302,-12.82027494,27.97664,120.63227,27.99918,120.641648,-1,0,0
656,1901,-2.18838363,-39.78241035,27.96161,120.59217,28.00515,120.56955,-1,23,0
52,1544,69.63695939,-9.895253627,27.93816,120.80145,27.94688,120.81569,6,443,0
1051,1098,-43.43337193,-33.64437422,28.04252,120.60963,28.0475,120.62333,7,41,0
677,2379,-34.97595521,-21.53167874,28.040628,120.619569,28.04982,120.6511,7,38,0
828,1109,12.54209737,-1.150724492,27.96168,120.677789,27.97174,120.6766,5,9,0
2142,2901,33.01009306,45.58532527,27.98684,120.71242,27.97339,120.7071,-1,13,0
1770,2531,-13.2890621,0.880575151,27.9963,120.64532,27.99591,120.64416,3,10,0
264,2258,-25.8553803,20.89693615,28.01535,120.66232,28.01658,120.65764,3,60,0
863,2347,67.94715909,-1.265721819,27.91319,120.81612,27.91091,120.81602,6,127,0
936,1492,-54.632027,-0.467276935,28.02145,120.63334,28.02508,120.63816,-1,190,0
379,2625,72.52772689,14.14129299,27.87831,120.82092,27.89938,120.82864,6,82,0
73,2198,-46.89680814,-5.05907487,28.01003,120.63314,28.01139,120.622331,-1,64,0
1334,1592,-17.12733133,-52.43598754,28.0392,120.566,28.04448,120.57033,9,12,0
287,1916,-3.894718178,-23.51864027,27.986822,120.630326,27.988443,120.627578,8,678,0
243,2942,-13.70633502,2.277860617,28.000291,120.647161,27.99994,120.64617,3,128,0
1589,2124,11.39371915,68.63802865,28.02956,120.75507,28.0048,120.764,-1,277,0
987,1342,-6.404007448,19.2869902,28.00626,120.66415,28.00491,120.67627,-1,68,0
298,2272,42.56472109,-33.85168257,27.92054,120.70164,27.91974,120.69145,3,644,0
217,734,-19.5860168,-22.01758584,28.01578,120.59444,28.01097,120.60609,3,55,0
1483,2265,21.94639571,30.06216748,27.9897,120.71206,27.99418,120.70931,7,71,0
1025,2149,2.148249459,48.68696722,27.992,120.69598,27.98472,120.69611,4,53,0
761,2087,-29.7285851,-0.340857807,28.02569,120.64175,28.02363,120.66164,-1,20,0
1092,1206,15.40498426,-16.61799266,27.96187,120.66042,27.95921,120.65553,5,1240,0
220,604,-4.849138845,-36.09699809,27.9974,120.58543,28.015777,120.594444,-1,2,0
1230,2614,-26.71897976,-9.815749359,28.02816,120.65689,28.01688,120.6293,-1,4,0
1699,2593,15.87196838,9.668203759,27.97659,120.67899,27.96314,120.66947,5,46,0
45,264,-17.57160143,19.98775113,28.019513,120.658462,28.01535,120.66232,3,0,0
1,482,47.94788955,18.81270795,27.97014,120.75603,27.97359,120.74776,10,2329,0
691,1999,29.65917574,-16.37772641,28.05782,120.58736,27.91395,120.70028,-1,0,0
5,27,12.63207877,44.9435513,28.05615,120.67115,28.00949,120.71444,7,14,0
1398,1807,-47.96880619,-25.82479568,28.02438,120.60303,28.040568,120.63282,-1,49,0
2298,2698,36.6913899,-38.39591672,27.92952,120.68107,27.929541,120.681063,5,1969,0
172,408,-37.70253227,-22.0241549,28.0428,120.62069,28.05042,120.6339,7,9,0
391,1415,-47.84428408,8.08455913,28.02273,120.64301,28.01447,120.64201,3,42,0
415,1620,-29.61039771,7.202082109,28.01975,120.65219,28.01578,120.62194,-1,0,0
1392,1839,37.36250462,14.12408455,28.00462,120.76392,27.97706,120.75192,10,6,0
2703,2788,-0.38910745,-12.3855112,27.99103,120.63464,27.96243,120.65546,-1,0,0
482,2864,45.6217822,21.66238717,27.97359,120.74776,27.9665,120.76112,10,118,0
1101,1126,34.90125882,13.05196822,28.008865,120.778256,28.00232,120.79736,-1,40,0
295,1830,-12.61788244,-47.90098981,28.02333,120.57606,28.0362,120.58118,9,18,0
375,2010,3.127701522,26.08262596,28.00026,120.68107,27.99742,120.68104,4,37,0
1628,1926,-8.825050127,32.71335193,28.01497,120.68572,28.01239,120.67322,-1,70,0
756,951,63.58414285,3.730723305,27.90472,120.82388,27.90882,120.83189,6,463,0
1670,2011,-16.18598165,-5.706343344,28.00788,120.63732,28.00664,120.63592,3,173,0
2614,2733,-49.88035947,-5.120431734,28.01688,120.6293,28.019524,120.631948,-1,973,0
1505,2930,11.0989266,44.22633839,28.02211,120.70716,28.021655,120.71483,7,8,0
968,2153,29.99588447,-30.18184617,27.92497,120.69109,27.91643,120.68875,3,59,0
1557,1722,56.02582141,7.632779617,27.90165,120.81193,27.87744,120.7991,6,59,0
841,1796,-36.58984184,-11.13802065,28.0171,120.63698,28.04071,120.63988,-1,7,0
1386,2788,20.20063856,4.844786648,27.98557,120.68544,27.96243,120.65546,-1,2,0
1099,2033,64.51773978,-4.542595259,27.92578,120.79581,27.9196,120.81824,6,18,0
952,2342,44.65091933,17.22365825,27.97169,120.76145,27.96902,120.74658,10,145,0
1378,2360,43.63539308,29.63029356,27.9833,120.74401,27.97589,120.75072,10,75,0
11,477,38.74637805,45.71799627,27.99544,120.72251,27.994763,120.731284,7,386,0
1111,1455,-36.88939215,-8.265720379,28.02502,120.63963,28.03905,120.62757,7,4,0
1511,1942,40.98181845,26.96688487,27.97302,120.73654,27.97292,120.74185,10,68,0
2096,2549,7.747020004,-35.3247577,27.97745,120.61375,27.98841,120.58255,8,12,0
1351,1560,-36.05049667,-30.11789678,28.04387,120.63355,28.034241,120.588717,-1,12,0
619,1506,-15.15327399,18.45497478,28.01319,120.65921,28.02799,120.66168,-1,19,0
1258,1347,-34.23406823,27.73147257,28.011,120.654,28.01058,120.65406,3,162,0
870,2007,45.15582635,12.50138726,27.99111,120.78113,27.99715,120.77526,10,2471,0
646,1963,-62.87488514,17.63675274,28.02101,120.67872,28.050194,120.692298,-1,27,0
1483,1982,30.99571181,45.79692589,27.9897,120.71206,27.98851,120.70899,7,721,0
1572,2816,-35.41614089,-25.59753969,28.02693,120.60664,28.04411,120.63996,-1,31,0
365,1516,4.336785633,3.945704282,27.98328,120.65734,27.98422,120.6593,4,427,0
1982,2107,20.72943114,32.04602706,27.98851,120.70899,27.99097,120.70922,7,128,0
307,1803,-23.08130283,23.22028448,28.01573,120.65876,28.01235,120.66512,3,61,0
1998,2965,-4.225129015,-28.45254773,27.987217,120.623164,27.991469,120.622368,8,1164,0
1338,2137,-44.60902097,-18.17384143,28.056963,120.625239,28.04852,120.65349,7,81,0
1272,2441,33.38604715,30.34132599,27.98589,120.73098,27.98416,120.72974,10,5,0
1020,1782,7.596460027,56.21808757,28.00029,120.70357,27.997236,120.700653,7,4719,0
940,2632,20.26862359,50.31802405,28.00288,120.71024,28.0072,120.71529,7,47,0
1298,1650,-52.06192886,-5.274436417,28.01943,120.636564,28.020022,120.631375,-1,765,0
954,1244,-16.97769457,24.86974609,28.018214,120.672196,28.00503,120.67134,3,16,0
380,1619,36.21417982,-36.77514025,27.92086,120.68299,27.920381,120.683202,3,15,0
706,2415,-40.09826238,15.14220604,28.01787,120.65315,28.02,120.655,3,87,0
166,966,53.93069883,-3.950491998,27.93672,120.83867,27.918388,120.823666,6,69,0
522,1276,12.91714301,-34.66719866,27.95536,120.60011,28.00066,120.58221,-1,89,0
108,1704,0.875602667,-38.93261606,27.98228,120.5774,27.97611,120.56109,8,58,0
620,2567,-0.534921366,4.187155538,27.99255,120.65651,27.992138,120.656444,4,260,0
259,408,-40.3757374,-2.142655468,28.05022,120.66531,28.05042,120.6339,7,55,0
365,545,7.993734571,1.132629668,27.98328,120.65734,27.96676,120.65937,-1,46,0
490,1624,6.272021917,-26.72165076,28.00307,120.6298,27.971715,120.608414,-1,4,0
561,2294,-33.81122171,2.702040317,28.02374,120.641626,28.017358,120.65303,3,122,0
2433,2914,-26.19673076,35.88721411,28.02202,120.66394,28.01922,120.64427,3,144,0
508,2816,-44.071836,-12.196553,28.04337,120.65572,28.04411,120.63996,7,50,0
2209,2793,44.4384349,3.216128922,27.96734,120.67106,27.96841,120.73048,-1,2,0
347,2508,26.96890705,27.90665445,27.98785,120.71681,27.96724,120.66561,-1,19,0
285,2187,58.50398529,9.681012628,27.90175,120.80936,27.89058,120.80958,6,34,0
152,2309,56.57240653,4.577212096,27.91139,120.82389,27.92657,120.81725,6,62,0
2180,2373,-1.330442017,2.38595905,27.98333,120.65125,27.99672,120.65264,-1,500,0
1145,1347,-21.81794812,7.273054831,28.024208,120.653538,28.01058,120.65406,-1,0,0
446,631,-1.471244001,-45.19565386,27.98581,120.61459,27.98274,120.56357,8,0,0
440,726,-11.23384348,-0.147642608,28.00029,120.64716,28.00074,120.64324,3,4,0
1448,1911,22.40392856,39.06243113,27.99567,120.715,27.97773,120.72673,-1,11,0
2131,2227,6.383518137,4.562175119,27.97509,120.65593,27.98375,120.66578,-1,269,0
1339,1789,-37.93639649,-50.84783791,28.10607,120.63485,28.09369,120.58816,9,9,0
2456,2792,-24.97605175,39.33075015,28.022125,120.670739,28.02302,120.66759,3,2127,0
1774,1998,1.354876699,-24.53349555,27.99094,120.65242,27.987217,120.623164,-1,16,0
643,2208,-64.09193558,8.555322111,28.04355,120.65147,28.047396,120.656783,7,209,0
2156,2175,-22.02687761,-36.26332489,28.02454,120.591434,28.025465,120.585303,-1,0,0
759,2154,44.2976559,23.77693983,27.97238,120.74249,27.96748,120.75293,10,274,0
512,2593,12.91098446,-14.89021182,27.96138,120.66311,27.96314,120.66947,5,56,0
136,1176,-19.76110784,8.015114088,28.01434,120.65091,28.01711,120.65265,3,2,0
1089,2161,-10.16051534,-43.86795603,28.02804,120.57818,28.022133,120.574298,9,279,0
1656,1767,33.05116271,-3.10319403,27.94263,120.73736,27.97914,120.65482,-1,0,0
599,2300,30.02161723,24.73802865,27.97321,120.72684,27.99832,120.72424,-1,35,0
916,2122,-17.68255447,14.36649339,28.01381,120.65692,28.01469,120.65426,3,3,0
72,1021,12.45046983,-43.76897937,27.97367,120.59704,27.96668,120.62461,8,78,0
1830,2764,-16.90107259,-49.41594512,28.0362,120.58118,28.044142,120.567394,9,25,0
1823,2085,-20.69076213,-57.45158001,28.037123,120.578514,28.04973,120.58807,9,200,0
2009,2407,-59.30099353,-16.01058323,28.04976,120.647462,28.06561,120.63194,7,199,0
1486,1718,16.19424703,47.90570868,28.008255,120.719639,28.001831,120.717278,7,46,0
818,1187,17.52270811,-13.82783177,27.94749,120.64401,27.96331,120.66311,5,113,0
539,2136,-29.72859083,16.12551547,28.01516,120.65303,28.01201,120.65481,3,88,0
1587,1731,-14.94661756,-2.737675794,28.00917,120.64028,28.00652,120.64463,3,385,0
1218,1305,66.76028653,-6.231779269,27.91539,120.8198,27.92668,120.81126,6,255,0
727,2232,11.93574028,33.13194465,28.00933,120.69355,27.99607,120.71016,7,23,0
306,2250,27.46986175,-19.83204054,27.93177,120.67802,27.92446,120.6923,-1,23,0
1474,1823,-12.2970662,-50.81916349,28.02436,120.58545,28.037123,120.578514,9,26,0
660,1977,-0.302740241,21.32992794,27.99791,120.66801,27.99753,120.67522,-1,16,0
370,2418,15.54051229,-11.55022183,27.95455,120.65292,27.93672,120.67951,5,150,0
66,865,-42.65347077,-34.8667089,28.0485,120.6088,28.0464,120.604,7,327,0
553,2129,-6.169028019,9.96208583,27.999,120.66,27.98951,120.64774,-1,7,0
2189,2745,-29.60081627,-9.422104454,28.01722,120.63141,28.02921,120.62987,-1,53,0
224,1548,-22.70103155,27.00292561,28.01492,120.66976,28.01442,120.66161,3,53,0
1172,1289,-20.51022166,11.32743481,28.00805,120.65442,28.0114,120.65314,3,80,0
1022,1542,21.31956536,43.70510114,27.99539,120.7173,27.99711,120.71331,7,209,0
221,2173,35.56014013,15.55988235,28.00742,120.71768,28.01765,120.74361,7,21,0
578,2398,37.12193486,-37.01096777,27.91219,120.68358,27.923249,120.687804,3,66,0
864,2695,-11.64127209,-59.60808907,28.03948,120.56891,28.04015,120.57308,9,592,0
12,2128,76.22644552,8.587683985,27.8751,120.81027,27.8883,120.80901,6,3840,0
803,2650,-50.86995752,14.08671065,28.02715,120.65114,28.024386,120.675309,-1,20,0
1947,2928,-2.267863822,40.79326996,27.98803,120.67876,27.99271,120.68075,4,92,0
949,2938,-17.98193516,-46.75788798,28.042263,120.582178,28.02158,120.59654,-1,37,0
1123,1141,29.15556694,-41.64907603,27.96552,120.64757,27.933084,120.674452,5,99,0
369,2222,56.93590996,-2.615309697,27.9277,120.83323,27.92255,120.8311,6,129,0
1022,2279,19.21973544,37.54615101,27.99539,120.7173,27.98388,120.70501,-1,4,0
828,850,2.120564101,19.01024435,27.96168,120.677789,27.99186,120.67498,-1,40,0
1999,2123,39.87310619,-38.47151435,27.91395,120.70028,27.92383,120.67387,3,695,0
1308,2793,5.810650219,24.72361693,27.98404,120.68203,27.96841,120.73048,-1,0,0
1731,2263,-35.7982604,31.65480601,28.00652,120.64463,28.00726,120.65848,3,156,0
918,2215,-35.09679036,19.88553559,28.0129,120.64233,28.01028,120.64503,3,19,0
607,2581,-36.63368212,12.41249134,28.024021,120.649228,28.020019,120.648575,-1,23,0
111,454,10.38538825,-8.710262406,27.95612,120.65155,27.98,120.66708,5,2,0
415,916,-41.90465962,32.29770153,28.01975,120.65219,28.01381,120.65692,3,776,0
605,1094,-11.10214257,-41.39873063,28.0258,120.57913,28.01845,120.59962,-1,14,0
974,1457,20.46104855,43.69500322,27.999273,120.72067,27.99566,120.715,7,10,0
259,1605,-36.16781364,-1.665757264,28.05022,120.66531,28.01353,120.6398,-1,11,0
318,437,8.186000702,-9.022478944,27.97271,120.64743,27.98847,120.666286,-1,4,0
763,907,30.75074473,27.85359643,27.97775,120.74248,27.9842,120.72674,-1,22,0
1386,2214,24.10907761,2.894899036,27.98557,120.68544,27.9598,120.68203,-1,105,0
15,1624,7.815189002,-37.01844842,27.97664,120.63227,27.971715,120.608414,8,24,0
1189,1338,-53.06865628,-32.66818463,28.04554,120.61485,28.056963,120.625239,7,36,0
1223,1956,31.01829546,4.186249697,27.960593,120.741204,27.96946,120.72066,10,0,0
1995,2103,9.320300119,-52.13384266,27.98625,120.5825,27.98211,120.59701,8,266,0
861,2131,6.87552398,-14.56466499,27.97392,120.65352,27.97509,120.65593,5,578,0
1863,2380,30.09157485,-47.46746156,27.8606,120.69133,27.87032,120.66347,3,196,0
213,1033,-18.50874517,-8.893376761,28.01009,120.63564,28.007951,120.626328,-1,250,0
123,1138,-37.74082101,-47.12313857,28.08948,120.58851,28.05708,120.58299,9,2,0
97,1506,-23.06212016,35.85658388,28.02629,120.6698,28.02799,120.66168,-1,146,0
1053,1439,28.01678422,51.56754822,27.99068,120.7167,28.005515,120.719495,7,65,0
1394,1758,0.606270158,23.46260015,27.99572,120.672658,27.99447,120.68038,4,32,0
1698,1767,5.108159466,-13.21577007,27.95861,120.665556,27.97914,120.65482,5,84,0
213,1689,-45.90478271,4.632559272,28.01009,120.63564,28.02095,120.64389,3,180,0
660,1991,-5.664513607,17.04850237,27.99791,120.66801,28.00104,120.67237,3,78,0
1522,2663,34.20135636,35.67831438,27.987423,120.723357,27.99627,120.72691,7,185,0
1680,2131,9.53533724,-0.595283632,27.96413,120.67139,27.97509,120.65593,5,69,0
224,1152,-30.25219669,20.16087722,28.01492,120.66976,28.013647,120.656985,3,64,0
1167,2642,-39.39370597,-10.07581779,28.03274,120.64129,28.03965,120.64593,7,10,0
438,2576,-49.21411764,-23.50486449,28.03933,120.62364,28.02963,120.5999,-1,0,0
217,1626,-20.20476631,-24.84172672,28.01578,120.59444,28.01389,120.60169,3,304,0
1869,2153,33.46830816,-45.1855492,27.89644,120.63496,27.91643,120.68875,3,4,0
1095,1844,41.71349962,-19.76832689,27.92474,120.70282,27.92562,120.70294,3,35,0
1362,2570,73.39825216,4.593936349,27.89369,120.80917,27.8882,120.80334,6,558,0
204,2790,2.930224608,-30.19215626,27.99015,120.62566,27.99273,120.60679,8,4,0
966,2064,59.3424809,8.092392727,27.918388,120.823666,27.889525,120.804362,6,39,0
1412,2005,35.98014882,-29.47023323,27.92129,120.70489,27.92325,120.6878,3,59,0
912,1308,17.41239533,20.96274866,27.98324,120.72334,27.98404,120.68203,-1,61,0
959,1103,-9.19218651,9.689297631,28.009115,120.657413,27.97694,120.62826,-1,16,0
323,2068,16.07379367,41.68709371,28.00586,120.70905,28.007198,120.706364,7,58,0
2127,2508,5.289702349,-0.192404849,27.98869,120.6726,27.96724,120.66561,-1,12,0
615,1799,-4.725452934,44.65991808,27.99109,120.67677,27.99461,120.68409,4,501,0
371,2028,53.25242103,0.493458048,27.93031,120.80753,27.92122,120.80887,6,86,0
1454,1706,43.64429395,-27.36260292,27.92271,120.7068,27.9208,120.70586,3,7871,0
397,631,10.39006018,-58.0903357,27.98278,120.56366,27.98274,120.56357,8,16818,0
1981,2926,-52.8138379,-31.77097906,28.04382,120.61146,28.04361,120.61806,7,238,0
317,1173,-21.61749023,15.66229532,28.01994,120.655,28.01246,120.65751,3,50,0
438,2745,-39.35899673,-20.22696231,28.03933,120.62364,28.02921,120.62987,7,8,0
582,1297,67.87240529,16.34542476,27.86958,120.81319,27.87104,120.82114,6,115,0
64,619,-21.8940812,18.38859926,28.01276,120.65434,28.01319,120.65921,3,18,0
2564,2624,33.13664761,4.109647932,27.96169,120.70433,27.97603,120.71773,10,665,0
237,949,-24.97771519,-51.21215618,28.023421,120.592786,28.042263,120.582178,-1,280,0
4,1944,-0.122293669,-47.98777839,27.98663,120.61963,27.97112,120.57378,8,0,0
619,2919,-26.87686829,25.9903406,28.01319,120.65921,28.01102,120.66047,3,112,0
53,466,3.517859606,-6.075686983,27.98833,120.64222,27.993,120.6404,8,82,0
1794,2297,37.38594542,-13.95387201,27.94302,120.67619,27.92659,120.71116,-1,69,0
955,2914,-34.67764932,4.427825372,28.04133,120.65311,28.01922,120.64427,-1,14,0
467,1777,8.693860111,31.27100417,28.012398,120.68848,28.00536,120.69345,7,0,0
422,2373,-5.651654172,10.01802242,28.00525,120.70299,27.99672,120.65264,-1,0,0
1624,1944,7.415832893,-34.47084211,27.971715,120.608414,27.97112,120.57378,8,13,0
347,943,35.36192628,45.60310874,27.98785,120.71681,27.98369,120.71502,7,18817,0
389,2542,-24.35867368,-18.82715408,28.01058,120.62116,28.01903,120.61189,-1,73,0
748,2237,47.201137,-22.37295109,27.9266,120.711,27.92797,120.69797,3,890,0
246,1680,23.54672717,-5.575782142,27.95634,120.66596,27.96413,120.67139,5,1104,0
935,2364,17.41310429,9.804209511,27.97987,120.68111,27.97792,120.68304,-1,319,0
1680,2366,16.08512229,9.378448044,27.96413,120.67139,27.97973,120.67677,5,86,0
986,1789,-38.30525247,-53.55345369,28.077531,120.587363,28.09369,120.58816,9,204,0
2351,2539,15.30648502,-27.14723686,27.95215,120.60432,27.97231,120.62724,-1,25,0
773,1947,-5.577439087,42.74046321,27.989406,120.673557,27.98803,120.67876,4,798,0
1008,1981,-44.95561482,-37.61583796,28.06212,120.60705,28.04382,120.61146,-1,418,0
1689,2801,-33.3100282,15.58821976,28.02095,120.64389,28.01569,120.65545,3,31,0
562,1999,33.56894912,-24.52629063,27.92439,120.70333,27.91395,120.70028,3,33,0
1,283,34.76281674,20.25226242,27.97014,120.75603,27.98338,120.744,10,2,0
955,2415,-36.49796254,6.082125235,28.04133,120.65311,28.02,120.655,-1,4,0
331,1899,-43.75136987,-37.59060259,28.03958,120.62042,28.06248,120.60338,-1,346,0
408,1351,-60.8323452,-21.79607874,28.05042,120.6339,28.04387,120.63355,7,11499,0
1284,2479,38.76198743,-1.705901766,27.94439,120.71319,27.95756,120.72822,10,8531,0
1107,2254,60.42618755,-0.471738739,27.917248,120.816344,27.923401,120.816621,6,52,0
1947,2819,7.650577036,16.66180824,27.98803,120.67876,27.98575,120.68281,4,25,0
1830,2085,-14.77322372,-53.48772376,28.0362,120.58118,28.04973,120.58807,9,36,0
409,1786,45.72823376,2.385021789,27.95855,120.75661,27.93645,120.80794,-1,84,0
11,2425,21.97690988,58.42156832,27.99544,120.72251,28.001305,120.717516,7,354,0
73,113,-46.70799266,5.892080647,28.01003,120.63314,28.01211,120.63736,3,298,0
133,599,28.86947834,-4.426179495,27.9535,120.69621,27.97321,120.72684,-1,107,0
675,775,36.45078794,-43.35348257,27.91318,120.6689,27.9189,120.64478,3,50,0
619,916,-41.30005807,34.76830884,28.01319,120.65921,28.01381,120.65692,3,3539,0
1439,2959,22.71909494,45.19527773,28.005515,120.719495,27.996193,120.708797,7,24,0
751,1913,-28.04503052,-29.34801775,28.02449,120.61195,28.02588,120.60418,3,512,0
384,576,-30.6066667,-6.280368105,28.01405,120.63301,28.02002,120.63138,-1,9,0
697,1895,31.03868478,-25.40294946,27.92414,120.70279,27.96905,120.70307,-1,3,0
1133,1496,20.05262225,23.21986668,27.97533,120.72453,27.97767,120.70127,-1,77,0
1092,2089,10.22751555,-14.64510699,27.96187,120.66042,27.970224,120.651685,5,146,0
666,2048,-35.43060168,-56.11585114,28.07352,120.58467,28.07875,120.58356,9,18389,0
367,1006,1.721640798,-53.90956685,27.99233,120.60381,27.99467,120.56692,8,64,0
254,1169,-16.1698147,-30.19476956,28.023933,120.596926,28.01606,120.6036,3,207,0
828,2307,24.94390313,-3.908308591,27.96168,120.677789,27.957377,120.682574,5,481,0
309,2351,21.08828196,-43.01476733,27.95804,120.59516,27.95215,120.60432,10,388,0
19,1386,14.95655107,17.48102609,27.98443,120.66958,27.98557,120.68544,4,462,0
387,1830,-11.99579762,-48.35266213,28.0246,120.58292,28.0362,120.58118,9,21,0
1465,2048,-38.98456371,-54.19716605,28.090984,120.588938,28.07875,120.58356,9,470,0
453,2012,-50.83351597,7.542480898,28.023866,120.643318,28.02392,120.644412,3,648,0
859,935,11.78867913,8.450108259,27.95386,120.68203,27.97987,120.68111,-1,0,0
1,1651,48.74130588,17.98968085,27.97014,120.75603,27.97707,120.74717,10,465,0
318,2529,-1.148119014,5.130544527,27.97271,120.64743,27.99373,120.65937,-1,30,0
2241,2315,26.18193035,32.26845546,27.98751,120.72346,27.9939,120.72128,7,28,0
666,961,-31.93671,-58.48131844,28.07352,120.58467,28.06451,120.58223,9,2067,0
463,674,-9.756855461,-40.04112297,28.02702,120.57609,28.02488,120.58073,9,31,0
470,1232,-36.63645767,3.513255553,28.024081,120.646811,28.04357,120.651564,-1,2,0
153,384,-23.77638599,-3.162438201,28.00858,120.63748,28.01405,120.63301,-1,5,0
2379,2486,-68.38236924,10.47473989,28.04982,120.6511,28.04854,120.66293,7,463,0
2441,2937,32.35562769,27.24465375,27.98416,120.72974,27.97398,120.7324,10,33,0
347,1821,43.88101327,19.81826567,27.98785,120.71681,27.98011,120.74803,-1,71,0
176,604,-20.22459579,-25.40458016,28.02521,120.6105,28.015777,120.594444,3,85,0
727,1886,4.322566378,61.84948383,28.00933,120.69355,28.010095,120.696678,7,1557,0
814,1331,-49.28634697,-44.0186924,28.06065,120.61145,28.07361,120.61293,-1,4815,0
25,2214,24.44793711,-4.355246917,27.976204,120.667973,27.9598,120.68203,5,39,0
1803,2751,-7.920204105,20.39094416,28.01235,120.66512,28.01002,120.66745,3,18,0
1624,2150,5.719975263,-33.84076333,27.971715,120.608414,27.99711,120.58895,-1,4,0
1188,1387,27.86257438,12.60300577,28.02612,120.795888,28.0238,120.80688,2,415,0
2,1347,-20.53815344,4.363239324,28.00506,120.63866,28.01058,120.65406,3,36,0
2049,2890,-36.49168945,-1.5042134,28.01711,120.63167,28.02424,120.6348,-1,48,0
1605,1969,-23.37120584,0.535143489,28.01353,120.6398,28.00303,120.63895,3,40,0
673,2926,-42.52236273,-30.32303438,28.05464,120.60495,28.04361,120.61806,7,81,0
302,562,41.34641541,-18.85271768,27.9241,120.70277,27.92439,120.70333,3,32,0
1377,2576,-23.53472787,-33.43694296,28.02627,120.60094,28.02963,120.5999,3,246,0
545,1837,2.485206457,-10.52755994,27.96676,120.65937,27.98603,120.63754,-1,0,0
682,1164,-65.11198677,2.252835861,28.0412,120.629,28.04057,120.64705,7,898,0
172,1398,-37.31626933,-29.0799032,28.0428,120.62069,28.02438,120.60303,-1,7,0
11,797,29.56589339,31.77096208,27.99544,120.72251,27.97373,120.74409,-1,61,0
1335,2040,58.04224268,1.360579072,27.92006,120.82563,27.92457,120.81572,6,27,0
923,2888,-45.96368179,-30.59853624,28.06101,120.62576,28.05349,120.61286,7,67,0
2451,2852,14.94394037,44.21043457,28.01596,120.72171,28.0076,120.724,7,19,0
348,1733,-41.53944806,-16.67879034,28.07753,120.6897,28.0677,120.68542,-1,64,0
2318,2899,-43.76867039,15.07916456,28.0217,120.647,28.02802,120.65472,-1,22,0
1565,2666,-42.01645065,-0.863286393,28.03749,120.6251,28.04116,120.62863,7,43,0
958,1737,-19.0611768,-58.02124684,28.04944,120.58116,28.03968,120.57291,9,293,0
1622,2010,-4.040454203,52.90460837,28.00126,120.6875,27.99742,120.68104,4,944,0
813,1400,-25.37373752,-23.39208198,28.01833,120.607999,28.01833,120.60806,3,33099,0
300,486,41.44628014,21.6904006,27.9685,120.75992,27.97508,120.74612,10,47,0
2392,2841,12.97182705,32.74670605,28.00878,120.68835,28.000286,120.70749,7,16,0
2618,2686,9.66353451,46.04666122,28.016323,120.704,28.0508,120.683,7,0,0
1563,2689,42.20321398,-17.03529171,27.92204,120.69661,27.92812,120.69806,3,260,0
1445,1845,23.08061419,40.09415241,27.99263,120.7145,27.99406,120.72557,7,79,0
1839,2864,39.71519938,18.0173345,27.97706,120.75192,27.9665,120.76112,10,0,0
1494,1555,-61.24601058,-12.31973398,28.04977,120.64759,28.043798,120.657967,7,31,0
841,1419,-46.38792151,-1.200361665,28.0171,120.63698,28.01125,120.62553,-1,37,0
300,2360,45.55178862,19.01368498,27.9685,120.75992,27.97589,120.75072,10,218,0
155,2303,56.14923621,7.216670198,27.90066,120.82456,27.90821,120.80227,6,68,0
280,1789,-37.44979835,-51.98121924,28.07993,120.58958,28.09369,120.58816,9,83,0
229,2496,52.8663032,-0.877038061,27.93122,120.80706,27.94412,120.76969,-1,75,0
1220,2255,-7.560121558,51.04495195,28.000812,120.679146,27.99861,120.67972,4,224,0
268,1840,-7.60847692,4.523547021,28.002086,120.662539,27.9981,120.6541,3,8,0
548,1506,-19.32971506,31.77791296,28.02569,120.66766,28.02799,120.66168,-1,23,0
448,609,-18.35041968,-35.5278317,28.024644,120.599644,28.02096,120.62016,3,62,0
3,618,-22.31038265,-46.43260736,28.03927,120.5877,28.03155,120.59436,9,44,0
1212,1257,0.871937075,-36.24237562,27.99789,120.56689,27.97868,120.57877,8,7,0
367,1311,0.019194876,-45.09232356,27.99233,120.60381,27.98966,120.57449,8,34,0
565,1833,-15.56773594,46.21763892,28.00841,120.66454,28.004724,120.662825,3,88,0
362,2271,-16.22745323,-22.11641088,28.01738,120.60605,28.01831,120.61281,3,11,0
803,2200,-55.20629333,15.63456708,28.02715,120.65114,28.03746,120.65611,7,2923,0
1763,2713,60.08557557,-8.739469681,27.92159,120.82161,27.9236,120.82555,6,511,0
832,895,-68.20479911,17.07385276,28.05231,120.68005,28.03688,120.73858,7,79,0
639,2233,72.21578028,18.00835172,27.86661,120.82636,27.86543,120.81525,6,505,0
133,859,27.58274104,-1.015989232,27.9535,120.69621,27.95386,120.68203,5,5907,0
1407,2539,5.378761599,-39.01219212,27.97235,120.62717,27.97231,120.62724,8,42716,0
613,2229,-15.33222847,43.50169401,27.999,120.659,27.99852,120.65649,3,532,0
2046,2183,69.59353173,6.317294289,27.88702,120.81085,27.89444,120.81353,6,4588,0
1817,2816,-43.05291422,-10.8942534,28.040399,120.645646,28.04411,120.63996,7,16,0
1338,1492,-37.58328116,-8.865891651,28.056963,120.625239,28.02508,120.63816,7,4,0
633,1053,17.77832385,25.61806638,27.98491,120.70392,27.99068,120.7167,-1,16,0
1498,2627,29.58811545,17.51261316,28.02468,120.77976,28.01826,120.7953,2,507,0
609,1400,-25.59724492,-20.17373501,28.02096,120.62016,28.01833,120.60806,3,132,0
1233,1626,-10.96741454,-33.48455516,28.01428,120.58353,28.01389,120.60169,-1,10,0
2483,2816,-53.96965561,-1.943544818,28.02455,120.61196,28.04411,120.63996,-1,84,0
461,1727,66.84532934,8.037383797,27.8974,120.81737,27.91218,120.83617,6,374,0
1600,2434,39.31995918,-25.19416224,27.92162,120.70502,27.92215,120.70629,3,180,0
142,1351,-42.19904397,-21.91525044,28.07201,120.60483,28.04387,120.63355,-1,6,0
2178,2575,-24.05895915,-40.99943889,28.02937,120.59162,28.02926,120.59028,9,3110,0
12,1850,71.20268267,19.61050607,27.8751,120.81027,27.86362,120.81173,6,493,0
2300,2476,18.26056062,42.0612002,27.99832,120.72424,27.99996,120.71136,7,17,0
1357,1610,-42.27196334,-41.63682041,28.05143,120.60047,28.05249,120.60567,7,1378,0
1106,2175,-19.70466426,-32.1289648,28.02311,120.59937,28.025465,120.585303,-1,0,0
657,1539,31.59711829,-48.51250617,27.878795,120.706921,27.856937,120.689815,3,434,0
1197,2449,68.89176046,14.29894698,27.8679,120.81282,27.8763,120.82073,6,321,0
2124,2408,44.8707557,13.64249651,28.0048,120.764,27.97638,120.75557,10,542,0
306,973,30.90465675,-21.0925157,27.93177,120.67802,27.93169,120.70193,-1,8,0
1587,2703,-3.154423117,-11.61678139,28.00917,120.64028,27.99103,120.63464,-1,19,0
458,981,28.52732746,-43.99743147,27.87682,120.64507,27.89495,120.67037,3,0,0
852,2024,-33.13761541,18.3420976,28.013741,120.650393,28.01102,120.64355,3,53,0
1347,2318,-24.34208835,13.33697422,28.01058,120.65406,28.0217,120.647,3,90,0
176,2746,-50.38921546,-34.25772244,28.02521,120.6105,28.03863,120.61579,-1,135,0
1445,2556,22.64790858,46.1190614,27.99263,120.7145,28.00322,120.7122,7,3,0
1123,2264,16.19265715,-18.90038245,27.96552,120.64757,27.95241,120.64911,5,2307,0
501,2321,1.07374014,33.93646032,28.004176,120.686025,28.00217,120.69033,4,46,0
1560,2840,-26.10586508,-46.07301544,28.034241,120.588717,28.04323,120.58656,9,960,0
2324,2779,71.78288574,14.19926802,27.8722,120.8266,27.9069,120.82629,6,32,0
1062,1318,23.54878515,18.69432995,28.07018,120.74169,28.073,120.71997,1,1178,0
751,2938,-20.15430803,-27.12716734,28.02449,120.61195,28.02158,120.59654,3,30,0
556,1460,-4.999045758,-22.08061171,27.99014,120.62903,27.985304,120.632788,8,385,0
113,305,-23.87946987,-1.715311837,28.01211,120.63736,28.008511,120.618079,-1,7,0
1724,2662,16.69706339,34.02536597,28.00258,120.70728,27.9944,120.7017,-1,16,0
362,609,-28.70939523,-16.25770465,28.01738,120.60605,28.02096,120.62016,3,24,0
412,2297,32.4704926,-16.77206133,27.91108,120.67813,27.92659,120.71116,3,29,0
772,2146,-44.58083293,-40.61568562,28.05187,120.61117,28.051431,120.600469,7,1604,0
1765,1944,-1.971580303,-3.709268016,27.9931,120.58597,27.97112,120.57378,8,0,0
1474,2150,-10.56367534,-35.15310552,28.02436,120.58545,27.99711,120.58895,-1,112,0
923,2197,-51.57669247,-20.67343947,28.06101,120.62576,28.04449,120.62163,7,215,0
962,2614,-30.987596,-7.694626958,28.017111,120.631666,28.01688,120.6293,4,16,0
1428,1988,-34.66466692,-3.263350953,28.02259,120.62662,28.01854,120.63879,-1,15,0
136,162,-23.09526255,6.747229874,28.01434,120.65091,28.014918,120.647761,3,11,0
633,1724,25.0512787,45.55017885,27.98491,120.70392,28.00258,120.70728,-1,14,0
515,1257,14.41351556,-25.75337302,27.96781,120.62801,27.97868,120.57877,8,19,0
653,2085,-18.50296869,-49.81320631,28.03924,120.56603,28.04973,120.58807,9,27,0
932,1992,-11.12093814,10.0994244,28.009722,120.654166,28.00371,120.66093,3,13,0
368,467,8.062407846,42.94355641,28.0175,120.69666,28.012398,120.68848,7,29,0
633,1651,33.96207682,27.42189979,27.98491,120.70392,27.97707,120.74717,-1,5,0
976,1796,-53.35137772,-15.16195502,28.044851,120.648285,28.04071,120.63988,7,32,0
1695,2177,-10.71130075,-45.52633098,28.02937,120.5775,28.024786,120.575538,9,2964,0
1683,2848,24.72997282,-3.084896571,27.95708,120.67304,27.965369,120.686131,5,482,0
26,55,29.0100945,-41.90036232,27.91714,120.66023,27.85781,120.66563,3,37,0
1605,2396,-36.72234078,-2.023252014,28.01353,120.6398,28.03985,120.62173,-1,9,0
1948,2496,44.588756,21.48128569,27.96583,120.74971,27.94412,120.76969,10,36,0
1724,2930,14.74078512,39.65946791,28.00258,120.70728,28.021655,120.71483,7,2,0
772,2203,-44.22989109,-28.04422624,28.05187,120.61117,28.04851,120.61871,7,54,0
530,1321,3.585915733,35.25889589,28.001624,120.691201,27.99863,120.68954,4,85,0
303,1809,-39.21407748,25.03945592,28.01193,120.64947,28.011648,120.649797,3,63,0
2146,2948,-44.19550122,-40.79825583,28.051431,120.600469,28.05192,120.60027,7,1755,0
1055,2336,73.8358002,8.995734574,27.89321,120.79688,27.87937,120.8036,6,627,0
1255,1761,-5.779126457,36.9226031,27.9997,120.67055,27.99851,120.67952,-1,123,0
1432,1774,-14.91125404,-9.772434755,28.00892,120.62295,27.99094,120.65242,-1,0,0
369,2037,59.9485734,-12.14263488,27.9277,120.83323,27.9208,120.84047,6,1095,0
47,1911,31.860256,24.00025777,27.97433,120.75967,27.97773,120.72673,10,17,0
975,2621,-5.273873283,29.72610357,28.00397,120.67029,28.01036,120.67777,-1,97,0
857,2916,69.12907718,-8.674835957,27.93632,120.80777,27.93792,120.80154,6,188,0
1956,2788,20.96528877,-6.482804335,27.96946,120.72066,27.96243,120.65546,-1,0,0
2297,2375,35.57900198,-22.22090172,27.92659,120.71116,27.91276,120.70931,3,4,0
4,2103,2.738718611,-33.46319786,27.98663,120.61963,27.98211,120.59701,8,42,0
172,1008,-39.05680838,-24.58752475,28.0428,120.62069,28.06212,120.60705,-1,15,0
628,2496,56.4024085,-3.302997208,27.92742,120.82878,27.94412,120.76969,-1,90,0
1416,1932,-20.50761503,14.51408493,28.01137,120.64581,28.01062,120.65932,3,10,0
366,2433,-16.06214065,22.77071708,28.026431,120.658121,28.02202,120.66394,-1,8,0
1166,1204,16.35877273,-40.28492449,27.95794,120.60138,27.94777,120.6125,10,302,0
84,2792,-21.46824445,35.44794601,28.01988,120.68913,28.02302,120.66759,-1,91,0
353,1273,-48.17637297,-38.03353782,28.04744,120.60876,28.02347,120.61544,-1,213,0
1481,1753,9.825031753,-27.54756745,27.96111,120.6227,27.96526,120.65283,-1,18,0
47,1427,47.06074643,14.8879131,27.97433,120.75967,27.98011,120.74983,10,123,0
1807,2213,-60.20586788,-25.7429451,28.040568,120.63282,28.0397,120.63304,7,17162,0
415,2426,-35.56691637,11.55483824,28.01975,120.65219,28.0241,120.647393,3,34,0
1646,2733,-35.66654577,-11.67058718,28.03083,120.63755,28.019524,120.631948,-1,38,0
1380,1879,-4.782947671,53.90437883,28.00675,120.68244,27.999526,120.680665,4,368,0
1767,2224,2.996514309,3.383571966,27.97914,120.65482,27.98445,120.67253,-1,16,0
951,1849,64.26116284,10.44778455,27.90882,120.83189,27.89831,120.81286,6,59,0
1257,1966,0.361478549,-36.53522473,27.97868,120.57877,27.99619,120.58337,8,20,0
1608,1628,-61.3537433,13.33620164,28.0453,120.65749,28.01497,120.68572,7,15,0
264,2196,-23.69077642,24.45582485,28.01535,120.66232,28.0176,120.6671,3,180,0
868,2621,-17.53472333,51.13110152,28.01279,120.66871,28.01036,120.67777,-1,214,0
907,2802,39.58701309,39.89987471,27.9842,120.72674,27.98055,120.72944,-1,48,0
2171,2913,56.18751718,3.210253636,27.91955,120.83809,27.92081,120.81459,6,2,0
954,2968,-15.62605432,23.29440523,28.018214,120.672196,28.02802,120.6546,-1,15,0
1721,2092,-48.63092587,0.259550711,28.01943,120.63656,28.0195,120.63455,3,164,0
307,2252,-41.91055043,35.46281388,28.01573,120.65876,28.0135,120.659,3,440,0
77,89,-33.12661676,22.2195318,28.00743,120.64853,28.0164,120.65703,3,12,0
228,1596,-35.61350019,7.256228848,28.024509,120.644121,28.027266,120.655901,-1,17,0
1072,1347,-18.38082791,12.29025091,28.00679,120.65524,28.01058,120.65406,3,23,0
515,1407,15.71262195,-21.85376326,27.96781,120.62801,27.97235,120.62717,8,18598,0
872,2180,5.100031655,-17.02585371,27.98477,120.64882,27.98333,120.65125,5,15133,0
2075,2342,34.8331515,-8.617576749,27.94054,120.69195,27.96902,120.74658,-1,27,0
799,1544,52.25062813,-7.400084157,27.93368,120.81563,27.94688,120.81569,6,40,0
178,876,-29.99165469,1.046227689,28.01444,120.65108,28.01851,120.63892,3,96,0
1416,2732,-38.26066964,22.27993046,28.01137,120.64581,28.01146,120.64605,3,84,0
81,1613,5.854711302,57.95876887,28.003179,120.699031,28.00291,120.69868,7,3238,0
421,911,49.3671126,5.485817285,27.91626,120.8268,27.96141,120.73461,-1,6,0
1555,2486,-68.06666658,9.051588889,28.043798,120.657967,28.04854,120.66293,7,179,0
502,2190,8.373157899,5.328767304,27.975415,120.651576,27.98235,120.67423,5,53,0
785,2263,-12.34751202,14.92207042,28.010162,120.66067,28.00726,120.65848,3,8,0
1134,2853,1.916256273,-35.73374021,27.99644,120.63354,27.97599,120.59211,8,40,0
1547,2513,-34.34745848,-45.1495157,28.07752,120.5896,28.060569,120.603702,-1,11,0
2086,2575,-13.90026694,-48.53867851,28.03771,120.57585,28.02926,120.59028,9,38,0
1779,2939,-38.87413388,28.35743306,28.01179,120.65261,28.011397,120.653141,3,1578,0
341,2778,-8.480173076,-16.63971654,27.98975,120.64468,27.99859,120.64039,-1,771,0
41,752,15.23151627,-37.30360934,27.95746,120.61208,27.9454,120.65697,-1,0,0
1749,2228,19.51722978,-42.71017115,27.97581,120.57281,27.94986,120.5872,-1,338,0
722,1124,56.11633229,-2.571544286,27.92889,120.82314,27.92529,120.82185,6,47,0
2408,2479,39.52466199,4.495661765,27.97638,120.75557,27.95756,120.72822,10,99,0
1794,1999,31.07019374,-12.08040406,27.94302,120.67619,27.91395,120.70028,-1,33,0
2318,2323,-45.64246717,19.17768645,28.0217,120.647,28.02463,120.6447,-1,767,0
1626,1881,-10.74198273,-26.77663831,28.01389,120.60169,28.01337,120.59429,3,276,0
554,2555,29.34017993,13.44850489,28.02289,120.80151,28.04092,120.83605,2,80,0
2422,2904,49.4037182,3.860582257,27.93079,120.82979,27.95985,120.77797,-1,10,0
916,1238,-31.53183393,27.24828366,28.01381,120.65692,28.00439,120.65275,3,4,0
1002,2568,-18.41541396,-52.26542006,28.04392,120.5765,28.04901,120.58582,9,21,0
1944,2853,12.82316318,-51.91478578,27.97112,120.57378,27.97599,120.59211,8,1771,0
1687,1958,-27.12493209,21.43794167,28.0134,120.65344,28.01842,120.65967,3,83,0
57,1169,-17.27984222,-21.79540538,28.00954,120.61511,28.01606,120.6036,-1,100,0
874,2816,-66.25103394,3.053409258,28.04411,120.64767,28.04411,120.63996,7,6721,0
701,2750,6.784022687,54.0634079,28.0027,120.69981,28.00455,120.70115,7,29,0
193,2124,30.9612387,16.86086065,28.02809,120.78452,28.0048,120.764,-1,57,0
488,1623,15.69875785,53.72300747,28.01171,120.71924,28.01771,120.71787,7,182,0
624,919,-17.14495938,21.03403723,28.01854,120.66394,28.01517,120.66789,3,39,0
755,1655,44.45182631,-18.98891013,27.928,120.698,27.92826,120.70156,3,103,0
347,2377,25.47387588,35.02650737,27.98785,120.71681,27.9934,120.719,7,45,0
73,1152,-19.66140658,3.249318683,28.01003,120.63314,28.013647,120.656985,3,0,0
758,1855,-2.409731687,37.72091737,27.99542,120.68153,27.98606,120.67631,4,4,0
291,868,-20.69368407,24.00501113,28.023257,120.659016,28.01279,120.66871,3,155,0
437,2236,-2.335089195,17.81515999,27.98847,120.666286,27.9946,120.674,4,113,0
1995,2094,-3.15998748,-43.06317507,27.98625,120.5825,27.992,120.60987,8,92,0
331,841,-44.2786934,-0.629853808,28.03958,120.62042,28.0171,120.63698,-1,52,0
2089,2428,6.612153932,-15.8074997,27.970224,120.651685,27.98819,120.6531,5,208,0
1736,2296,-40.37538427,-7.191869597,28.029592,120.6244,28.02836,120.62631,7,131,0
473,2496,48.64085064,-1.083402889,27.94738,120.78177,27.94412,120.76969,-1,23,0
567,973,33.63577077,-26.16303651,27.92073,120.70491,27.93169,120.70193,3,34,0
811,1391,39.92450205,-13.45778371,27.92878,120.69672,27.95467,120.69939,-1,183,0
1007,2307,25.19770118,-1.474459441,27.96558,120.68672,27.957377,120.682574,5,194,0
490,1998,0.848810125,-24.60492342,28.00307,120.6298,27.987217,120.623164,-1,57,0
2151,2729,-49.98985735,-16.48828538,28.06452,120.61682,28.05359,120.63947,-1,8,0
1991,2010,-4.514721674,36.6632205,28.00104,120.67237,27.99742,120.68104,-1,136,0
539,852,-30.14069683,15.51932052,28.01516,120.65303,28.013741,120.650393,3,32,0
2,1453,-14.89130934,-5.366848662,28.00506,120.63866,27.99832,120.6366,3,32,0
221,1845,21.57306208,45.20907353,28.00742,120.71768,27.99406,120.72557,7,10,0
2154,2342,47.75302147,21.49598167,27.96748,120.75293,27.96902,120.74658,10,3125,0
399,2804,-12.60026899,29.09670591,28.02201,120.67908,28.02126,120.68452,-1,0,0
1628,2750,8.252084433,38.60437925,28.01497,120.68572,28.00455,120.70115,7,8,0
411,2232,23.50204187,48.53335762,27.99841,120.70809,27.99607,120.71016,7,179,0
1502,2118,-11.7180438,41.55183104,27.991292,120.664871,27.99228,120.66244,4,413,0
244,1997,0.400914693,-4.911409767,28.08021,120.69711,28.07481,120.68325,1,49,0
1454,1824,43.53803903,-25.70761119,27.92271,120.7068,27.9227,120.70332,3,360,0
1054,1134,-9.180748236,-18.54474161,27.99918,120.641648,27.99644,120.63354,-1,3643,0
1428,1713,-51.18118264,-6.587902776,28.02259,120.62662,28.01567,120.62619,-1,469,0
176,1796,-59.20572846,2.361967248,28.02521,120.6105,28.04071,120.63988,-1,156,0
306,1848,32.88256117,-12.75734066,27.93177,120.67802,27.96164,120.66747,5,3,0
1729,2130,64.33838977,14.90507287,27.855613,120.81738,27.85823,120.80871,6,22,0
204,1204,9.486118185,-39.51225113,27.99015,120.62566,27.94777,120.6125,-1,37,0
341,1407,6.234478349,-22.32320564,27.98975,120.64468,27.97235,120.62717,8,0,0
46,1441,-43.26085213,-17.31937983,28.04917,120.61056,28.04381,120.65767,7,50,0
1169,1626,-20.09125727,-21.75145328,28.01606,120.6036,28.01389,120.60169,3,2911,0
1742,2619,7.809037735,33.01244781,28.010383,120.6909,27.992814,120.696225,-1,5,0
89,1687,-40.46415009,28.99305821,28.0164,120.65703,28.0134,120.65344,3,143,0
84,637,-21.52321975,48.72973781,28.01988,120.68913,28.01522,120.68916,7,906,0
1089,1388,-42.18834311,18.25509004,28.02804,120.57818,28.01822,120.64711,-1,212,0
695,1093,-15.00024453,-45.4391806,28.054694,120.586916,28.03228,120.58055,9,30,0
117,1150,-5.355584212,-34.76268081,28.026108,120.592702,28.00906,120.58854,3,54,0
46,2857,-37.45921302,-24.87278554,28.04917,120.61056,28.09805,120.59534,-1,25,0
88,1990,-15.02589222,20.43486209,28.02363,120.66334,28.02045,120.65999,3,11,0
1378,1821,46.76363849,31.04696314,27.9833,120.74401,27.98011,120.74803,10,931,0
55,2368,28.87503539,-52.61688326,27.85781,120.66563,27.86075,120.6532,3,321,0
310,1347,-16.83855313,16.83282481,28.01428,120.65834,28.01058,120.65406,3,40,0
1999,2362,43.23067031,-31.40725638,27.91395,120.70028,27.92159,120.70412,3,1479,0
191,2353,22.61700086,-1.634072088,27.96628,120.68116,27.973777,120.682079,5,244,0
1851,2867,23.57056798,27.89208498,27.980051,120.702261,27.971116,120.71478,-1,0,0
463,1695,-10.8808114,-45.34736815,28.02702,120.57609,28.02937,120.5775,9,16830,0
1276,1804,3.07695675,-55.76448132,28.00066,120.58221,28.00502,120.61628,-1,0,0
422,2288,12.92669253,50.99572754,28.00525,120.70299,28.014173,120.713536,7,15,0
869,1469,49.59053437,-3.00682065,27.94864,120.77547,27.93568,120.7957,-1,30,0
1855,2366,17.69778917,12.82051665,27.98606,120.67631,27.97973,120.67677,-1,2291,0
1495,2182,10.45378557,-33.8606281,27.95745,120.62666,27.96515,120.61124,8,9,0
607,803,-46.51728407,15.4077759,28.024021,120.649228,28.02715,120.65114,7,83,0
26,2490,34.22354828,-46.61458995,27.91714,120.66023,27.88534,120.6674,3,108,0
952,2822,34.91144466,22.4681451,27.97169,120.76145,27.97743,120.73394,10,7,0
1257,2330,1.324973762,-43.55223975,27.97868,120.57877,27.9967,120.60336,8,30,0
648,2272,29.58689328,-28.36890631,27.92779,120.69413,27.91974,120.69145,3,24,0
1911,2564,30.07763436,26.59840669,27.97773,120.72673,27.96169,120.70433,10,42,0
742,761,-56.86985024,1.392464098,28.069541,120.641029,28.02569,120.64175,7,23,0
341,2531,-8.341802659,-16.67924735,27.98975,120.64468,27.99591,120.64416,-1,2531,0
1286,1687,-37.10234951,26.75492309,28.01117,120.65006,28.0134,120.65344,3,43,0
138,895,9.457766696,66.06844608,28.04427,120.69476,28.03688,120.73858,7,9,0
159,245,21.85915871,-11.51068315,27.94833,120.66804,27.9517,120.6639,5,273,0
1037,1454,43.17883506,-24.12991818,27.9231,120.70471,27.92271,120.7068,3,327,0
761,1015,-43.41980303,0.432186319,28.02569,120.64175,28.02245,120.61239,-1,27,0
734,2290,-12.64688886,-27.64081914,28.01097,120.60609,28.01109,120.5954,3,48,0
865,2483,-35.5959483,-37.78061265,28.0464,120.604,28.02455,120.61196,-1,12,0
270,906,-21.6312875,46.31205629,28.01764,120.68649,28.01211,120.69386,7,82,0
1317,1457,33.80389259,51.07462464,27.995577,120.71498,27.99566,120.715,7,112,0
2718,2970,19.65097696,-37.54455399,27.94477,120.59481,27.9567,120.57364,10,59,0
1525,2602,-15.6702459,-51.49471202,28.03821,120.57802,28.041463,120.586511,9,4,0
81,1782,5.885076005,56.94783344,28.003179,120.699031,27.997236,120.700653,7,47,0
2151,2513,-41.96984744,-29.05451259,28.06452,120.61682,28.060569,120.603702,-1,69,0
482,885,38.18678429,24.16421122,27.97359,120.74776,27.96805,120.74305,10,108,0
936,2518,-39.60888452,-4.648338085,28.02145,120.63334,28.03042,120.62936,-1,0,0
1092,2209,15.67743715,-15.06952266,27.96187,120.66042,27.96734,120.67106,5,226,0
1228,2336,69.90114634,15.61635818,27.873505,120.818568,27.87937,120.8036,6,43,0
1794,1848,26.59315527,-10.8453327,27.94302,120.67619,27.96164,120.66747,5,32,0
115,2713,52.72037065,-4.037287066,27.94565,120.83188,27.9236,120.82555,6,0,0
58,1747,45.96772565,34.33207382,27.97969,120.74181,27.978667,120.735061,10,2649,0
1794,2261,18.36053766,1.031808295,27.94302,120.67619,27.97054,120.68557,5,3,0
567,755,29.27639272,-24.40221131,27.92073,120.70491,27.928,120.698,3,35,0
1309,1550,-65.33199356,21.67706845,28.0834,120.6882,28.090555,120.686722,1,1209,0
1998,2428,-3.586642145,-5.928232679,27.987217,120.623164,27.98819,120.6531,-1,56,0
284,2405,16.26642946,-0.788034903,27.92764,120.69437,27.96984,120.68551,-1,29,0
487,2176,11.59082068,14.31714199,27.98776,120.67428,27.95843,120.65338,-1,13,0
1094,1424,-22.46929318,-27.61364449,28.01845,120.59962,28.02108,120.60101,3,10517,0
1289,1347,-41.17664012,26.77573746,28.0114,120.65314,28.01058,120.65406,3,987,0
2127,2236,-8.387549528,39.81056357,27.98869,120.6726,27.9946,120.674,4,268,0
475,2103,7.104482521,-33.21017404,27.98226,120.62389,27.98211,120.59701,8,69,0
331,1357,-35.51281207,-24.4651291,28.03958,120.62042,28.05143,120.60047,7,23,0
532,2937,39.96916997,34.69007865,27.972365,120.730631,27.97398,120.7324,10,3393,0
866,2477,37.40982015,27.14576518,27.97155,120.73972,27.98208,120.74589,10,28,0
1981,2146,-46.27550668,-36.98121892,28.04382,120.61146,28.051431,120.600469,7,516,0
287,1276,8.379337189,-40.27539298,27.986822,120.630326,28.00066,120.58221,8,0,0
1496,2307,20.26691721,-2.259480672,27.97767,120.70127,27.957377,120.682574,-1,13,0
1340,1870,-1.535384946,3.792220987,27.99419,120.65338,27.99576,120.6574,3,240,0
820,1461,12.14105079,49.42123563,28.00789,120.70721,28.008516,120.702342,7,55,0
61,1594,-23.75189833,25.65835265,28.00969,120.67408,28.013672,120.663632,3,49,0
2875,2967,38.74756011,-23.04017209,27.92368,120.70347,27.92614,120.70507,3,89,0
426,1736,-59.147516,-3.012821402,28.025933,120.641498,28.029592,120.6244,7,132,0
691,865,-38.664416,-40.97145255,28.05782,120.58736,28.0464,120.604,-1,462,0
607,1401,-35.15150972,10.13149884,28.024021,120.649228,28.01999,120.65209,-1,210,0
2446,2540,3.491910429,11.95759559,27.98763,120.66308,27.991878,120.694119,4,3,0
2224,2908,11.91063285,15.01212005,27.98445,120.67253,27.98585,120.6777,4,53,0
743,1422,15.47828709,42.55800769,28.008176,120.713964,28.00506,120.71172,7,20,0
1958,2929,-37.21339093,7.684890797,28.01842,120.65967,28.026713,120.658442,-1,30,0
280,814,-36.47133471,-47.18840409,28.07993,120.58958,28.06065,120.61145,-1,25,0
832,2899,-43.40669184,9.051370587,28.05231,120.68005,28.02802,120.65472,7,8,0
547,897,10.64362841,17.06647554,27.98521,120.67877,27.98785,120.68114,4,23,0
691,1577,-33.15713144,-42.63095477,28.05782,120.58736,28.04175,120.58651,9,4,0
403,1845,24.00765085,30.05838548,27.98093,120.71034,27.99406,120.72557,7,37,0
1619,1903,35.70297626,-36.44003287,27.920381,120.683202,27.92249,120.67905,3,55,0
615,925,-6.974599894,10.80504524,27.99109,120.67677,28.00554,120.66603,-1,7,0
726,2452,-19.97481529,15.22463311,28.00074,120.64324,28.0105,120.66068,3,7,0
646,2628,-17.31350136,36.00928121,28.02101,120.67872,28.01511,120.67465,3,155,0
1072,1731,-12.20824039,8.213075142,28.00679,120.65524,28.00652,120.64463,3,2,0
328,2743,-47.48316074,-14.58671563,28.05929,120.65781,28.049957,120.622963,7,45,0
2,724,-4.820713977,-3.071839841,28.00506,120.63866,27.99279,120.64931,3,4,0
781,2001,6.5478662,52.05729532,28.000307,120.698667,28.00031,120.69867,7,0,0
565,1244,-14.89195837,50.33670743,28.00841,120.66454,28.00503,120.67134,3,306,0
159,2298,22.68168502,-9.471368966,27.94833,120.66804,27.92952,120.68107,5,0,0
588,2149,15.29601722,22.60884042,27.98547,120.68291,27.98472,120.69611,4,15,0
1549,2841,26.80625461,46.79494283,27.98966,120.70619,28.000286,120.70749,7,30,0
1503,2602,-23.98137302,-52.21279758,28.0363,120.5857,28.041463,120.586511,9,7965,0
1435,1796,-54.55225127,-15.33724662,28.046174,120.636789,28.04071,120.63988,7,215,0
221,591,14.7512495,47.10355292,28.00742,120.71768,28.008214,120.716163,7,68,0
341,1643,1.736104069,-17.79530337,27.98975,120.64468,27.98054,120.61279,8,8,0
581,1440,72.18492963,-8.647464146,27.93237,120.77134,27.92653,120.78661,-1,488,0
1288,2021,39.98492623,-33.47787682,27.91607,120.69654,27.92043,120.68424,3,63,0
633,2476,18.83863866,39.23181055,27.98491,120.70392,27.99996,120.71136,-1,4,0
761,1111,-51.35706306,0.667125509,28.02569,120.64175,28.02502,120.63963,7,1439,0
590,1308,1.662437721,42.66867038,27.98463,120.68406,27.98404,120.68203,4,795,0
287,705,-2.101509319,-14.77314723,27.986822,120.630326,28.00227,120.63088,-1,0,0
2058,2465,35.67440329,-51.798497,27.87238,120.65735,27.88796,120.64935,3,6887,0
1616,2425,20.91500809,46.62249518,28.002285,120.71462,28.001305,120.717516,7,93,0
520,1849,72.10863173,7.148631491,27.88953,120.79251,27.89831,120.81286,6,39,0
1775,1989,64.36939509,-7.116471882,27.93336,120.817726,27.93336,120.81773,6,46,0
2294,2552,-31.64126853,7.384623435,28.017358,120.65303,28.02662,120.64918,-1,99,0
491,2701,1.144656791,-5.055859392,28.014866,120.661141,28.0144,120.6591,3,47,0
202,824,-20.69116125,12.50136632,28.0087,120.65515,28.002956,120.643807,3,10,0
264,1160,-41.27169146,38.43144956,28.01535,120.66232,28.01525,120.66252,3,10270,0
171,1731,-13.25563863,-2.335317559,28.00072,120.63977,28.00652,120.64463,3,117,0
2593,2859,6.696773026,-4.149857307,27.96314,120.66947,27.963305,120.663111,5,70,0
1110,2479,37.6514363,-2.397750852,27.946867,120.69923,27.95756,120.72822,-1,760,0
1232,1273,-37.3636467,-17.21045403,28.04357,120.651564,28.02347,120.61544,-1,17,0
1005,2120,-34.55678657,34.2774884,28.00628,120.65332,28.00312,120.65388,3,7065,0
49,1159,-10.56641975,-21.24254886,28.02104,120.58411,28.02791,120.59925,-1,22,0
314,720,44.36597545,30.7155695,27.97965,120.74458,27.97976,120.74186,10,1700,0
1373,1628,-19.04492123,23.34250399,28.01793,120.66445,28.01497,120.68572,-1,25,0
178,614,-36.08272434,26.48367247,28.01444,120.65108,28.0124,120.65063,3,169,0
1110,1582,24.27759033,-7.140959846,27.946867,120.69923,27.96936,120.67444,5,14,0
284,2298,36.79066259,-12.13390915,27.92764,120.69437,27.92952,120.68107,-1,589,0
955,2486,-68.04897356,9.537599416,28.04133,120.65311,28.04854,120.66293,7,848,0
1238,2180,-32.71209401,33.07897763,28.00439,120.65275,27.98333,120.65125,-1,49,0
1879,2846,-4.497487606,52.42472812,27.999526,120.680665,28.00084,120.68266,4,1052,0
310,2701,1.845143116,-5.627658147,28.01428,120.65834,28.0144,120.6591,3,23,0
1718,2556,25.05495943,53.94697649,28.001831,120.717278,28.00322,120.7122,7,1964,0
1834,2832,72.29228924,10.19239931,27.87957,120.7999,27.8881,120.80006,6,289,0
1031,2818,-25.85636105,-44.77229147,28.036972,120.589166,28.04104,120.58846,9,259,0
1529,1685,-37.70361085,-62.91934523,28.10206,120.54994,28.08692,120.5856,9,1719,0
149,1506,-20.02874148,21.48546299,28.01646,120.65935,28.02799,120.66168,-1,27,0
853,1606,-16.77650941,36.15049707,28.01679,120.67808,28.01492,120.67488,3,114,0
521,2683,-12.46122349,41.41507775,27.99979,120.66739,27.9994,120.66709,3,197,0
772,1560,-44.92695223,-33.58957594,28.05187,120.61117,28.034241,120.588717,-1,59,0
208,1439,15.95609945,43.32395235,28.00568,120.7226,28.005515,120.719495,7,61,0
1622,2787,0.045250188,29.91246147,28.00126,120.6875,28.00461,120.6752,4,22,0
204,541,10.68509349,-41.0325545,27.99015,120.62566,27.96193,120.60948,-1,10,0
867,1506,-14.95955249,22.65000901,28.02368,120.66461,28.02799,120.66168,-1,11,0
450,1944,15.88027478,-50.45157784,27.96474,120.57156,27.97112,120.57378,8,22609,0
563,1441,-60.94913723,10.57371484,28.03956,120.65442,28.04381,120.65767,7,60,0
535,2571,50.40946382,-7.022311977,27.96456,120.79906,27.95427,120.8335,-1,80,0
895,2890,-41.59696653,5.342066467,28.03688,120.73858,28.02424,120.6348,-1,18,0
1134,2788,0.266206232,-13.13389657,27.99644,120.63354,27.96243,120.65546,-1,3,0
408,1555,-46.22990488,-15.36317223,28.05042,120.6339,28.043798,120.657967,7,52,0
1987,2053,-18.67554988,-8.156272452,28.007234,120.633055,28.01003,120.63016,-1,424,0
14,1534,-11.41157026,26.4881526,28.02496,120.66541,28.017189,120.678534,3,17,0
761,2053,-54.09643411,-2.660940452,28.02569,120.64175,28.01003,120.63016,-1,49,0
502,2131,7.855562931,-15.2818145,27.975415,120.651576,27.97509,120.65593,5,15662,0
188,1699,13.38341687,5.908751547,27.97988,120.63103,27.97659,120.67899,-1,20,0
188,1598,-3.756789388,-21.56590649,27.97988,120.63103,27.97988,120.631028,8,409,0
780,1991,-4.474099881,33.10115796,28.01006,120.68043,28.00104,120.67237,-1,61,0
684,2063,38.07701615,-40.09592619,27.88258,120.62827,27.90108,120.68568,3,221,0
644,1088,-29.31031218,13.41015968,28.01278,120.65944,28.016654,120.650607,3,52,0
1895,2543,27.76376645,5.741813122,27.96905,120.70307,27.978448,120.671401,-1,5,0
897,2099,8.981001475,19.4514849,27.98785,120.68114,27.99084,120.68506,4,20,0
347,2496,47.25635929,-1.296826055,27.98785,120.71681,27.94412,120.76969,-1,76,0
1502,2435,-1.652101237,15.86180286,27.991292,120.664871,27.99236,120.66956,4,125,0
54,1981,-29.8329242,-13.00181544,28.018598,120.620672,28.04382,120.61146,-1,2,0
2023,2083,12.62548467,-40.29849477,27.97172,120.61373,27.95887,120.60962,-1,108,0
312,2180,4.042379524,2.365378913,27.97483,120.67456,27.98333,120.65125,5,74,0
2374,2835,69.63661289,-8.732666383,27.93982,120.7985,27.94411,120.78597,-1,250,0
611,639,72.97824464,17.51098316,27.867358,120.820794,27.86661,120.82636,6,1665,0
49,2365,-12.21091,-34.58384944,28.02104,120.58411,28.01894,120.59618,-1,29,0
293,1464,-27.88269151,-3.590973158,28.02476,120.635142,28.02237,120.63238,3,20,0
1535,2745,-55.66833043,-2.747715084,28.03768,120.63277,28.02921,120.62987,7,54,0
247,2804,10.00952108,65.54732475,28.04031,120.70544,28.02126,120.68452,7,23,0
1,1511,36.69242835,23.14012314,27.97014,120.75603,27.97302,120.73654,10,37,0
1560,2439,-15.43779459,-49.06608362,28.034241,120.588717,28.04261,120.57226,9,30,0
2312,2902,42.92116536,-29.28475193,27.92006,120.70628,27.92072,120.70621,3,2449,0
826,1934,-56.79322708,-23.88602074,28.04636,120.62567,28.046363,120.62567,7,111,0
1620,1713,-47.73668713,-9.702935341,28.01578,120.62194,28.01567,120.62619,4,10309,0
1512,2847,-22.87425184,-56.12535653,28.04225,120.58748,28.041041,120.588459,9,14326,0
1,2408,47.51572488,16.97206485,27.97014,120.75603,27.97638,120.75557,10,2709,0
46,1560,-48.9064656,-38.03573073,28.04917,120.61056,28.034241,120.588717,-1,194,0
592,1027,-35.19850862,-50.53324005,28.07596,120.58581,28.08394,120.58605,9,52,0
911,1110,35.11192449,-1.57373441,27.96141,120.73461,27.946867,120.69923,-1,55,0
202,644,-39.76460965,34.11419493,28.0087,120.65515,28.01278,120.65944,3,392,0
164,2180,2.327121018,-12.99223865,27.95724,120.65969,27.98333,120.65125,5,25,0
301,2808,19.98396706,-34.46265845,27.93112,120.5882,27.93617,120.55946,10,192,0
1260,1532,63.05634788,-13.67278816,27.91444,120.83278,27.9174,120.832,6,118,0
1837,2778,-6.533732495,-18.26160465,27.98603,120.63754,27.99859,120.64039,-1,79,0
726,2287,-13.00533021,-0.765349034,28.00074,120.64324,28.002169,120.645773,3,22,0
427,1380,-9.180824838,18.56837437,28.005808,120.669146,28.00675,120.68244,-1,3,0
2169,2626,3.636489637,54.96716333,28.002851,120.698951,28.00254,120.695427,7,227,0
1873,1889,-20.66101527,19.80982187,28.01486,120.66325,28.01442,120.65841,3,0,0
318,861,7.782630486,-9.429809081,27.97271,120.64743,27.97392,120.65352,5,72,0
835,1728,29.04225464,-46.59633562,27.87789,120.68776,27.85412,120.66711,3,17,0
1873,2628,-21.35170278,23.11269015,28.01486,120.66325,28.01511,120.67465,3,3,0
1335,1524,1.455987893,-2.52368132,27.92006,120.82563,27.91503,120.82542,6,26,0
134,2300,23.98677964,34.01851786,27.989953,120.728443,27.99832,120.72424,7,9,0
57,320,-16.81684548,-14.10730986,28.00954,120.61511,28.007536,120.616401,4,139,0
2379,2921,-58.9027288,-12.42107432,28.04982,120.6511,28.04626,120.62812,7,59,0
1140,2807,-15.88955791,-50.47009004,28.04193,120.57698,28.04065,120.56778,9,92,0
532,1865,39.00583103,32.08070522,27.972365,120.730631,27.97506,120.73909,10,56,0
1273,2372,-23.62720231,-30.34795098,28.02347,120.61544,28.023805,120.597166,3,129,0
318,615,-1.018112606,13.08497012,27.97271,120.64743,27.99109,120.67677,-1,0,0
1470,2224,9.627040909,9.862775638,27.97225,120.68006,27.98445,120.67253,-1,69,0
1331,1547,-42.10988865,-48.79912598,28.07361,120.61293,28.07752,120.5896,9,120,0
1259,2120,-12.98729233,5.949997966,28.00517,120.6494,28.00312,120.65388,3,23,0
2801,2968,-25.03619909,20.41249374,28.01569,120.65545,28.02802,120.6546,-1,11,0
1416,1809,-37.46942406,23.05565124,28.01137,120.64581,28.011648,120.649797,3,33,0
971,2347,68.89113202,-2.623169816,27.92205,120.80111,27.91091,120.81602,6,243,0
644,2724,-21.73620723,16.06285851,28.01278,120.65944,28.012221,120.657545,3,21,0
2033,2183,55.49501384,4.944799298,27.9196,120.81824,27.89444,120.81353,6,0,0
292,1938,-39.86719946,9.483837527,28.02857,120.65898,28.01832,120.65141,-1,53,0
219,1454,46.40498869,-24.79414747,27.92298,120.70731,27.92271,120.7068,3,2373,0
2064,2625,62.99078155,7.924003506,27.889525,120.804362,27.89938,120.82864,6,43,0
618,1198,-23.99548224,-39.56329611,28.03155,120.59436,28.0332,120.591,9,590,0
1338,2146,-43.02613643,-33.9325894,28.056963,120.625239,28.051431,120.600469,7,96,0
387,2150,-11.31743214,-36.53106645,28.0246,120.58292,27.99711,120.58895,-1,48,0
909,911,44.63679325,2.068968512,27.95992,120.64877,27.96141,120.73461,-1,2,0
1529,2857,-34.02845347,-51.79785967,28.10206,120.54994,28.09805,120.59534,9,87,0
426,2213,-58.39488255,-1.691374829,28.025933,120.641498,28.0397,120.63304,7,17,0
347,2873,21.8789135,36.12319678,27.98785,120.71681,28.000323,120.727524,7,20,0
1027,2906,-37.75512153,-54.8804267,28.08394,120.58605,28.08007,120.56796,9,305,0
141,389,-18.15042315,-13.74847421,28.00949,120.617241,28.01058,120.62116,4,83,0
1572,2653,-38.03210898,-37.43019899,28.02693,120.60664,28.03697,120.58917,-1,152,0
646,832,-63.16652954,16.07391687,28.02101,120.67872,28.05231,120.68005,-1,16,0
295,1444,-0.439354483,-3.510750684,28.02333,120.57606,28.019216,120.588125,9,21,0
1753,1783,12.19573735,-17.77963436,27.96526,120.65283,27.96607,120.65206,5,247,0
515,2668,15.6080522,-27.78799438,27.96781,120.62801,27.94903,120.59549,-1,76,0
446,2182,10.5685497,-36.0453654,27.98581,120.61459,27.96515,120.61124,8,17,0
2,1416,-35.73270905,19.49791405,28.00506,120.63866,28.01137,120.64581,3,66,0
300,2301,39.28970994,13.52494454,27.9685,120.75992,27.97211,120.77582,10,78,0
682,1112,-56.20610168,-22.81352809,28.0412,120.629,28.05274,120.62436,7,338,0
2130,2336,70.18736182,19.94309813,27.85823,120.80871,27.87937,120.8036,6,48,0
2003,2787,-0.004353782,28.08578352,28.00191,120.67862,28.00461,120.6752,4,3,0
1262,2080,-0.436430206,11.07368302,27.98453,120.66027,27.994449,120.671107,4,19,0
1950,2881,22.76096284,40.91022554,27.99139,120.71952,28.00606,120.714808,7,28,0
2686,2792,-18.17212024,30.13828516,28.0508,120.683,28.02302,120.66759,-1,9,0
673,1385,-53.31111916,-23.95694186,28.05464,120.60495,28.05153,120.62762,7,144,0
2282,2842,2.100627068,45.91071861,27.99125,120.69051,27.98853,120.69743,4,233,0
1791,2770,64.15176631,24.52260798,27.86862,120.78313,27.85916,120.78527,6,1466,0
1170,1736,-35.69009231,-5.278308547,28.023333,120.636389,28.029592,120.6244,-1,0,0
98,1870,-5.356545587,-3.031501607,27.996306,120.644374,27.99576,120.6574,3,17,0
77,704,-10.25770029,-2.10099795,28.00743,120.64853,28.001326,120.643433,3,64,0
403,2901,32.96733943,41.07277826,27.98093,120.71034,27.97339,120.7071,-1,2491,0
317,415,-45.97038858,28.01654449,28.01994,120.655,28.01975,120.65219,3,2169,0
280,308,-37.98046299,-57.67756587,28.07993,120.58958,28.07118,120.58698,9,991,0
515,1311,-0.662848933,-36.55810174,27.96781,120.62801,27.98966,120.57449,8,9,0
1007,1794,24.64646275,1.568615329,27.96558,120.68672,27.94302,120.67619,5,86,0
35,2840,-28.45437464,-52.99754268,28.06905,120.57281,28.04323,120.58656,9,61,0
1445,1483,31.38053301,47.79917961,27.99263,120.7145,27.9897,120.71206,7,218,0
1239,2863,32.23259864,-46.69955338,27.87124,120.64996,27.888,120.649,3,83,0
1758,2099,-2.725294429,39.87176057,27.99447,120.68038,27.99084,120.68506,4,227,0
109,1592,-16.67986019,-48.89966101,28.03316,120.59087,28.04448,120.57033,9,21,0
382,1347,-29.34400677,20.66066348,28.01967,120.6623,28.01058,120.65406,3,92,0
1338,1455,-55.52543757,-22.08363846,28.056963,120.625239,28.03905,120.62757,7,189,0
154,794,17.59909533,-48.34452856,27.9473,120.56566,27.96834,120.57402,-1,198,0
693,912,28.40808669,27.73177573,27.97736,120.73532,27.98324,120.72334,10,93,0
562,2824,44.63110878,-19.71957701,27.92439,120.70333,27.92444,120.70304,3,466,0
1442,2656,-37.99269581,12.21920094,28.021742,120.649455,28.024797,120.649708,-1,99,0
1185,1946,-39.25416299,39.92774111,28.01522,120.66252,28.015216,120.662524,3,144,0
1578,1966,5.902954241,-53.36392916,27.97058,120.5853,27.99619,120.58337,8,56,0
1879,2750,8.323507625,34.97506384,27.999526,120.680665,28.00455,120.70115,-1,4,0
972,2250,36.4779186,-14.03949488,27.94366,120.68317,27.92446,120.6923,-1,244,0
192,521,-13.52180897,40.97850585,28.002732,120.666557,27.99979,120.66739,3,94,0
1958,2433,-47.37162349,31.34122676,28.01842,120.65967,28.02202,120.66394,3,9461,0
604,1008,-43.84601403,-30.00504122,28.015777,120.594444,28.06212,120.60705,-1,0,0
2670,2755,0.143966794,30.18620243,28.004123,120.680295,27.99953,120.68067,4,2,0
455,2050,24.53563201,35.6598843,27.992983,120.713162,27.99268,120.71424,7,11,0
1033,1804,-16.56260589,-15.99045211,28.007951,120.626328,28.00502,120.61628,4,84,0
2046,2779,70.77572294,13.3856653,27.88702,120.81085,27.9069,120.82629,6,105,0
13,1015,-30.13582837,-24.3242496,28.02484,120.61133,28.02245,120.61239,3,47,0
512,823,21.5257853,-13.63408662,27.96138,120.66311,27.9511,120.66043,5,241,0
160,1308,9.414239535,18.41708454,27.97864,120.71467,27.98404,120.68203,-1,46,0
487,1549,18.08034702,25.93693285,27.98776,120.67428,27.98966,120.70619,-1,89,0
438,1560,-50.51127437,-25.91491119,28.03933,120.62364,28.034241,120.588717,-1,16,0
1481,2718,14.97498811,-30.2316249,27.96111,120.6227,27.94477,120.59481,-1,2,0
1430,2160,40.42364308,5.353727444,27.9498,120.72544,27.9668,120.7548,10,138,0
643,837,-42.69995916,-12.36559866,28.04355,120.65147,28.040151,120.648416,7,165,0
2208,2486,-67.82772452,11.0233534,28.047396,120.656783,28.04854,120.66293,7,184,0
1388,2415,-39.57082838,17.06178438,28.01822,120.64711,28.02,120.655,3,62,0
697,2353,30.39839746,-20.65215005,27.92414,120.70279,27.973777,120.682079,-1,3,0
1638,2127,-7.731266171,41.94280143,27.99258,120.67111,27.98869,120.6726,4,934,0
551,2560,63.10843631,18.18056804,27.86131,120.79032,27.86448,120.80129,6,0,0
1913,2938,-19.45554428,-26.80051029,28.02588,120.60418,28.02158,120.59654,3,20,0
1839,2663,36.87007402,18.02553044,27.97706,120.75192,27.99627,120.72691,-1,27,0
1055,1296,73.92995846,4.782484375,27.89321,120.79688,27.89897,120.79855,6,11568,0
871,2415,-35.41992343,12.2140811,28.02285,120.64607,28.02,120.655,3,63,0
2023,2788,9.202154158,-31.60387135,27.97172,120.61373,27.96243,120.65546,-1,2,0
1151,1896,-39.01422384,-52.47283764,28.082463,120.58878,28.10296,120.57827,9,130,0
1964,2706,-61.98400713,17.06101636,28.05262,120.666572,28.05757,120.67252,7,18,0
1011,2189,-31.33382039,-7.07555057,28.01687,120.63372,28.01722,120.63141,4,103,0
1250,1605,-47.14260885,5.541001818,28.01482,120.63721,28.01353,120.6398,3,361,0
1496,2005,21.50024296,3.101367147,27.97767,120.70127,27.92325,120.6878,-1,3,0
48,1263,-22.95100047,40.59496136,28.01947,120.67661,28.02077,120.6738,3,539,0
1867,2010,-1.825698476,36.60192052,27.9905,120.6805,27.99742,120.68104,4,39,0
682,2642,-63.8421818,4.445656722,28.0412,120.629,28.03965,120.64593,7,129,0
1961,1998,-1.990433787,-26.10775624,27.98795,120.62329,27.987217,120.623164,8,850,0
522,1876,21.23192303,-42.02407149,27.95536,120.60011,27.954186,120.587915,10,3488,0
1502,2227,6.38120658,6.374324243,27.991292,120.664871,27.98375,120.66578,4,2789,0
46,1708,-17.21698544,-30.53490087,28.04917,120.61056,28.02381,120.59717,-1,24,0
1416,1812,-24.7276074,6.362896172,28.01137,120.64581,28.01671,120.64947,3,26,0
763,1845,35.78370552,27.60444164,27.97775,120.74248,27.99406,120.72557,-1,42,0
475,950,4.729379059,-42.23066212,27.98226,120.62389,27.98069,120.61263,8,3840,0
1443,2456,-24.2731239,39.75671975,28.02212,120.67074,28.022125,120.670739,3,5678,0
515,1643,6.255677943,-38.31682357,27.96781,120.62801,27.98054,120.61279,8,56,0
291,2318,-44.06862667,15.85234897,28.023257,120.659016,28.0217,120.647,3,469,0
1534,1628,-24.30644761,45.10762668,28.017189,120.678534,28.01497,120.68572,-1,1264,0
584,1643,4.978444355,-25.59269254,27.99383,120.62841,27.98054,120.61279,8,22,0
77,1687,-33.12342719,23.51819375,28.00743,120.64853,28.0134,120.65344,3,28,0
1037,1824,41.99157194,-23.79887421,27.9231,120.70471,27.9227,120.70332,3,52,0
332,646,-10.13202646,31.117969,28.00341,120.68731,28.02101,120.67872,-1,2,0
2176,2209,15.6593337,-14.69972776,27.95843,120.65338,27.96734,120.67106,5,178,0
728,1933,1.81988962,7.07864628,27.98895,120.65771,27.9843,120.66116,4,85,0
408,1273,-52.61984358,-26.53960322,28.05042,120.6339,28.02347,120.61544,-1,33,0
2132,2439,-18.85801788,-52.0198902,28.043908,120.588971,28.04261,120.57226,9,20,0
384,2528,-25.51330574,-2.919846963,28.01405,120.63301,28.023744,120.653645,-1,33,0
552,2793,39.44883137,0.003420284,27.96536,120.74141,27.96841,120.73048,10,6654,0
41,2668,17.5252898,-35.34893099,27.95746,120.61208,27.94903,120.59549,10,178,0
1376,1574,33.22233009,29.78301362,27.99176,120.72451,27.980622,120.731705,-1,59,0
1753,2481,12.00119378,-17.05035653,27.96526,120.65283,27.97265,120.66766,5,1127,0
773,858,3.983300094,18.84160388,27.989406,120.673557,27.985,120.676,4,400,0
803,2686,-62.79206314,16.96345824,28.02715,120.65114,28.0508,120.683,7,39,0
1848,2131,26.66300264,-11.4806082,27.96164,120.66747,27.97509,120.65593,5,240,0
227,1736,-56.46129876,-19.19228559,28.05333,120.63083,28.029592,120.6244,7,178,0
1977,2597,-9.838782577,41.95414521,27.99753,120.67522,27.993358,120.671015,4,81,0
4,1460,-3.588407941,-20.61405123,27.98663,120.61963,27.985304,120.632788,8,645,0
461,520,68.71475848,12.81351332,27.8974,120.81737,27.88953,120.79251,6,28,0
331,638,-14.14231942,-12.25086927,28.03958,120.62042,27.99736,120.62159,-1,8,0
1496,1911,30.04487064,40.21628417,27.97767,120.70127,27.97773,120.72673,-1,15,0
1283,2282,2.573453022,37.25329907,27.992019,120.689101,27.99125,120.69051,4,49,0
1947,2353,14.0252516,15.21424907,27.98803,120.67876,27.973777,120.682079,-1,47,0
1105,1760,-33.38794603,21.59634354,28.00791,120.64843,28.01143,120.64969,3,198,0
893,1801,-11.19180146,38.99311979,28.00209,120.66254,27.99838,120.67269,-1,11,0
908,1996,39.39285763,32.45917975,27.971495,120.733406,27.96722,120.73585,10,230,0
457,803,-37.3639688,6.38769672,28.01851,120.70462,28.02715,120.65114,7,6,0
292,2065,-39.9433563,6.350140929,28.02857,120.65898,28.03893,120.65902,7,29,0
2616,2804,8.47016709,47.98575487,28.018222,120.70197,28.02126,120.68452,7,6,0
2031,2034,-35.07891037,0.870222013,28.024044,120.64407,28.024044,120.644074,3,4,0
86,2712,-41.95978335,23.56954782,28.01563,120.65181,28.01694,120.64891,3,71,0
1025,2842,4.759811937,38.70808045,27.992,120.69598,27.98853,120.69743,4,108,0
1940,2816,-42.09782987,-20.25708685,28.05756,120.60725,28.04411,120.63996,7,38,0
4,42,-5.171531073,3.343622878,27.98663,120.61963,28.0014,120.65569,-1,6,0
268,2683,-4.701614091,13.04850141,28.002086,120.662539,27.9994,120.66709,3,12,0
1274,1306,4.25785789,-26.14692047,27.988034,120.621545,27.99383,120.62833,8,2,0
224,595,-27.09173787,46.07853121,28.01492,120.66976,28.01681,120.67808,3,1531,0
118,2703,-4.677773838,-15.20628545,27.985061,120.633096,27.99103,120.63464,8,207,0
362,1159,-23.39192393,-22.58352092,28.01738,120.60605,28.02791,120.59925,3,73,0
1584,1888,69.08897117,5.942717644,27.89209,120.81396,27.89882,120.82105,6,1133,0
1767,2227,4.941253742,3.269570743,27.97914,120.65482,27.98375,120.66578,-1,135,0
403,2241,30.18879458,38.78813157,27.98093,120.71034,27.98751,120.72346,7,54,0
893,1875,-8.916574883,9.968451845,28.00209,120.66254,28.00338,120.66046,3,13,0
973,2886,38.53635646,-15.7866072,27.93169,120.70193,27.937481,120.703179,3,23,0
267,2775,69.84392575,21.23187596,27.87206,120.80251,27.88321,120.80518,6,1375,0
1998,2550,0.284423715,-26.46824515,27.987217,120.623164,27.98622,120.61752,8,190,0
387,721,-9.02575571,-43.09689154,28.0246,120.58292,28.023333,120.576055,9,301,0
378,2571,50.8948159,-8.668472147,27.96458,120.79525,27.95427,120.8335,-1,195,0
59,155,61.50943478,7.953193725,27.90238,120.80278,27.90066,120.82456,6,71,0
273,2316,-33.40178482,-26.92554739,28.02613,120.64691,28.0271,120.60091,-1,0,0
189,1843,16.17713579,17.90984514,27.98396,120.69007,27.983923,120.680378,4,27,0
774,2714,67.67770888,12.86122962,27.88389,120.81707,27.8832,120.80518,6,76,0
1576,2420,7.271789177,-36.17427047,27.970529,120.613192,27.98362,120.61785,8,40,0
1600,2312,33.42049818,-26.80272119,27.92162,120.70502,27.92006,120.70628,3,44,0
407,1577,-11.38260116,-43.5393043,28.026727,120.58226,28.04175,120.58651,9,78,0
520,1791,60.7842923,16.93052537,27.88953,120.79251,27.86862,120.78313,6,19,0
214,2189,-26.50703056,-9.136538542,28.01125,120.625528,28.01722,120.63141,4,15,0
74,556,-31.01386286,33.30799489,28.00263,120.65852,27.99014,120.62903,-1,2,0
1519,2469,37.48899383,15.46357083,27.97433,120.75966,28.00923,120.72917,-1,0,0
960,1401,-43.77305209,18.48660978,28.021679,120.650433,28.01999,120.65209,3,327,0
403,1980,24.80812199,27.52383213,27.98093,120.71034,27.9546,120.667,-1,3,0
691,1159,-31.32254248,-43.3110524,28.05782,120.58736,28.02791,120.59925,-1,12,0
1803,1926,-35.13032452,40.74167173,28.01235,120.66512,28.01239,120.67322,3,32,0
772,1189,-44.86054284,-31.25797761,28.05187,120.61117,28.04554,120.61485,7,180,0
1276,2316,-3.169577975,-34.35066973,28.00066,120.58221,28.0271,120.60091,-1,40,0
397,1944,1.52544319,-38.3178462,27.98278,120.56366,27.97112,120.57378,8,90,0
604,2575,-15.65291881,-27.68395151,28.015777,120.594444,28.02926,120.59028,-1,0,0
259,2450,-68.41679235,10.04163872,28.05022,120.66531,28.04901,120.63968,7,111,0
2453,2588,-37.66337903,-33.18874166,28.04644,120.60417,28.02213,120.5743,-1,2,0
1723,2196,-11.21775653,22.76693368,28.01437,120.67295,28.0176,120.6671,3,90,0
315,373,-36.89861029,-63.48983565,28.09085,120.54804,28.09339,120.55599,9,1078,0
739,1003,27.99361114,12.34270922,28.0287,120.8004,28.01839,120.82983,2,198,0
2496,2774,46.60102099,2.868493806,27.94412,120.76969,27.96407,120.76438,10,63,0
1419,2049,-51.0302532,-6.977207811,28.01125,120.62553,28.01711,120.63167,4,114,0
909,1007,11.93636773,-7.78757395,27.95992,120.64877,27.96558,120.68672,5,0,0
866,1821,47.84789424,26.83803559,27.97155,120.73972,27.98011,120.74803,10,1276,0
525,1408,37.68462633,-20.37926226,27.92276,120.70713,27.92298,120.7071,3,333,0
759,2673,41.52847482,25.49896023,27.97238,120.74249,27.96916,120.74277,10,313,0
335,795,40.51720458,-49.37881727,27.93483,120.66784,27.91839,120.66065,-1,526,0
1124,1305,62.66204495,-3.99498217,27.92529,120.82185,27.92668,120.81126,6,100,0
718,2798,32.98815991,0.210229505,27.96911,120.72368,27.96855,120.72659,10,0,0
1582,2032,13.96555999,0.273124769,27.96936,120.67444,27.971743,120.676601,5,1679,0
827,1837,-3.116586657,-14.838986,27.989718,120.637748,27.98603,120.63754,8,10,0
1351,1441,-66.78784824,6.766052551,28.04387,120.63355,28.04381,120.65767,7,54,0
1618,2575,-14.62872116,-27.02525036,28.00977,120.60049,28.02926,120.59028,-1,11,0
1519,2360,47.93096957,16.82819797,27.97433,120.75966,27.97589,120.75072,10,466,0
1653,2294,-16.27472176,10.6275876,28.00714,120.65555,28.017358,120.65303,3,23,0
1821,1839,49.55303672,24.11183084,27.98011,120.74803,27.97706,120.75192,10,42255,0
1194,1956,28.6385885,-4.964391135,27.9573,120.67705,27.96946,120.72066,-1,54,0
1942,2119,40.18244303,27.0705288,27.97292,120.74185,27.97513,120.74591,10,11,0
1386,2149,22.70201684,9.938095223,27.98557,120.68544,27.98472,120.69611,4,2610,0
117,2847,-20.03962964,-45.74178856,28.026108,120.592702,28.041041,120.588459,-1,56,0
1725,1740,56.54018741,-1.95041247,27.9273,120.83646,27.9275,120.83694,6,155,0
77,2936,-12.70423683,12.17138828,28.00743,120.64853,28.00577,120.65343,3,41,0
45,382,-17.80322386,20.69544779,28.019513,120.658462,28.01967,120.6623,3,5,0
735,2778,-7.669263939,-18.67257391,27.993371,120.637184,27.99859,120.64039,-1,660,0
1067,2366,17.88927724,6.002160597,27.974212,120.684207,27.97973,120.67677,5,2,0
2302,2362,42.80314559,-29.47518016,27.92002,120.70535,27.92159,120.70412,3,415,0
79,1815,31.36002865,-28.09723728,27.921889,120.696181,27.92444,120.68972,3,52,0
2080,2120,-10.17427698,12.11221082,27.994449,120.671107,28.00312,120.65388,-1,89,0
1050,2543,9.659961057,1.24085169,27.976339,120.671208,27.978448,120.671401,5,18,0
643,1608,-68.03169987,6.545886605,28.04355,120.65147,28.0453,120.65749,7,12353,0
487,2508,7.786192334,14.44692475,27.98776,120.67428,27.96724,120.66561,-1,11,0
1689,2188,-26.2169154,-1.630761137,28.02095,120.64389,28.02031,120.62527,-1,101,0
2451,2476,12.72026373,42.82943737,28.01596,120.72171,27.99996,120.71136,7,0,0
2537,2726,67.59811826,-5.260205436,27.92328,120.80462,27.9296,120.80677,6,259,0
1720,1724,16.54303987,37.58144016,28.00064,120.70523,28.00258,120.70728,7,72,0
1483,2142,32.78550495,47.01075991,27.9897,120.71206,27.98684,120.71242,7,8147,0
1123,1599,11.46629134,-29.04601015,27.96552,120.64757,27.955208,120.625696,-1,125,0
264,1779,-14.36580627,16.37627663,28.01535,120.66232,28.01179,120.65261,3,82,0
959,2433,-15.3075677,19.09928469,28.009115,120.657413,28.02202,120.66394,3,13,0
996,2921,-47.25710308,-21.91161738,28.04161,120.62551,28.04626,120.62812,7,57,0
794,2445,6.011406926,-51.44862819,27.96834,120.57402,27.992515,120.595201,8,117,0
623,1860,22.6371795,2.21499633,27.94373,120.68649,27.97729,120.68651,-1,62,0
1092,2261,16.585701,1.831701014,27.96187,120.66042,27.97054,120.68557,5,9,0
1373,2762,-35.94013267,42.96340602,28.01793,120.66445,28.01919,120.67036,3,5712,0
1962,2497,34.51978295,-12.63875638,27.89658,120.7334,27.92371,120.73494,3,544,0
690,1020,4.886512783,35.90042473,28.0021,120.68989,28.00029,120.70357,-1,14,0
116,739,24.83128396,14.72044889,28.06043,120.80995,28.0287,120.8004,2,63,0
202,2106,-31.29417396,28.98837731,28.0087,120.65515,28.00878,120.65515,3,173,0
80,576,-30.45243373,-6.279758702,28.01143,120.62756,28.02002,120.63138,-1,14,0
1991,2446,-11.73838797,41.9307386,28.00104,120.67237,27.98763,120.66308,-1,90,0
570,986,-35.70643168,-45.01895547,28.0722,120.5703,28.077531,120.587363,9,44,0
692,1613,4.9028878,58.36367046,28.00622,120.6991,28.00291,120.69868,7,799,0
1186,2287,-9.593010029,-1.693976596,28.00302,120.64575,28.002169,120.645773,3,13,0
262,2229,-7.009635031,6.799893578,27.998528,120.6532,27.99852,120.65649,3,14,0
306,1980,28.613427,-12.41319784,27.93177,120.67802,27.9546,120.667,5,89,0
382,1926,-10.51698441,22.82990073,28.01967,120.6623,28.01239,120.67322,3,0,0
983,2539,7.882890611,-9.91224657,27.97699,120.64991,27.97231,120.62724,-1,4,0
1753,1895,28.46194233,5.361207491,27.96526,120.65283,27.96905,120.70307,-1,6,0
252,1821,36.81150182,18.11251681,27.9874,120.73534,27.98011,120.74803,10,77,0
312,318,7.180651558,-11.13161516,27.97483,120.67456,27.97271,120.64743,5,59,0
2617,2968,-46.23584465,15.26731223,28.02136,120.65561,28.02802,120.6546,-1,57,0
688,2424,-5.93484748,25.6074599,28.008405,120.68283,28.01008,120.67058,-1,29,0
84,1759,-22.42081896,44.38799003,28.01988,120.68913,28.018481,120.682668,-1,219,0
178,1433,-42.8940321,23.86420394,28.01444,120.65108,28.015196,120.648057,3,4570,0
3,1744,-20.15549927,-55.63207212,28.03927,120.5877,28.049438,120.581163,9,162,0
27,1886,13.87167506,43.62545868,28.00949,120.71444,28.010095,120.696678,7,24,0
1416,1760,-37.78231779,26.10695318,28.01137,120.64581,28.01143,120.64969,3,352,0
901,1363,63.65974187,19.56413296,27.86601,120.77885,27.87025,120.79516,6,18,0
1316,2848,23.79702183,0.331535002,27.97332,120.71019,27.965369,120.686131,-1,7,0
846,1378,37.80111206,15.78400252,28.00453,120.74869,27.9833,120.74401,-1,13,0
1794,2248,25.55416369,2.287769499,27.94302,120.67619,27.97512,120.69186,-1,115,0
673,1098,-55.27452339,-32.44638509,28.05464,120.60495,28.0475,120.62333,7,456,0
1501,1940,-48.16093213,-42.70215721,28.05557,120.61784,28.05756,120.60725,7,4037,0
1335,2805,57.11394795,-1.759116918,27.92006,120.82563,27.92301,120.8262,6,57,0
572,1966,6.306311452,-56.19596702,27.99271,120.56614,27.99619,120.58337,8,163,0
1228,1584,68.04301192,14.51158421,27.873505,120.818568,27.89209,120.81396,6,26,0
1590,2887,-16.66468187,-50.72702627,28.02239,120.59436,28.04609,120.57533,-1,22,0
1331,2048,-35.6801377,-49.39664826,28.07361,120.61293,28.07875,120.58356,9,23,0
1981,2840,-49.14904982,-32.18207071,28.04382,120.61146,28.04323,120.58656,-1,35,0
89,1388,-42.14154321,21.75278081,28.0164,120.65703,28.01822,120.64711,3,71,0
2236,2620,-4.063224641,19.07735021,27.9946,120.674,28.005401,120.667985,-1,28,0
477,2125,17.40376268,41.0878653,27.994763,120.731284,28.005059,120.711717,7,7,0
1483,1679,30.03052586,47.6057503,27.9897,120.71206,27.99338,120.70875,7,1222,0
1328,2444,-6.888374206,38.2086528,27.99862,120.67265,27.99277,120.67775,4,17,0
2012,2528,-47.28649451,10.51159483,28.02392,120.644412,28.023744,120.653645,-1,181,0
792,864,-15.26951335,-48.67102083,28.040732,120.576351,28.03948,120.56891,9,127,0
1455,2658,-37.08084558,-14.42920248,28.03905,120.62757,28.023438,120.62652,7,3,0
293,2189,-38.6917904,-3.711974013,28.02476,120.635142,28.01722,120.63141,-1,54,0
308,1533,-32.01540232,-55.85820024,28.07118,120.58698,28.06943,120.56735,9,179,0
560,2687,10.33335582,66.26505075,28.016323,120.703784,28.0443,120.70804,7,150,0
1229,1515,-38.84352937,33.06624673,28.01112,120.65735,28.01034,120.65781,3,446,0
182,2049,-27.20467137,-15.03412448,28.01939,120.61656,28.01711,120.63167,-1,24,0
2254,2592,59.9551757,-3.284497268,27.923401,120.816621,27.93254,120.82423,6,84,0
31,1478,-49.60415692,0.726025944,28.02343,120.63235,28.02333,120.63639,-1,65,0
2137,2954,-70.14308939,11.20083462,28.04852,120.65349,28.05735,120.66573,7,110,0
542,2616,12.25186242,53.59947864,28.00788,120.70268,28.018222,120.70197,7,36,0
1237,1811,35.53877819,-47.81738586,27.888329,120.714934,27.89896,120.665197,3,76,0
1007,2562,22.11342074,1.21231121,27.96558,120.68672,27.96972,120.68472,5,42,0
2453,2542,-37.58454286,-33.68303687,28.04644,120.60417,28.01903,120.61189,-1,28,0
292,595,-37.18377887,6.759237986,28.02857,120.65898,28.01681,120.67808,-1,2,0
883,1053,26.88535546,30.74208076,27.99238,120.73064,27.99068,120.7167,7,29,0
361,581,49.95138236,0.701585674,27.95277,120.79908,27.93237,120.77134,-1,0,0
1759,1958,-17.58273425,21.37530614,28.018481,120.682668,28.01842,120.65967,3,38,0
682,2921,-58.63947925,-25.4728213,28.0412,120.629,28.04626,120.62812,7,1585,0
1385,2743,-57.83700341,-22.29972192,28.05153,120.62762,28.049957,120.622963,7,3957,0
605,1398,-14.01803036,-35.07498363,28.0258,120.57913,28.02438,120.60303,-1,44,0
334,1119,-0.575633776,-25.71921936,27.984462,120.62474,27.98495,120.62353,8,116,0
2187,2779,60.66680598,10.09910006,27.89058,120.80958,27.9069,120.82629,6,5,0
1288,2362,34.5999236,-25.99143047,27.91607,120.69654,27.92159,120.70412,3,109,0
803,916,-15.14518525,16.7605266,28.02715,120.65114,28.01381,120.65692,-1,29,0
288,2696,0.443664093,-5.243628168,27.92329,120.7048,27.92345,120.70485,3,90,0
1071,1110,30.71623119,-21.73831393,27.92798,120.69488,27.946867,120.69923,-1,25,0
872,1306,-2.818029155,-14.42432207,27.98477,120.64882,27.99383,120.62833,-1,3,0
291,1230,-41.92021008,9.411169581,28.023257,120.659016,28.02816,120.65689,-1,58,0
1456,1878,41.70528752,13.6489234,27.9905,120.76564,27.97253,120.76819,10,4,0
449,1412,34.73368615,-26.90610429,27.93173,120.70133,27.92129,120.70489,3,49,0
1310,2197,-57.0539922,-26.13160779,28.0436,120.62548,28.04449,120.62163,7,387,0
1430,2123,34.90680853,-1.784337413,27.9498,120.72544,27.92383,120.67387,-1,3,0
1698,2114,16.98109824,-9.483262242,27.95861,120.665556,27.94806,120.66035,5,195,0
919,1162,-23.24264534,25.75968105,28.01517,120.66789,28.01597,120.66415,3,80,0
1286,2890,-24.53213505,5.854492998,28.01117,120.65006,28.02424,120.6348,3,17,0
585,940,10.21432124,51.37047865,28.00115,120.70215,28.00288,120.71024,7,2,0
991,1759,-42.2800613,9.641914994,28.02726,120.65732,28.018481,120.682668,-1,0,0
189,1679,17.48840982,24.9747668,27.98396,120.69007,27.99338,120.70875,-1,6,0
284,818,29.67382363,-22.63682043,27.92764,120.69437,27.94749,120.64401,-1,2,0
1591,2694,13.54119481,34.8492578,28.00528,120.70899,28.00118,120.70197,7,16,0
1494,2743,-49.8304242,-18.41630077,28.04977,120.64759,28.049957,120.622963,7,40,0
487,1568,-1.784364909,41.92796411,27.98776,120.67428,27.98641,120.68048,4,116,0
539,1990,-26.25657,14.74756243,28.01516,120.65303,28.02045,120.65999,3,9,0
1549,2099,18.36577078,31.02883538,27.98966,120.70619,27.99084,120.68506,-1,27,0
659,794,11.04588008,-51.56171369,27.98025,120.58452,27.96834,120.57402,8,193,0
331,1424,-30.73105258,-21.7770301,28.03958,120.62042,28.02108,120.60101,-1,39,0
779,1094,-29.69260596,-35.41600798,28.03387,120.594038,28.01845,120.59962,-1,7,0
5,1253,-63.47022022,18.69413905,28.05615,120.67115,28.08997,120.75321,-1,118,0
214,331,-34.05967148,-20.08867881,28.01125,120.625528,28.03958,120.62042,-1,5,0
1855,2915,8.846658514,17.89854741,27.98606,120.67631,27.98732,120.68157,4,28,0
539,1779,-19.61080396,10.73256073,28.01516,120.65303,28.01179,120.65261,3,30,0
619,1932,-28.58395581,26.03626906,28.01319,120.65921,28.01062,120.65932,3,33,0
520,1055,74.48436778,5.579663147,27.88953,120.79251,27.89321,120.79688,6,7298,0
72,2970,20.66505027,-32.0294182,27.97367,120.59704,27.9567,120.57364,-1,39,0
202,1261,-11.76780318,9.662028211,28.0087,120.65515,28.00417,120.65509,3,75,0
1321,1360,12.61933197,29.61598841,27.99863,120.68954,27.993854,120.698744,4,36,0
1263,2894,-21.46725452,38.23526621,28.02077,120.6738,28.01941,120.67004,3,136,0
1362,1557,71.88067566,4.437811257,27.89369,120.80917,27.90165,120.81193,6,911,0
403,943,34.0411002,41.76834922,27.98093,120.71034,27.98369,120.71502,7,9619,0
1870,2229,-30.19306403,35.74605472,27.99576,120.6574,27.99852,120.65649,3,5195,0
2450,2746,-41.30680542,-19.88870278,28.04901,120.63968,28.03863,120.61579,7,19,0
628,2691,59.57244099,-11.66858025,27.92742,120.82878,27.93204,120.83665,6,2193,0
264,2617,-45.66282738,32.93777236,28.01535,120.66232,28.02136,120.65561,3,230,0
1061,2325,42.14200474,-29.99853656,27.92415,120.70545,27.91782,120.69607,3,558,0
4,2096,5.195707705,-43.20788565,27.98663,120.61963,27.97745,120.61375,8,230,0
935,2190,16.97273169,14.06504656,27.97987,120.68111,27.98235,120.67423,-1,5243,0
2252,2452,-27.72047718,26.1848442,28.0135,120.659,28.0105,120.66068,3,25,0
1483,1718,25.18049853,40.35108982,27.9897,120.71206,28.001831,120.717278,7,4,0
650,2937,33.05605724,27.03126503,27.980495,120.729412,27.97398,120.7324,10,81,0
480,1345,-18.94528803,-14.84099239,28.00513,120.61333,28.00711,120.61047,4,1485,0
2140,2164,-8.340146674,19.95215089,28.01066,120.66821,28.01286,120.66582,3,36,0
1453,1819,-3.028579858,-7.545258194,27.99832,120.6366,27.996696,120.603355,-1,0,0
582,2714,70.52853453,17.75865771,27.86958,120.81319,27.8832,120.80518,6,255,0
2012,2087,-27.86805935,-0.362694773,28.02392,120.644412,28.02363,120.66164,3,16,0
422,2618,11.89485819,47.23341148,28.00525,120.70299,28.016323,120.704,7,15,0
828,1947,6.369078841,17.18972181,27.96168,120.677789,27.98803,120.67876,-1,2,0
141,766,-14.76345669,-14.29416547,28.00949,120.617241,28.00726,120.61292,4,53,0
1204,1407,14.87216243,-29.83977785,27.94777,120.6125,27.97235,120.62717,-1,41,0
213,889,-23.40185387,-2.415751281,28.01009,120.63564,28.01038,120.64104,3,11,0
883,1747,31.88382456,35.5622837,27.99238,120.73064,27.978667,120.735061,-1,395,0
1958,2452,-38.80708596,37.30153005,28.01842,120.65967,28.0105,120.66068,3,208,0
1408,1600,36.43172376,-22.37183515,27.92298,120.7071,27.92162,120.70502,3,13,0
361,2243,69.72787085,-10.59994876,27.95277,120.79908,27.94879,120.80808,2,8017,0
888,1373,-16.97526516,24.34589834,28.01812,120.66749,28.01793,120.66445,3,32,0
42,1132,-31.81906494,32.53682667,28.0014,120.65569,27.99853,120.6532,3,88,0
347,911,25.80770719,26.89736696,27.98785,120.71681,27.96141,120.73461,-1,57,0
1308,1472,13.22964112,19.44848111,27.98404,120.68203,27.99188,120.69412,4,2,0
202,1259,-5.940071215,-2.548442787,28.0087,120.65515,28.00517,120.6494,3,9,0
1582,1956,13.85996875,-2.849385074,27.96936,120.67444,27.96946,120.72066,-1,15,0
846,1718,9.746198703,68.77689095,28.00453,120.74869,28.001831,120.717278,7,48,0
2278,2717,-51.05071744,18.96599426,28.0258,120.65965,28.024111,120.656361,-1,136,0
841,1587,-24.33651295,-1.171614879,28.0171,120.63698,28.00917,120.64028,3,32,0
1980,2036,18.18350181,-4.199116945,27.9546,120.667,27.97268,120.68433,5,20,0
613,2620,-7.580300154,10.54056291,27.999,120.659,28.005401,120.667985,3,2,0
234,1347,-18.61590362,4.370032904,28.01828,120.62547,28.01058,120.65406,-1,22,0
1283,2061,9.741951435,20.1658738,27.992019,120.689101,27.98839,120.68338,4,22,0
936,2188,-51.83659561,-5.69872539,28.02145,120.63334,28.02031,120.62527,-1,1488,0
817,2640,-10.06712782,-41.17879372,28.02382,120.58085,28.02725,120.57841,9,47,0
1108,2824,42.23841806,-19.01770254,27.924685,120.69711,27.92444,120.70304,3,90,0
924,1535,-40.38051211,-9.660167761,28.03883,120.63972,28.03768,120.63277,7,48,0
382,955,-40.1082284,6.698368298,28.01967,120.6623,28.04133,120.65311,-1,3,0
609,1736,-55.87564967,-7.865833002,28.02096,120.62016,28.029592,120.6244,-1,3404,0
1689,2053,-26.22505407,-0.853427027,28.02095,120.64389,28.01003,120.63016,-1,2,0
2299,2791,3.908488526,-56.4579664,28.00512,120.57293,27.99739,120.58551,8,172,0
133,1980,22.69428978,-10.31559222,27.9535,120.69621,27.9546,120.667,5,146,0
387,1474,-8.351774983,-47.25211287,28.0246,120.58292,28.02436,120.58545,9,22130,0
414,920,15.94710448,-39.37517813,27.96162,120.59686,27.94553,120.6091,10,15,0
828,2405,24.15244081,-2.972313203,27.96168,120.677789,27.96984,120.68551,5,7927,0
307,1179,-24.00952471,21.17395675,28.01573,120.65876,28.01715,120.66124,3,98,0
1744,2602,-19.90013563,-56.84004249,28.049438,120.581163,28.041463,120.586511,9,218,0
673,961,-36.08782809,-44.31770539,28.05464,120.60495,28.06451,120.58223,-1,25,0
1108,2875,42.02874706,-22.37601733,27.924685,120.69711,27.92368,120.70347,3,84,0
623,1699,17.4222588,-1.276318263,27.94373,120.68649,27.97659,120.67899,5,70,0
1755,2123,34.13582847,-37.33843537,27.916499,120.696973,27.92383,120.67387,3,128,0
542,820,11.17007555,57.55447031,28.00788,120.70268,28.00789,120.70721,7,389,0
1103,1460,4.097659293,-19.67402963,27.97694,120.62826,27.985304,120.632788,8,358,0
1845,2578,23.31255671,39.14963329,27.99406,120.72557,27.99188,120.71874,7,8,0
79,537,39.72139959,-30.78513916,27.921889,120.696181,27.91572,120.69582,3,110,0
2622,2686,-64.85659305,16.9867167,28.0547,120.64565,28.0508,120.683,7,271,0
565,2955,-15.1596621,25.55008875,28.00841,120.66454,28.02188,120.66555,3,16,0
2392,2512,-0.751750487,33.22160097,28.00878,120.68835,27.99935,120.67604,-1,4,0
207,2373,-31.69706181,35.35840918,27.99871,120.65225,27.99672,120.65264,3,435,0
1878,1948,42.0489702,19.21957281,27.97253,120.76819,27.96583,120.74971,10,20,0
1306,2797,-3.636604107,-23.5582973,27.99383,120.62833,27.987898,120.629043,8,256,0
2070,2557,-9.288439392,32.41466358,28.01513,120.6794,28.014329,120.680824,3,40,0
1342,1699,5.70409231,23.74292809,28.00491,120.67627,27.97659,120.67899,-1,0,0
2854,2966,59.63892126,5.760835587,27.91056,120.82462,27.90319,120.81717,6,0,0
318,1638,0.078618341,13.91257748,27.97271,120.64743,27.99258,120.67111,-1,10,0
68,2396,-49.38836969,-31.17648291,28.02467,120.61708,28.03985,120.62173,-1,43,0
410,2691,54.01449872,-9.281328403,27.95123,120.82795,27.93204,120.83665,6,872,0
1769,1950,23.67797491,42.42963175,27.998722,120.707177,27.99139,120.71952,7,59,0
1455,2137,-38.81640915,-17.4312337,28.03905,120.62757,28.04852,120.65349,7,45,0
287,638,-4.565821224,-16.46017963,27.986822,120.630326,27.99736,120.62159,8,113,0
293,561,-36.77095272,-1.570289204,28.02476,120.635142,28.02374,120.641626,3,39,0
803,1082,-47.84718654,16.67326958,28.02715,120.65114,28.016688,120.655528,-1,162,0
633,2548,29.31377706,43.71167595,27.98491,120.70392,27.98874,120.70314,-1,73,0
891,1922,64.82487338,22.44672158,27.85508,120.7815,27.85558,120.80096,6,117,0
1084,1900,-36.58914908,-58.0762931,28.09096,120.5847,28.06605,120.58485,9,83,0
331,604,-50.81751885,-30.31074591,28.03958,120.62042,28.015777,120.594444,-1,12,0
1075,1761,-6.72869232,49.03656892,28.00112,120.67853,27.99851,120.67952,4,61,0
325,2336,69.56911156,18.24568038,27.867766,120.811222,27.87937,120.8036,6,39,0
639,2714,66.78218908,14.47428737,27.86661,120.82636,27.8832,120.80518,6,135,0
790,1980,22.53785132,-12.28876686,27.95053,120.66517,27.9546,120.667,5,9156,0
2185,2541,5.650676609,-49.44266345,27.97251,120.60263,27.99417,120.59987,8,179,0
2228,2399,21.26028148,-41.65113771,27.94986,120.5872,27.951096,120.598666,10,899,0
1736,2450,-50.38822718,-20.77063772,28.029592,120.6244,28.04901,120.63968,7,161,0
633,2901,28.48320537,47.73649578,27.98491,120.70392,27.97339,120.7071,-1,9,0
1548,1723,-23.03931103,27.20816063,28.01442,120.66161,28.01437,120.67295,3,11,0
234,408,-40.90276071,-5.637251817,28.01828,120.62547,28.05042,120.6339,-1,9,0
60,1970,61.46329147,19.72652784,27.89629,120.80392,27.87,120.788,6,41,0
475,2319,5.047986241,-41.69301133,27.98226,120.62389,27.97631,120.60491,8,787,0
539,2012,-41.63599918,15.09124252,28.01516,120.65303,28.02392,120.644412,3,88,0
1112,1560,-43.3640322,-31.02330662,28.05274,120.62436,28.034241,120.588717,-1,0,0
112,214,-17.7536507,-18.02887327,28.01472,120.61007,28.01125,120.625528,-1,151,0
651,2453,-40.54088455,-34.50456015,28.05562,120.60146,28.04644,120.60417,7,89,0
659,2076,6.879693858,-54.03306724,27.98025,120.58452,27.99335,120.57729,8,79,0
1487,1966,-0.525200107,-38.95322838,27.9731,120.55136,27.99619,120.58337,8,8,0
915,2804,-11.68777573,28.11160803,28.024778,120.671965,28.02126,120.68452,-1,29,0
60,1834,69.06321014,9.723567025,27.89629,120.80392,27.87957,120.7999,6,245,0
2264,2481,15.58064003,-12.50712917,27.95241,120.64911,27.97265,120.66766,5,5,0
300,1806,46.71469944,17.90693789,27.9685,120.75992,27.971111,120.759166,10,3547,0
1034,1441,-39.43382016,6.400924409,28.027685,120.65985,28.04381,120.65767,7,2,0
1194,2366,16.77756992,8.192226262,27.9573,120.67705,27.97973,120.67677,5,2,0
756,966,62.40557339,4.585294146,27.90472,120.82388,27.918388,120.823666,6,87,0
202,2544,-17.53134612,11.11253468,28.0087,120.65515,28.01046,120.64997,3,9,0
1520,2000,37.50714818,-25.0998102,27.92287,120.7033,27.92247,120.70628,3,43,0
42,318,-31.19778577,34.20213911,28.0014,120.65569,27.97271,120.64743,-1,39,0
665,1790,-1.624169686,26.71577153,27.9992,120.675,28.00243,120.67766,4,27,0
330,835,32.7508632,-51.60739297,27.8779,120.688,27.87789,120.68776,3,2299,0
2186,2244,24.68062732,29.71717416,27.99188,120.7165,27.985555,120.71778,7,37,0
2061,2715,-0.187811206,40.25281061,27.98839,120.68338,27.99435,120.66326,4,15,0
709,2889,6.09479883,-4.843739771,27.97153,120.73361,27.97509,120.72769,10,36,0
1755,2069,31.02881058,-25.6972139,27.916499,120.696973,27.92095,120.70407,3,20,0
1054,1998,-5.822899021,-6.683745779,27.99918,120.641648,27.987217,120.623164,-1,89,0
138,2087,-62.07162174,13.64807734,28.04427,120.69476,28.02363,120.66164,-1,4,0
1938,2914,-44.7817385,21.78528089,28.01832,120.65141,28.01922,120.64427,3,984,0
761,812,-34.22798632,12.0351977,28.02569,120.64175,28.01375,120.6551,-1,15,0
173,449,42.56954065,-19.19670002,27.92548,120.70387,27.93173,120.70133,3,122,0
222,565,-17.09859396,47.05564272,28.009453,120.662653,28.00841,120.66454,3,193,0
362,1908,-21.08045318,-21.06568185,28.01738,120.60605,28.0141,120.60512,3,1184,0
466,2485,-6.893731903,-17.07671687,27.993,120.6404,27.99123,120.63845,8,201,0
133,1194,28.18951122,-7.444239088,27.9535,120.69621,27.9573,120.67705,5,695,0
1464,2188,-48.92282556,-1.480597344,28.02237,120.63238,28.02031,120.62527,-1,88,0
772,1940,-47.25060654,-42.11308965,28.05187,120.61117,28.05756,120.60725,7,6704,0
318,663,6.856864878,3.267411438,27.97271,120.64743,27.97693,120.66377,5,298,0
343,2729,-50.98714365,-23.42843818,28.03943,120.62365,28.05359,120.63947,7,21,0
454,615,2.33310192,19.23166325,27.98,120.66708,27.99109,120.67677,-1,36,0
231,2279,26.29066393,43.00593871,27.995464,120.7078,27.98388,120.70501,-1,38,0
984,1769,23.98860539,50.42890715,28.002192,120.710532,27.998722,120.707177,7,127,0
2010,2201,-3.703692226,47.76655044,27.99742,120.68104,27.99446,120.68161,4,194,0
1717,2420,8.092260255,-44.24758845,27.99375,120.61713,27.98362,120.61785,8,2800,0
1098,1894,-52.79936355,-27.85819431,28.0475,120.62333,28.044511,120.621742,7,258,0
2678,2946,58.85077748,4.580911662,27.911388,120.823888,27.91587,120.81258,6,6,0
2888,2921,-59.90609629,-23.58625746,28.05349,120.61286,28.04626,120.62812,7,661,0
1315,2250,30.20137142,-29.52526442,27.91937,120.7061,27.92446,120.6923,3,16,0
702,1430,37.01774839,-1.354923453,27.94104,120.72061,27.9498,120.72544,10,141,0
1401,1796,-59.03337579,2.431112385,28.01999,120.65209,28.04071,120.63988,-1,14,0
2010,2239,-1.487883123,34.63973633,27.99742,120.68104,28.00222,120.68192,4,65,0
850,2611,0.780980539,19.69532386,27.99186,120.67498,27.995832,120.677166,4,116,0
429,1409,-33.09116511,7.283359712,28.02382,120.65288,28.02498,120.65306,7,5,0
2116,2948,-43.61918649,-41.075742,28.04925,120.60197,28.05192,120.60027,7,412,0
1360,1895,24.46458998,1.75574813,27.993854,120.698744,27.96905,120.70307,-1,52,0
1061,2144,45.68422916,-24.28670687,27.92415,120.70545,27.92809,120.70577,3,1756,0
599,907,35.716816,35.91114648,27.97321,120.72684,27.9842,120.72674,-1,87,0
657,2490,35.68716997,-46.49550807,27.878795,120.706921,27.88534,120.6674,3,173,0
651,2515,-35.17236569,-43.03639189,28.05562,120.60146,28.06853,120.60201,-1,52,0
773,1638,-7.223474498,43.22782943,27.989406,120.673557,27.99258,120.67111,4,1732,0
1470,2508,22.52141414,-3.184666985,27.97225,120.68006,27.96724,120.66561,5,1202,0
2568,2887,-19.46953794,-57.60620824,28.04901,120.58582,28.04609,120.57533,9,1526,0
2209,2901,31.20368661,2.826781899,27.96734,120.67106,27.97339,120.7071,-1,0,0
327,1596,-36.66580042,10.4140269,28.02432,120.64367,28.027266,120.655901,-1,4,0
1577,2602,-22.66681152,-54.22451313,28.04175,120.58651,28.041463,120.586511,9,1997,0
604,1094,-21.23503295,-25.57458444,28.015777,120.594444,28.01845,120.59962,3,6117,0
949,1560,-24.62913076,-47.42248486,28.042263,120.582178,28.034241,120.588717,9,656,0
1799,1801,0.289128331,23.14374032,27.99461,120.68409,27.99838,120.67269,4,20,0
394,2086,-13.04212269,-51.8586102,28.029211,120.593311,28.03771,120.57585,-1,19,0
431,2935,-7.637372878,53.99231505,28.00412,120.6803,28.00437,120.68004,4,13,0
2250,2577,30.54206041,-28.33240623,27.92446,120.6923,27.92101,120.70502,3,87,0
1600,1824,41.10556362,-24.00044915,27.92162,120.70502,27.9227,120.70332,3,244,0
378,1810,48.75924838,0.915559719,27.96458,120.79525,27.934862,120.767714,-1,43,0
1167,2379,-39.6420231,-1.991866148,28.03274,120.64129,28.04982,120.6511,7,0,0
2759,2835,68.99434805,-11.24380774,27.96648,120.78929,27.94411,120.78597,2,94,0
656,2970,19.62776892,-44.850639,27.96161,120.59217,27.9567,120.57364,10,275,0
442,1697,60.98654708,-10.84415262,27.92124,120.83163,27.93044,120.81856,6,785,0
328,2804,-19.42269991,37.85472995,28.05929,120.65781,28.02126,120.68452,7,4,0
2064,2946,70.98239844,2.934113265,27.889525,120.804362,27.91587,120.81258,6,75,0
25,1767,6.750293031,3.628279109,27.976204,120.667973,27.97914,120.65482,5,443,0
452,762,-16.60223379,-13.06035773,28.01066,120.62114,28.012025,120.618869,4,78,0
1399,2840,-31.63779645,-29.22711631,28.024487,120.608733,28.04323,120.58656,-1,36,0
954,1468,-20.16253176,25.89482066,28.018214,120.672196,28.02255,120.66078,3,21,0
403,2405,17.15597044,0.523800639,27.98093,120.71034,27.96984,120.68551,-1,0,0
341,1870,-4.486719798,-18.3134126,27.98975,120.64468,27.99576,120.6574,-1,189,0
619,2294,-43.34297971,34.29009036,28.01319,120.65921,28.017358,120.65303,3,427,0
1708,2372,-27.14109239,-34.95097278,28.02381,120.59717,28.023805,120.597166,3,25409,0
895,2081,32.40378551,14.87079174,28.03688,120.73858,28.046257,120.803292,-1,54,0
1873,1958,-15.06857701,19.42848043,28.01486,120.66325,28.01842,120.65967,3,13,0
1724,2425,24.26729812,55.30314138,28.00258,120.70728,28.001305,120.717516,7,2223,0
972,1194,28.09488192,-8.701012972,27.94366,120.68317,27.9573,120.67705,5,4667,0
1801,1977,-6.867123372,38.36127967,27.99838,120.67269,27.99753,120.67522,4,112,0
328,1441,-69.17507996,8.07764841,28.05929,120.65781,28.04381,120.65767,7,357,0
1407,2185,6.716285791,-35.80719187,27.97235,120.62717,27.97251,120.60263,8,34,0
1582,1698,22.82015219,-5.343007849,27.96936,120.67444,27.95861,120.665556,5,165,0
402,1081,-17.70659429,41.30963676,28.01188,120.66205,27.997963,120.659738,3,41,0
189,1007,25.35211917,1.761597539,27.98396,120.69007,27.96558,120.68672,-1,63,0
1546,2164,-24.97736138,26.25246445,28.014012,120.66431,28.01286,120.66582,3,132,0
25,2261,13.8415916,1.022344992,27.976204,120.667973,27.97054,120.68557,5,70,0
188,584,-4.691272406,-22.19573827,27.97988,120.63103,27.99383,120.62841,8,106,0
164,1184,-0.566672659,-16.74978012,27.95724,120.65969,27.982012,120.645724,5,16,0
490,2049,-17.31290217,-8.153109101,28.00307,120.6298,28.01711,120.63167,-1,5,0
1031,1900,-30.32619016,-47.98722012,28.036972,120.589166,28.06605,120.58485,9,106,0
2515,2517,-41.37569025,-49.48076551,28.06853,120.60201,28.08227,120.59052,9,116,0
435,1178,7.813839274,37.10346665,28.00035,120.69777,27.99689,120.69531,-1,6,0
447,972,31.24200429,-1.611974141,27.99055,120.7118,27.94366,120.68317,-1,8,0
1169,1400,-22.49752488,-24.03449085,28.01606,120.6036,28.01833,120.60806,3,367,0
372,1879,-3.610658213,49.46024762,27.99629,120.68028,27.999526,120.680665,4,2544,0
209,1909,-15.40989889,-14.72371388,28.01202,120.61381,28.012021,120.613808,-1,16,0
306,2325,35.86360641,-12.79420142,27.93177,120.67802,27.91782,120.69607,-1,50,0
666,1331,-43.65798736,-47.58167122,28.07352,120.58467,28.07361,120.61293,9,342,0
279,1806,41.92830326,16.64523785,27.98465,120.73383,27.971111,120.759166,10,23,0
426,761,-59.35459186,-2.562315926,28.025933,120.641498,28.02569,120.64175,7,1788,0
739,2781,26.31838129,16.8208004,28.0287,120.8004,28.04723,120.76804,2,171,0
565,1162,-22.5547516,24.68163243,28.00841,120.66454,28.01597,120.66415,3,68,0
941,1053,31.19282701,49.46668715,27.99057,120.71338,27.99068,120.7167,7,1185,0
1311,2150,6.871180157,-53.04034281,27.98966,120.57449,27.99711,120.58895,-1,100,0
1806,2479,39.99546761,6.286840554,27.971111,120.759166,27.95756,120.72822,10,922,0
1051,1535,-35.58163724,-10.35853657,28.04252,120.60963,28.03768,120.63277,7,3,0
1870,2180,-0.355198892,2.03818297,27.99576,120.6574,27.98333,120.65125,-1,44,0
2227,2428,5.646690373,6.802393371,27.98375,120.66578,27.98819,120.6531,-1,26,0
773,1935,4.18638453,16.76557162,27.989406,120.673557,27.97505,120.67499,-1,73,0
582,1508,69.78152542,15.9415027,27.86958,120.81319,27.87711,120.81099,6,191,0
673,1894,-38.07293678,-24.30518007,28.05464,120.60495,28.044511,120.621742,7,4,0
164,1086,13.31630824,-13.29229454,27.95724,120.65969,27.960187,120.662923,5,0,0
19,2089,7.416154821,6.859099878,27.98443,120.66958,27.970224,120.651685,-1,33,0
1612,2747,6.573633146,-56.69090326,27.9938,120.57017,27.991808,120.572998,8,465,0
1441,2816,-64.68851107,4.430499834,28.04381,120.65767,28.04411,120.63996,7,323,0
1155,2033,55.20324561,3.04760373,27.9164,120.82583,27.9196,120.81824,6,7,0
331,609,-59.13869001,-30.54130942,28.03958,120.62042,28.02096,120.62016,-1,1605,0
1104,1748,-1.999187504,25.67316094,27.99923,120.67458,27.99958,120.67043,-1,24,0
127,968,43.34881489,-35.83126593,27.9207,120.68866,27.92497,120.69109,3,317,0
1637,2198,-15.92556605,-12.95676271,28.007347,120.618907,28.01139,120.622331,4,104,0
663,1935,9.693666686,0.620950634,27.97693,120.66377,27.97505,120.67499,5,22,0
46,1169,-17.49649269,-24.49440159,28.04917,120.61056,28.01606,120.6036,-1,20,0
280,1465,-39.42881785,-54.69286272,28.07993,120.58958,28.090984,120.588938,9,293,0
2168,2669,-19.70440266,-30.5393129,28.02265,120.60445,28.02459,120.60332,3,334,0
1901,2432,-2.581314877,-38.98534367,28.00515,120.56955,27.99839,120.59856,8,28,0
1127,1301,-13.70239225,-12.76365335,28.01,120.62972,28.00843,120.62111,4,12,0
2194,2589,27.13997049,11.53426248,28.0261,120.81297,28.02612,120.83038,2,341,0
1254,2366,16.78417065,5.733444106,27.97964,120.68734,27.97973,120.67677,-1,0,0
1082,2258,-44.74517361,32.74353016,28.016688,120.655528,28.01658,120.65764,3,468,0
1806,2301,41.08499651,13.91898777,27.971111,120.759166,27.97211,120.77582,10,94,0
11,1714,33.51118732,24.42120487,27.99544,120.72251,27.98008,120.74344,-1,3,0
1506,2294,-17.13559311,9.854732886,28.02799,120.66168,28.017358,120.65303,-1,2,0
331,1273,-51.51749321,-34.89505306,28.03958,120.62042,28.02347,120.61544,-1,5467,0
318,1767,8.076846354,-17.72737889,27.97271,120.64743,27.97914,120.65482,5,5646,0
1215,1887,2.354049369,-28.40080165,27.98702,120.60848,27.98792,120.61761,8,38,0
2682,2715,-2.626198172,10.79632164,27.99605,120.64769,27.99435,120.66326,-1,94,0
1763,2422,61.45146798,-8.618888051,27.92159,120.82161,27.93079,120.82979,6,55,0
1980,2961,15.52734941,-7.205782022,27.9546,120.667,27.94751,120.66136,5,98,0
860,1506,-56.59897556,3.830264636,28.03044,120.64309,28.02799,120.66168,7,17,0
48,332,-12.42621489,24.91349486,28.01947,120.67661,28.00341,120.68731,-1,2,0
841,1958,-14.93606141,19.48897578,28.0171,120.63698,28.01842,120.65967,3,28,0
2305,2361,41.01954429,20.26527483,27.98543,120.73922,28.03623,120.76776,10,19,0
865,1051,-48.95946791,-37.0915849,28.0464,120.604,28.04252,120.60963,7,1407,0
2336,2770,64.23450302,19.30083529,27.87937,120.8036,27.85916,120.78527,6,149,0
1950,2265,22.44276945,32.51383676,27.99139,120.71952,27.99418,120.70931,7,22,0
372,1104,-5.919386123,48.05433526,27.99629,120.68028,27.99923,120.67458,4,314,0
515,2260,7.213116341,-27.98068821,27.96781,120.62801,27.97853,120.62639,8,40,0
509,529,-23.97870908,47.31632541,28.01374,120.68025,28.01174,120.68077,3,202,0
2224,2227,6.577749945,7.061160367,27.98445,120.67253,27.98375,120.66578,4,2051,0
309,541,17.28178241,-42.06890276,27.95804,120.59516,27.96193,120.60948,10,607,0
408,742,-53.85278341,-17.27383362,28.05042,120.6339,28.069541,120.641029,7,62,0
1646,2012,-60.01370944,-1.6695011,28.03083,120.63755,28.02392,120.644412,-1,702,0
584,2541,6.698851979,-30.99121885,27.99383,120.62841,27.99417,120.59987,8,2,0
1805,2353,15.41899346,3.168934963,27.970239,120.685696,27.973777,120.682079,5,90,0
79,1895,30.40214322,-25.66770299,27.921889,120.696181,27.96905,120.70307,-1,4,0
153,1670,-46.17832825,7.065129691,28.00858,120.63748,28.00788,120.63732,3,100,0
534,2853,19.18846855,-9.756939831,27.93767,120.66978,27.97599,120.59211,-1,0,0
1555,2467,-54.26952467,2.453130142,28.043798,120.657967,28.025613,120.638246,7,16,0
919,1958,-37.33474507,42.13821652,28.01517,120.66789,28.01842,120.65967,3,148,0
868,1342,-9.461805537,52.66028585,28.01279,120.66871,28.00491,120.67627,-1,206,0
1112,2146,-41.93077509,-31.86555078,28.05274,120.62436,28.051431,120.600469,7,32,0
1428,1433,-45.58609519,22.98417728,28.02259,120.62662,28.015196,120.648057,-1,0,0
366,2087,-42.1628211,10.24002772,28.026431,120.658121,28.02363,120.66164,-1,95,0
1701,1761,-0.991952608,26.09376762,27.99766,120.68,27.99851,120.67952,4,126,0
15,1481,-1.199221522,-17.42564378,27.97664,120.63227,27.96111,120.6227,8,27,0
421,2309,58.6428959,0.467786782,27.91626,120.8268,27.92657,120.81725,6,235,0
237,2292,-24.97928923,-50.09875369,28.023421,120.592786,28.04572,120.58643,-1,115,0
574,691,29.2239864,-16.26201124,27.93368,120.71241,28.05782,120.58736,-1,0,0
638,2585,-1.923498362,-46.82590813,27.99736,120.62159,27.98729,120.6081,8,14,0
1889,2164,-22.84744806,21.61367907,28.01442,120.65841,28.01286,120.66582,3,87,0
651,2827,-41.974925,-41.33501568,28.05562,120.60146,28.05657,120.60001,7,8064,0
1644,2516,35.60813853,29.41022659,27.97549,120.72917,27.97841,120.73883,10,35,0
949,1525,-13.66874171,-53.480577,28.042263,120.582178,28.03821,120.57802,9,374,0
4,556,-3.065737394,-27.70101614,27.98663,120.61963,27.99014,120.62903,8,917,0
1184,1206,8.894174661,-11.48809666,27.982012,120.645724,27.95921,120.65553,5,22,0
1085,1399,-48.3385926,-33.07224704,28.0257,120.6129,28.024487,120.608733,3,457,0
1871,1980,14.86897697,-7.807374013,27.96874,120.65488,27.9546,120.667,5,101,0
2392,2804,-12.54488144,32.59366443,28.00878,120.68835,28.02126,120.68452,7,28,0
1823,2177,-12.66568351,-48.16705449,28.037123,120.578514,28.024786,120.575538,9,68,0
2200,2746,-38.37467902,-15.77835736,28.03746,120.65611,28.03863,120.61579,7,18,0
364,2609,-9.925861924,-32.25312332,28.01704,120.5833,28.01418,120.59753,-1,14,0
795,2272,38.96601247,-38.01641914,27.91839,120.66065,27.91974,120.69145,3,51,0
673,2725,-36.08753363,-47.55752037,28.05464,120.60495,28.08578,120.59077,-1,12,0
619,1382,-20.93821946,17.92210909,28.01319,120.65921,28.01277,120.66194,3,154,0
178,1401,-31.87479955,15.7602123,28.01444,120.65108,28.01999,120.65209,3,77,0
35,2439,-29.11529486,-54.98072911,28.06905,120.57281,28.04261,120.57226,9,65,0
1159,2439,-17.74223485,-48.58936967,28.02791,120.59925,28.04261,120.57226,-1,45,0
853,2113,-26.95672212,43.20937303,28.01679,120.67808,28.016667,120.67753,3,139,0
859,2405,26.28589724,-4.699988193,27.95386,120.68203,27.96984,120.68551,5,357,0
561,1646,-40.88469385,1.520318699,28.02374,120.641626,28.03083,120.63755,-1,18,0
371,1697,54.39210184,-1.699819873,27.93031,120.80753,27.93044,120.81856,6,48,0
1693,2465,29.33346883,-49.02962625,27.85534,120.66953,27.88796,120.64935,3,32,0
552,1878,39.31302468,13.17503946,27.96536,120.74141,27.97253,120.76819,10,35,0
2452,2762,-23.69517193,32.64684381,28.0105,120.66068,28.01919,120.67036,3,133,0
1164,2827,-34.79361018,-29.84613741,28.04057,120.64705,28.05657,120.60001,7,34,0
1321,1724,14.09158743,37.7478247,27.99863,120.68954,28.00258,120.70728,-1,76,0
818,823,20.21702917,-15.83906397,27.94749,120.64401,27.9511,120.66043,5,812,0
1058,1984,-40.70308844,-15.3492745,28.04752,120.63044,28.039803,120.642004,7,17,0
691,1596,-33.31842853,-32.38096757,28.05782,120.58736,28.027266,120.655901,-1,0,0
2068,2690,14.93120678,51.79142463,28.007198,120.706364,28.00749,120.70643,7,13,0
72,1944,13.86474051,-50.46108549,27.97367,120.59704,27.97112,120.57378,8,101,0
461,1019,69.39182795,5.154746918,27.8974,120.81737,27.89391,120.81686,6,11943,0
1079,2852,16.18853147,45.86336132,28.00471,120.71764,28.0076,120.724,7,12,0
2483,2509,-23.31310921,-25.19955513,28.02455,120.61196,28.02225,120.60442,3,143,0
1159,2146,-20.283203,-39.678072,28.02791,120.59925,28.051431,120.600469,-1,68,0
1111,2092,-49.14407826,0.444280053,28.02502,120.63963,28.0195,120.63455,-1,103,0
362,734,-20.59763156,-20.70393519,28.01738,120.60605,28.01097,120.60609,3,612,0
1388,2914,-44.60874733,21.72316852,28.01822,120.64711,28.01922,120.64427,3,3523,0
1651,1996,36.48966613,25.75927355,27.97707,120.74717,27.96722,120.73585,10,47,0
283,1821,47.13959652,31.12633243,27.98338,120.744,27.98011,120.74803,10,1834,0
1423,2012,-27.19776994,-1.59500508,28.0149,120.64587,28.02392,120.644412,3,14,0
906,1322,3.757801918,61.75596457,28.01211,120.69386,28.00798,120.69032,7,1284,0
499,1098,-56.91469498,-24.64171167,28.04339,120.62726,28.0475,120.62333,7,379,0
1285,1565,-38.26043831,-6.306499342,28.04108,120.61641,28.03749,120.6251,7,33,0
412,775,38.42135407,-38.47167197,27.91108,120.67813,27.9189,120.64478,3,71,0
11,883,39.02812713,45.8527572,27.99544,120.72251,27.99238,120.73064,7,183,0
561,2318,-34.04613305,2.280934689,28.02374,120.641626,28.0217,120.647,3,71,0
234,2344,-7.329060998,-6.09245301,28.01828,120.62547,28.000843,120.64058,-1,16,0
262,2767,-5.422894954,1.862234306,27.998528,120.6532,28.00293,120.64916,3,3,0
1045,2415,-22.12304737,20.13437862,28.0167,120.656,28.02,120.655,3,8,0
1744,2116,-19.41319422,-53.41519541,28.049438,120.581163,28.04925,120.60197,-1,3,0
299,1133,37.27665328,35.75129739,27.968888,120.725833,27.97533,120.72453,10,77,0
1616,1718,22.27555003,51.62237159,28.002285,120.71462,28.001831,120.717278,7,184,0
2298,2842,27.76013212,-16.57065432,27.92952,120.68107,27.98853,120.69743,-1,0,0
1439,2811,16.72055521,47.50220842,28.005515,120.719495,28.00595,120.72062,7,84,0
646,780,-8.905482752,52.19979526,28.02101,120.67872,28.01006,120.68043,-1,208,0
347,928,16.75817643,33.82579934,27.98785,120.71681,27.99601,120.708,7,15,0
1685,2594,-40.66587084,-55.20347308,28.08692,120.5856,28.08581,120.59066,9,7742,0
1110,1470,25.01888368,-7.447987136,27.946867,120.69923,27.97225,120.68006,5,28,0
1704,1995,0.028642664,-39.11838481,27.97611,120.56109,27.98625,120.5825,8,76,0
440,2344,-11.50656745,0.83458213,28.00029,120.64716,28.000843,120.64058,3,43,0
2515,2547,-41.47033654,-48.6445665,28.06853,120.60201,28.077515,120.5896,9,139,0
1728,2490,30.06027307,-51.12926032,27.85412,120.66711,27.88534,120.6674,3,117,0
2739,2958,30.11648214,17.95917738,27.9972,120.775,28.01508,120.78821,-1,158,0
477,1839,40.32779407,45.49087529,27.994763,120.731284,27.97706,120.75192,-1,37,0
312,2227,8.17079394,5.094128497,27.97483,120.67456,27.98375,120.66578,-1,345,0
1574,2822,43.758077,34.91308094,27.980622,120.731705,27.97743,120.73394,10,431,0
143,2656,-60.56973266,13.57374532,28.04546,120.65895,28.024797,120.649708,7,28,0
1342,2620,-6.103309423,19.51878265,28.00491,120.67627,28.005401,120.667985,-1,31,0
364,1444,-7.587582551,-31.70661137,28.01704,120.5833,28.019216,120.588125,9,2111,0
415,2122,-31.33842043,13.99452204,28.01975,120.65219,28.01469,120.65426,3,204,0
698,2594,-43.41307427,-49.80861354,28.07126,120.60869,28.08581,120.59066,9,244,0
669,1981,-35.72303637,-5.952952916,28.01255,120.63174,28.04382,120.61146,-1,0,0
176,2271,-24.28769455,-17.78511091,28.02521,120.6105,28.01831,120.61281,3,67,0
145,1927,-46.41812859,-20.92002001,28.044045,120.652283,28.04626,120.62785,7,9,0
1209,2852,20.84585982,57.40667933,28.00032,120.72752,28.0076,120.724,7,88,0
1879,2385,3.809366389,23.17573964,27.999526,120.680665,27.998,120.672205,4,38,0
549,2288,12.69967871,44.061986,28.00025,120.7286,28.014173,120.713536,7,96,0
331,2914,-38.59261628,-1.509669814,28.03958,120.62042,28.01922,120.64427,-1,16,0
318,909,8.298573295,-17.84057589,27.97271,120.64743,27.95992,120.64877,5,332,0
1445,1724,13.80417106,34.07406901,27.99263,120.7145,28.00258,120.70728,7,0,0
2400,2620,-7.282382245,17.53046118,28.005055,120.670694,28.005401,120.667985,3,5,0
1509,2592,57.59420886,-3.859895468,27.9249,120.82617,27.93254,120.82423,6,80,0
1285,1357,-35.63362632,-28.04038823,28.04108,120.61641,28.05143,120.60047,7,57,0
164,1407,12.19392552,-23.54005179,27.95724,120.65969,27.97235,120.62717,-1,8,0
467,655,7.030324443,44.30420914,28.012398,120.68848,28.03962,120.71918,7,44,0
1316,1483,31.14233679,6.338678088,27.97332,120.71019,27.9897,120.71206,-1,0,0
1134,2373,-5.066080922,-15.41374283,27.99644,120.63354,27.99672,120.65264,-1,19,0
831,2190,9.181149805,4.054714584,27.9762,120.668,27.98235,120.67423,5,262,0
1020,1678,25.46757276,47.94953656,28.00029,120.70357,27.99551,120.70595,-1,228,0
2409,2427,-2.147014128,31.43572041,28.001286,120.679136,28.0086,120.6772,4,10,0
79,2362,45.06884361,-29.16175774,27.921889,120.696181,27.92159,120.70412,3,1626,0
1481,1841,4.551298407,-31.59296668,27.96111,120.6227,27.980151,120.605199,8,6,0
734,2834,-12.54679033,-27.22882105,28.01097,120.60609,28.00969,120.59728,3,121,0
836,1981,-30.93175628,-22.72690498,28.02242,120.60801,28.04382,120.61146,-1,5,0
181,2261,22.99216763,7.114573018,27.97517,120.69185,27.97054,120.68557,-1,793,0
384,2415,-27.66499926,-7.676745206,28.01405,120.63301,28.02,120.655,-1,8,0
994,1653,-22.74510685,13.24585088,28.01318,120.65352,28.00714,120.65555,3,67,0
726,1134,-6.473929832,-0.127289231,28.00074,120.64324,27.99644,120.63354,-1,4,0
112,734,-20.38737585,-20.39188223,28.01472,120.61007,28.01097,120.60609,3,2850,0
1605,2733,-45.86045383,-0.191948172,28.01353,120.6398,28.019524,120.631948,3,109,0
943,1133,35.07291831,40.54471173,27.98369,120.71502,27.97533,120.72453,-1,983,0
1385,2729,-58.36297841,-19.74039927,28.05153,120.62762,28.05359,120.63947,7,232,0
542,2125,12.85401929,48.6013118,28.00788,120.70268,28.005059,120.711717,7,178,0
1087,1347,-13.51226616,26.32573907,28.02274,120.66726,28.01058,120.65406,3,0,0
224,2510,-15.23285993,24.76654567,28.01492,120.66976,28.02204,120.66593,3,28,0
193,2081,25.12966674,18.25988615,28.02809,120.78452,28.046257,120.803292,2,400,0
692,2690,12.49714402,49.62596061,28.00622,120.6991,28.00749,120.70643,7,113,0
677,1399,-51.629074,-31.46175672,28.040628,120.619569,28.024487,120.608733,-1,42,0
1305,2062,66.36887661,-6.900893706,27.92668,120.81126,27.92961,120.81073,6,766,0
1780,1782,6.293062236,56.09657532,27.99905,120.69979,27.997236,120.700653,7,391,0
1164,1285,-38.6323664,-16.74633332,28.04057,120.64705,28.04108,120.61641,7,133,0
675,795,38.25441872,-39.10608542,27.91318,120.6689,27.91839,120.66065,3,2707,0
708,2110,33.16110974,-23.04101788,27.9343,120.7072,27.92408,120.70403,3,117,0
766,1353,-14.52155099,-15.09475913,28.00726,120.61292,28.01018,120.617543,4,31,0
1949,2816,-57.76349833,1.11407273,28.02608,120.646,28.04411,120.63996,7,11,0
189,608,0.400854746,48.85782013,27.98396,120.69007,27.99367,120.69233,4,121,0
2374,2757,51.84009171,-5.964824078,27.93982,120.7985,27.95417,120.82421,6,0,0
1123,2366,10.59799472,-28.47228578,27.96552,120.64757,27.97973,120.67677,5,0,0
1103,2264,12.84546427,-10.42201577,27.97694,120.62826,27.95241,120.64911,-1,26,0
46,1900,-39.454904,-44.94193225,28.04917,120.61056,28.06605,120.58485,-1,22,0
2005,2520,29.63417774,-21.33526421,27.92325,120.6878,27.92895,120.69631,3,54,0
1293,2664,60.52866529,-3.391478351,27.93743,120.83414,27.93035,120.81024,6,123,0
1834,2570,68.214097,10.41806516,27.87957,120.7999,27.8882,120.80334,6,151,0
1105,2120,-33.13049585,31.2814499,28.00791,120.64843,28.00312,120.65388,3,175,0
720,1865,45.0590068,31.93587513,27.97976,120.74186,27.97506,120.73909,10,3493,0
1456,2663,38.04928803,13.55332808,27.9905,120.76564,27.99627,120.72691,-1,0,0
621,659,10.07602123,-51.62187149,27.98848,120.61075,27.98025,120.58452,8,197,0
331,2323,-37.40749093,-12.62581837,28.03958,120.62042,28.02463,120.6447,7,33,0
1134,1325,-5.9460845,-14.37781118,27.99644,120.63354,27.99337,120.63718,8,137,0
878,1321,1.900394535,53.70520626,28.000355,120.697765,27.99863,120.68954,-1,193,0
229,1122,63.45383732,-5.118700437,27.93122,120.80706,27.9304,120.80754,6,105,0
642,1852,47.3705215,1.199790786,27.942723,120.757662,27.96059,120.7497,10,17,0
11,1483,30.40240232,48.21681961,27.99544,120.72251,27.9897,120.71206,7,145,0
344,2703,-2.101227481,-11.76469397,27.99981,120.62687,27.99103,120.63464,-1,70,0
770,1037,42.84825401,-23.95132017,27.921591,120.704296,27.9231,120.70471,3,797,0
1899,2197,-44.77123264,-38.34576096,28.06248,120.60338,28.04449,120.62163,-1,63,0
1840,2131,8.14875608,-5.428949514,27.9981,120.6541,27.97509,120.65593,-1,57,0
682,1934,-45.64939892,-22.583129,28.0412,120.629,28.046363,120.62567,7,25,0
762,2198,-18.26499135,-13.01880902,28.012025,120.618869,28.01139,120.622331,4,53,0
911,1839,39.1509124,17.40192117,27.96141,120.73461,27.97706,120.75192,10,37,0
42,1653,-33.41482049,34.32333528,28.0014,120.65569,28.00714,120.65555,3,359,0
1298,1620,-29.45913667,-6.820228042,28.01943,120.636564,28.01578,120.62194,-1,39,0
954,2284,-15.38830456,30.7105505,28.018214,120.672196,28.02084,120.67866,3,34,0
1895,2556,29.64734168,6.772366946,27.96905,120.70307,28.00322,120.7122,-1,0,0
391,439,-30.71566452,6.182645125,28.02273,120.64301,28.02332,120.64816,3,6,0
394,979,-24.28607433,-38.26182869,28.029211,120.593311,28.02921,120.59331,-1,685,0
1750,2620,-15.0803505,48.40216085,28.00536,120.66821,28.005401,120.667985,3,100,0
4,2790,0.081198515,-48.61061593,27.98663,120.61963,27.99273,120.60679,8,333,0
1605,2914,-50.32729108,7.263893371,28.01353,120.6398,28.01922,120.64427,3,2289,0
46,1766,-52.65553003,-28.15828832,28.04917,120.61056,28.043254,120.617338,7,106,0
1655,2272,41.78873332,-20.3770958,27.92826,120.70156,27.91974,120.69145,3,84,0
2217,2446,3.551701465,10.42336054,27.97587,120.67071,27.98763,120.66308,-1,44,0
442,842,58.82804626,5.289600836,27.92124,120.83163,27.90945,120.81881,6,34,0
257,2197,-39.84301235,-23.86620943,28.076984,120.602335,28.04449,120.62163,-1,11,0
344,2129,-3.455610819,-12.40949687,27.99981,120.62687,27.98951,120.64774,-1,7,0
1901,2817,8.194965152,-57.87250008,28.00515,120.56955,27.98271,120.56368,8,107,0
1481,2788,10.72020887,-32.75867386,27.96111,120.6227,27.96243,120.65546,-1,23,0
1310,2688,-47.38139661,-22.7896448,28.0436,120.62548,28.04277,120.62428,7,26,0
552,2071,41.80005919,25.66740565,27.96536,120.74141,27.97079,120.74276,10,183,0
271,2808,18.75141709,-46.80166118,27.956794,120.567095,27.93617,120.55946,10,258,0
136,1249,-37.61660424,22.69032232,28.01434,120.65091,28.00533,120.6479,3,39,0
338,2305,35.39826454,28.6328397,27.978332,120.738888,27.98543,120.73922,10,18,0
752,1683,20.32027393,-14.67997194,27.9454,120.65697,27.95708,120.67304,5,87,0
895,1498,32.49155853,15.35152693,28.03688,120.73858,28.02468,120.77976,-1,44,0
1605,2323,-44.44617607,3.515375659,28.01353,120.6398,28.02463,120.6447,-1,101,0
1926,2809,-19.71565915,33.33799935,28.01239,120.67322,28.022802,120.673347,3,8,0
1167,1388,-28.18621249,8.537424155,28.03274,120.64129,28.01822,120.64711,-1,2,0
643,682,-65.06509587,5.805570311,28.04355,120.65147,28.0412,120.629,7,57,0
635,2734,36.65585563,-44.62865844,27.91455,120.66062,27.90428,120.63587,3,7,0
1590,2150,-27.57731529,-35.91811399,28.02239,120.59436,27.99711,120.58895,3,297,0
656,1764,16.29439376,-35.2822587,27.96161,120.59217,27.96875,120.60619,-1,227,0
1058,1506,-59.01470521,4.249685516,28.04752,120.63044,28.02799,120.66168,7,183,0
2143,2969,9.645350553,-58.67617517,27.98338,120.55091,27.97953,120.54971,8,249,0
864,1830,-12.80712758,-56.75922454,28.03948,120.56891,28.0362,120.58118,9,894,0
257,2888,-43.38180666,-28.48135646,28.076984,120.602335,28.05349,120.61286,-1,53,0
1683,2325,23.43490588,-8.797958095,27.95708,120.67304,27.91782,120.69607,-1,20,0
521,1994,-12.95071757,43.65774371,27.99979,120.66739,27.992378,120.669665,-1,432,0
427,644,-9.591591465,16.45672824,28.005808,120.669146,28.01278,120.65944,3,52,0
405,2239,6.388610353,26.47422443,27.989232,120.680662,28.00222,120.68192,4,0,0
155,1362,61.40124287,8.77856909,27.90066,120.82456,27.89369,120.80917,6,16,0
1401,1478,-32.91587362,-0.047380653,28.01999,120.65209,28.02333,120.63639,-1,36,0
951,1888,66.44408973,7.165618308,27.90882,120.83189,27.89882,120.82105,6,29,0
1456,1836,42.06622058,12.36641292,27.9905,120.76564,28.005414,120.763684,10,101,0
1956,2882,39.35576443,23.42819111,27.96946,120.72066,27.970769,120.742755,10,14,0
1263,2341,-12.6155422,31.2271071,28.02077,120.6738,27.98923,120.68066,-1,8,0
727,1613,8.35954071,33.99337477,28.00933,120.69355,28.00291,120.69868,7,10,0
2289,2294,-29.66440153,7.965488866,28.01476,120.65309,28.017358,120.65303,3,57,0
2096,2445,7.358546664,-48.16342757,27.97745,120.61375,27.992515,120.595201,8,117,0
1040,2300,17.15884572,42.18919166,28.00744,120.72163,27.99832,120.72424,7,24,0
2124,2225,9.693496366,45.6841884,28.0048,120.764,28.01963,120.71371,-1,0,0
1497,2085,-20.42232218,-48.27321042,28.042251,120.587483,28.04973,120.58807,9,49,0
1166,1882,17.47883924,-42.69633307,27.95794,120.60138,27.956101,120.599012,10,424,0
468,673,-41.90199634,-32.04483867,28.02464,120.59155,28.05464,120.60495,-1,19,0
659,1166,13.05407576,-32.01648657,27.98025,120.58452,27.95794,120.60138,-1,37,0
675,2021,38.76600495,-38.89015162,27.91318,120.6689,27.92043,120.68424,3,1917,0
811,1877,30.0686108,-22.2923642,27.92878,120.69672,27.928215,120.695478,3,62,0
974,2425,21.63764032,57.69120742,27.999273,120.72067,28.001305,120.717516,7,138,0
1976,2081,24.48109072,18.7402762,28.04558,120.80338,28.046257,120.803292,2,160,0
365,2227,6.172854249,5.236678675,27.98328,120.65734,27.98375,120.66578,4,1729,0
2153,2272,41.18989091,-35.28401028,27.91643,120.68875,27.91974,120.69145,3,14595,0
1483,1911,26.28585619,41.01996468,27.9897,120.71206,27.97773,120.72673,-1,35,0
1217,1528,-29.68320006,-0.038599435,28.02385,120.64132,28.01484,120.64575,3,14,0
1638,2229,-5.044820939,11.46745849,27.99258,120.67111,27.99852,120.65649,-1,25,0
1726,2682,-9.443486871,-0.519769093,28.000738,120.643235,27.99605,120.64769,3,0,0
2012,2281,-18.72942315,7.402498542,28.02392,120.644412,28.00143,120.63625,3,27,0
1651,1821,45.74328165,29.75379467,27.97707,120.74717,27.98011,120.74803,10,21440,0
1051,2827,-45.85458891,-36.73315287,28.04252,120.60963,28.05657,120.60001,7,37,0
664,2127,1.650310463,14.5730969,27.99313,120.67216,27.98869,120.6726,4,9,0
1005,1082,-32.17179406,24.93190332,28.00628,120.65332,28.016688,120.655528,3,70,0
246,2366,14.4574381,5.873439348,27.95634,120.66596,27.97973,120.67677,5,18,0
2019,2555,27.83095813,11.91296007,28.03308,120.81353,28.04092,120.83605,2,269,0
2422,2779,56.70287998,1.912064876,27.93079,120.82979,27.9069,120.82629,6,44,0
2207,2863,35.78789754,-47.57390791,27.890556,120.636418,27.888,120.649,3,99,0
857,2314,65.08665585,-6.564294375,27.93632,120.80777,27.93059,120.81358,6,362,0
405,2758,12.28674446,16.2313293,27.989232,120.680662,27.98519,120.67735,4,433,0
257,2242,-32.91304332,-46.98384024,28.076984,120.602335,28.094722,120.645,9,0,0
145,1232,-65.47873575,7.39541703,28.044045,120.652283,28.04357,120.651564,7,583,0
937,1129,53.6775381,-8.455770428,27.94444,120.83533,27.91593,120.8267,6,7,0
1262,1933,4.535518288,5.484102498,27.98453,120.66027,27.9843,120.66116,4,1255,0
1769,2750,7.625736159,56.74679925,27.998722,120.707177,28.00455,120.70115,7,330,0
160,1110,33.06695443,-1.064228659,27.97864,120.71467,27.946867,120.69923,-1,5,0
1506,2137,-52.11000291,14.24799084,28.02799,120.66168,28.04852,120.65349,7,109,0
878,2519,5.962602792,56.06802473,28.000355,120.697765,27.99715,120.70087,7,410,0
89,2122,-25.5037093,11.49141789,28.0164,120.65703,28.01469,120.65426,3,52,0
928,1678,24.69272682,46.96057876,27.99601,120.708,27.99551,120.70595,-1,84,0
935,1360,11.25934303,11.17005248,27.97987,120.68111,27.993854,120.698744,4,8,0
825,2074,31.15605004,44.69688601,27.98567,120.70701,27.986124,120.709577,7,831,0
356,1324,28.60583274,12.79290011,28.03768,120.84172,28.0278,120.808,2,43,0
841,2152,-32.6351195,-3.391149713,28.0171,120.63698,28.02159,120.63532,3,35,0
174,772,-45.6062449,-29.38994339,28.04894,120.64323,28.05187,120.61117,7,4,0
1294,1547,-40.3532053,-45.94657158,28.06952,120.58518,28.07752,120.5896,9,81,0
1474,1900,-31.26145192,-50.99062572,28.02436,120.58545,28.06605,120.58485,9,20,0
42,2446,-28.71458118,33.32979693,28.0014,120.65569,27.98763,120.66308,-1,78,0
123,1196,2.96009686,-5.640429432,28.08948,120.58851,28.08475,120.58984,9,28,0
959,1653,-36.7960974,33.05808225,28.009115,120.657413,28.00714,120.65555,3,5140,0
87,770,37.30733481,-30.73337828,27.92144,120.6877,27.921591,120.704296,3,136,0
2200,2433,-37.47136962,6.615245563,28.03746,120.65611,28.02202,120.66394,-1,2,0
84,2930,10.54401647,62.03286059,28.01988,120.68913,28.021655,120.71483,7,54,0
1502,2428,0.274702798,6.162875422,27.991292,120.664871,27.98819,120.6531,-1,105,0
612,1947,8.656223212,14.52981466,27.9917,120.678,27.98803,120.67876,4,0,0
1364,2446,3.198211707,4.935676855,27.986295,120.662053,27.98763,120.66308,4,502,0
606,1423,-33.18462698,18.5690575,28.004829,120.6409,28.0149,120.64587,3,14,0
1130,1351,-40.92411978,-2.407948235,28.02327,120.63423,28.04387,120.63355,-1,4,0
246,2418,24.25822368,-9.826637854,27.95634,120.66596,27.93672,120.67951,5,86,0
565,2787,-6.974564839,18.70947229,28.00841,120.66454,28.00461,120.6752,-1,12,0
41,1240,13.49512096,-32.78963008,27.95746,120.61208,27.952149,120.604131,10,117,0
1572,1981,-49.51627754,-36.71177837,28.02693,120.60664,28.04382,120.61146,-1,1846,0
634,1085,-30.39300058,-27.4033042,28.02449,120.60873,28.0257,120.6129,3,100,0
597,1806,43.82311817,17.17594429,27.970046,120.755771,27.971111,120.759166,10,2,0
568,1505,10.56807635,46.72230449,28.017992,120.701917,28.02211,120.70716,7,73,0
208,2300,19.94286684,56.23739017,28.00568,120.7226,27.99832,120.72424,7,108,0
291,384,-25.42143897,-3.225684588,28.023257,120.659016,28.01405,120.63301,-1,48,0
1053,2342,26.44001482,29.69886249,27.99068,120.7167,27.96902,120.74658,-1,15,0
358,1483,19.56428054,33.04077253,27.96854,120.74135,27.9897,120.71206,-1,11,0
672,1965,17.92598094,-32.51432112,27.96719,120.59359,27.94943,120.58007,-1,13,0
1166,1998,6.110722338,-36.90509531,27.95794,120.60138,27.987217,120.623164,-1,12,0
742,923,5.834894885,-6.857256242,28.069541,120.641029,28.06101,120.62576,7,91,0
1622,1769,11.30179534,31.98749493,28.00126,120.6875,27.998722,120.707177,-1,5,0
846,2124,11.34348365,69.35350739,28.00453,120.74869,28.0048,120.764,-1,1241,0
1653,2263,-35.60457796,33.43891557,28.00714,120.65555,28.00726,120.65848,3,11144,0
2281,2344,-15.45620498,-1.009507216,28.00143,120.63625,28.000843,120.64058,3,575,0
1845,1950,36.64996036,46.52109308,27.99406,120.72557,27.99139,120.71952,7,1982,0
80,1134,-27.18849669,-10.49815835,28.01143,120.62756,27.99644,120.63354,-1,30,0
633,1360,28.03223294,45.84908478,27.98491,120.70392,27.993854,120.698744,4,173,0
1030,2433,-51.93110885,20.70225589,28.02341,120.66131,28.02202,120.66394,3,1334,0
590,2366,15.70041021,6.24934628,27.98463,120.68406,27.97973,120.67677,-1,31,0
581,966,71.98102324,-6.111300346,27.93237,120.77134,27.918388,120.823666,-1,87,0
924,1608,-39.95275723,-17.18715531,28.03883,120.63972,28.0453,120.65749,7,20,0
2048,2085,-29.94453897,-49.77326497,28.07875,120.58356,28.04973,120.58807,9,13,0
2446,2767,-3.678946531,11.33849338,27.98763,120.66308,28.00293,120.64916,-1,23,0
2305,2408,43.87767158,14.08155117,27.98543,120.73922,27.97638,120.75557,10,136,0
79,306,25.85331635,-25.50749218,27.921889,120.696181,27.93177,120.67802,-1,13,0
1478,1510,-34.12505314,-3.701834959,28.02333,120.63639,28.023269,120.632426,7,2,0
2157,2359,12.70930462,35.35394941,28.01324,120.69695,28.00191,120.70463,7,39,0
1085,2847,-33.42383979,-37.91017483,28.0257,120.6129,28.041041,120.588459,-1,67,0
1470,2298,18.58819969,-1.118549219,27.97225,120.68006,27.92952,120.68107,5,78,0
269,2124,38.04172743,14.98430314,27.96807,120.80604,28.0048,120.764,-1,8,0
2649,2775,75.52458116,8.581774975,27.88565,120.80804,27.88321,120.80518,6,1513,0
1399,2890,-35.84663499,-13.67514408,28.024487,120.608733,28.02424,120.6348,3,2,0
1915,1968,-30.14920924,-57.69768391,28.04515,120.55602,28.054156,120.560569,9,1011,0
790,828,23.04620637,-8.384594841,27.95053,120.66517,27.96168,120.677789,5,14,0
273,1442,-43.83093339,16.41353136,28.02613,120.64691,28.021742,120.649455,-1,382,0
442,1129,60.75524375,-14.31047241,27.92124,120.83163,27.91593,120.8267,6,1425,0
1015,2116,-38.33788047,-40.6317922,28.02245,120.61239,28.04925,120.60197,-1,41,0
600,1615,-37.84925841,25.38085229,28.00892,120.64776,28.01037,120.64773,3,79,0
345,652,-1.179144173,-2.359522665,27.885116,120.788686,27.88623,120.80236,6,11,0
415,1347,-43.53162236,26.78505139,28.01975,120.65219,28.01058,120.65406,3,502,0
955,2323,-61.3485774,2.841906899,28.04133,120.65311,28.02463,120.6447,7,78,0
859,1386,19.75788644,2.042650538,27.95386,120.68203,27.98557,120.68544,-1,0,0
835,2343,30.42364889,-48.31063618,27.87789,120.68776,27.866719,120.675409,3,6,0
369,2537,58.35648251,-3.056549833,27.9277,120.83323,27.92328,120.80462,6,65,0
12,1722,70.39181489,21.2913598,27.8751,120.81027,27.87744,120.7991,6,3044,0
1727,1821,42.43387921,19.0312989,27.91218,120.83617,27.98011,120.74803,-1,14,0
969,2362,28.68226466,-25.17222452,27.92722,120.69833,27.92159,120.70412,3,19,0
159,502,18.43431053,-7.909295129,27.94833,120.66804,27.975415,120.651576,5,15,0
373,845,-28.88375356,-53.68800728,28.09339,120.55599,28.06506,120.57549,9,25,0
1837,2120,1.050507456,-11.1207467,27.98603,120.63754,28.00312,120.65388,-1,5,0
477,1747,40.12563138,43.82514333,27.994763,120.731284,27.978667,120.735061,-1,114,0
2,9,-9.701829578,-0.469356436,28.00506,120.63866,27.99378,120.6501,3,4,0
460,467,23.38589009,36.98247418,27.996057,120.710262,28.012398,120.68848,7,83,0
1449,2359,10.83752611,44.3288084,28.01592,120.69364,28.00191,120.70463,7,0,0
608,2279,3.94929913,38.26008301,27.99367,120.69233,27.98388,120.70501,4,54,0
982,1323,68.65269237,20.09315832,27.87452,120.79789,27.85707,120.81238,6,544,0
1888,2028,52.54302604,4.074240859,27.89882,120.82105,27.92122,120.80887,6,0,0
1422,1439,16.53521808,42.46563871,28.00506,120.71172,28.005515,120.719495,7,105,0
2189,2816,-42.1750174,-6.021611114,28.01722,120.63141,28.04411,120.63996,-1,0,0
541,2319,13.87272427,-39.97720388,27.96193,120.60948,27.97631,120.60491,-1,1030,0
1015,2156,-22.80690534,-36.61830078,28.02245,120.61239,28.02454,120.591434,3,29,0
815,2605,-8.532054055,-41.57615474,28.022225,120.579329,28.024882,120.580737,9,166,0
1496,2142,30.10225776,41.66139516,27.97767,120.70127,27.98684,120.71242,-1,416,0
235,1653,-37.08319814,33.75073503,28.00874,120.65984,28.00714,120.65555,3,85,0
1058,2247,-56.77203762,-15.24797862,28.04752,120.63044,28.04525,120.63358,7,103,0
644,2196,-17.81610301,19.5390901,28.01278,120.65944,28.0176,120.6671,3,33,0
3,438,-37.03444642,-27.58444403,28.03927,120.5877,28.03933,120.62364,-1,4,0
11,2873,19.94075097,54.70207871,27.99544,120.72251,28.000323,120.727524,7,120,0
1218,1509,61.41193487,-8.017445367,27.91539,120.8198,27.9249,120.82617,6,1773,0
1496,2901,26.46899032,3.197199587,27.97767,120.70127,27.97339,120.7071,-1,1350,0
2455,2556,17.2295039,40.44197342,28.002613,120.71218,28.00322,120.7122,7,40,0
920,1242,16.77513814,-38.09428478,27.94553,120.6091,27.94889,120.61987,-1,192,0
189,2908,11.89899259,15.34356469,27.98396,120.69007,27.98585,120.6777,4,0,0
341,789,-6.136310879,-17.91926134,27.98975,120.64468,27.99022,120.63948,8,753,0
136,841,-22.72611753,3.542601802,28.01434,120.65091,28.0171,120.63698,3,9,0
2425,2944,20.51871969,54.53382465,28.001305,120.717516,27.99929,120.722247,7,129,0
2010,2619,-0.62722661,35.2105016,27.99742,120.68104,27.992814,120.696225,4,19,0
79,2312,38.98312921,-30.05027591,27.921889,120.696181,27.92006,120.70628,3,63,0
2300,2469,18.5235818,55.89962468,27.99832,120.72424,28.00923,120.72917,7,33,0
227,1981,-57.7154333,-19.9802813,28.05333,120.63083,28.04382,120.61146,7,208,0
159,191,17.28668157,-2.293391853,27.94833,120.66804,27.96628,120.68116,5,7,0
5,244,-65.711169,19.91585522,28.05615,120.67115,28.08021,120.69711,-1,11,0
409,1989,60.72847214,-4.412389383,27.95855,120.75661,27.93336,120.81773,-1,369,0
353,2888,-47.67481212,-39.57095501,28.04744,120.60876,28.05349,120.61286,7,1409,0
463,2177,-9.763330783,-44.57415403,28.02702,120.57609,28.024786,120.575538,9,35794,0
1500,1807,-55.98884286,-23.5916135,28.05006,120.62061,28.040568,120.63282,7,37,0
1911,2160,29.75797885,26.71339323,27.97773,120.72673,27.9668,120.7548,10,30,0
259,2879,-41.04884534,3.420858216,28.05022,120.66531,28.040077,120.644167,7,57,0
2146,2888,-44.48857076,-40.88377804,28.051431,120.600469,28.05349,120.61286,7,1030,0
228,761,-51.80583836,6.537268466,28.024509,120.644121,28.02569,120.64175,-1,306,0
552,1187,18.84385797,-7.33700679,27.96536,120.74141,27.96331,120.66311,-1,9,0
1093,2640,-12.49352773,-42.1264156,28.03228,120.58055,28.02725,120.57841,9,126,0
966,1727,63.58644302,-13.49119764,27.918388,120.823666,27.91218,120.83617,6,1320,0
384,1596,-34.31107495,6.159926033,28.01405,120.63301,28.027266,120.655901,-1,26,0
298,2297,40.58770038,-27.03318107,27.92054,120.70164,27.92659,120.71116,3,291,0
2301,2606,38.96028202,13.06581897,27.97211,120.77582,27.998592,120.80087,10,40,0
599,818,18.25327508,-12.10387616,27.97321,120.72684,27.94749,120.64401,-1,0,0
124,1139,4.211474714,-24.59072217,27.99261,120.62341,27.988544,120.62822,8,35,0
66,2453,-42.37873755,-34.70422031,28.0485,120.6088,28.04644,120.60417,7,322,0
124,1923,-3.117700808,-13.75505307,27.99261,120.62341,27.99631,120.64437,-1,54,0
2136,2939,-19.95061212,12.44221535,28.01201,120.65481,28.011397,120.653141,3,9,0
213,761,-49.00610042,6.265454645,28.01009,120.63564,28.02569,120.64175,-1,323,0
69,698,-41.97438104,-28.55234445,28.055285,120.609474,28.07126,120.60869,-1,8,0
599,720,38.08931453,31.24965337,27.97321,120.72684,27.97976,120.74186,10,63,0
386,2715,1.886795012,21.40013546,27.99487,120.67969,27.99435,120.66326,4,9,0
159,1386,22.37044559,3.438320401,27.94833,120.66804,27.98557,120.68544,-1,2,0
2359,2841,12.11580201,40.09537363,28.00191,120.70463,28.000286,120.70749,7,121,0
35,2002,-33.14654552,-52.50790324,28.06905,120.57281,28.08602,120.54798,9,0,0
1699,2838,16.46197179,11.38394217,27.97659,120.67899,27.97867,120.677,5,478,0
2219,2234,36.78528127,-48.48972833,27.88424,120.6382,27.8815,120.63331,3,1742,0
704,1726,-15.57592283,-0.412087092,28.001326,120.643433,28.000738,120.643235,3,59,0
727,1386,3.994409148,34.15891006,28.00933,120.69355,27.98557,120.68544,-1,8,0
1470,1860,22.58890553,7.492748971,27.97225,120.68006,27.97729,120.68651,-1,393,0
191,2261,22.54805404,-0.505873781,27.96628,120.68116,27.97054,120.68557,5,85,0
2162,2944,20.13395032,53.73982318,27.99836,120.72046,27.99929,120.722247,7,36,0
2156,2847,-21.92156395,-38.28868699,28.02454,120.591434,28.041041,120.588459,-1,51,0
955,1807,-58.59604667,7.469941762,28.04133,120.65311,28.040568,120.63282,7,229,0
149,1082,-43.91853194,31.47746526,28.01646,120.65935,28.016688,120.655528,3,1673,0
1020,1439,17.99640299,38.53569812,28.00029,120.70357,28.005515,120.719495,7,19,0
1848,2209,26.56591935,-12.05708248,27.96164,120.66747,27.96734,120.67106,5,1807,0
1284,1980,33.56294547,-2.106211988,27.94439,120.71319,27.9546,120.667,-1,2,0
692,1579,7.439632716,32.16183467,28.00622,120.6991,28.00642,120.69411,7,5,0
328,1351,-59.14212115,-12.80756892,28.05929,120.65781,28.04387,120.63355,7,484,0
549,2873,20.05021307,57.39768508,28.00025,120.7286,28.000323,120.727524,7,886,0
359,1891,-27.20477881,27.24518938,28.0113,120.6614,28.01081,120.65992,3,28,0
387,1424,-12.87002091,-35.65488638,28.0246,120.58292,28.02108,120.60101,-1,67,0
1122,1625,53.52516069,1.461998273,27.9304,120.80754,27.91671,120.81301,6,5,0
293,1596,-56.31592881,2.27829645,28.02476,120.635142,28.027266,120.655901,-1,11,0
213,2344,-8.437883732,-6.636418588,28.01009,120.63564,28.000843,120.64058,3,64,0
2065,2167,-63.72399418,10.67027781,28.03893,120.65902,28.0438,120.65797,7,127,0
1920,2543,9.69446619,4.687725915,27.97507,120.66847,27.978448,120.671401,5,370,0
343,1940,-51.7798369,-26.96375449,28.03943,120.62365,28.05756,120.60725,7,652,0
1273,2200,-37.30546101,-16.78731892,28.02347,120.61544,28.03746,120.65611,-1,41,0
1887,1998,-0.204846686,-27.02420997,27.98792,120.61761,27.987217,120.623164,8,276,0
213,1923,-8.177287295,-8.847532702,28.01009,120.63564,27.99631,120.64437,3,0,0
48,259,-13.51186453,27.4516779,28.01947,120.67661,28.05022,120.66531,-1,0,0
1938,2499,-25.91495822,4.977289344,28.01832,120.65141,28.01676,120.64573,3,37,0
1557,2500,55.02185576,6.727408517,27.90165,120.81193,27.9127,120.77824,6,66,0
1723,2252,-16.00276772,16.78642646,28.01437,120.67295,28.0135,120.659,3,78,0
1794,2848,18.04281196,0.622720517,27.94302,120.67619,27.965369,120.686131,5,139,0
2131,2859,5.761672721,-2.109960243,27.97509,120.65593,27.963305,120.663111,5,20,0
2254,2303,68.23119226,-3.391427845,27.923401,120.816621,27.90821,120.80227,6,270,0
1610,1940,-46.53747838,-41.12534658,28.05249,120.60567,28.05756,120.60725,7,2312,0
188,2131,6.151337444,-23.23845704,27.97988,120.63103,27.97509,120.65593,-1,17,0
1051,2004,-35.71897503,-28.84634317,28.04252,120.60963,28.05469,120.58692,-1,0,0
468,1732,-22.98233785,-34.16815799,28.02464,120.59155,28.027103,120.600906,3,180,0
1122,1305,63.69489666,-5.155688765,27.9304,120.80754,27.92668,120.81126,6,109,0
659,1337,10.51288537,-51.31637166,27.98025,120.58452,27.9422,120.581,-1,740,0
317,2762,-16.24340491,23.55217853,28.01994,120.655,28.01919,120.67036,3,41,0
1317,2881,19.74413539,46.52719166,27.995577,120.71498,28.00606,120.714808,7,52,0
666,1610,-39.38224208,-26.80603277,28.07352,120.58467,28.05249,120.60567,-1,48,0
421,1129,63.90018959,-12.1739065,27.91626,120.8268,27.91593,120.8267,6,7983,0
573,2762,-15.14564045,26.11124452,28.014374,120.672952,28.01919,120.67036,3,11,0
1929,2465,33.49609866,-44.52262321,27.91255,120.63921,27.88796,120.64935,3,39,0
1622,1991,1.466401471,29.74942316,28.00126,120.6875,28.00104,120.67237,-1,38,0
1386,2543,10.48646829,6.35621298,27.98557,120.68544,27.978448,120.671401,-1,0,0
285,1362,71.79417727,6.352809144,27.90175,120.80936,27.89369,120.80917,6,423,0
291,317,-47.34237619,31.100631,28.023257,120.659016,28.01994,120.655,3,432,0
384,1415,-48.42549701,6.079080446,28.01405,120.63301,28.01447,120.64201,-1,439,0
2360,2516,46.49216612,31.71286824,27.97589,120.75072,27.97841,120.73883,10,726,0
1646,2468,-38.05636479,3.557787356,28.03083,120.63755,28.022717,120.632107,-1,61,0
1211,1579,8.015742136,31.93124863,28.00477,120.69408,28.00642,120.69411,7,28,0
2756,2903,0.656832355,41.12291421,27.98645,120.68772,27.98648,120.68189,4,167,0
48,2569,-17.09192434,28.80125963,28.01947,120.67661,28.025414,120.669513,3,20,0
850,1638,-8.09567476,42.29138165,27.99186,120.67498,27.99258,120.67111,4,1512,0
1003,2641,33.31038085,9.39517054,28.01839,120.82983,28.00624,120.82807,2,5512,0
888,954,-23.0634355,31.75532034,28.01812,120.66749,28.018214,120.672196,3,115,0
305,936,-47.82907439,4.163301262,28.008511,120.618079,28.02145,120.63334,-1,28,0
532,2803,38.86636147,33.89678264,27.972365,120.730631,27.96758,120.73351,10,80,0
1706,1755,41.27287963,-31.92561987,27.9208,120.70586,27.916499,120.696973,3,298,0
1220,2409,-2.86052639,32.07873011,28.000812,120.679146,28.001286,120.679136,4,158,0
1816,2420,3.020461265,-43.96517355,27.9845,120.611,27.98362,120.61785,8,99,0
956,1980,21.53370034,-9.443439986,27.97159,120.65547,27.9546,120.667,5,25,0
231,2693,26.91107986,45.10816961,27.995464,120.7078,27.989197,120.703236,7,162,0
1724,2815,12.74564698,35.66046911,28.00258,120.70728,28.00165,120.70452,7,20,0
2057,2130,64.39477485,17.2246238,27.86515,120.79611,27.85823,120.80871,6,54,0
1651,2342,48.15469693,24.56148043,27.97707,120.74717,27.96902,120.74658,10,5278,0
447,2694,20.00864035,34.03669657,27.99055,120.7118,28.00118,120.70197,7,35,0
2379,2507,-60.90505595,13.37346165,28.04982,120.6511,28.02519,120.66642,-1,12,0
606,1840,-14.19671045,7.443646535,28.004829,120.6409,27.9981,120.6541,3,2,0
1958,2762,-38.3942889,41.89815025,28.01842,120.65967,28.01919,120.67036,3,2639,0
1046,2190,13.61215916,13.96551974,27.984567,120.677031,27.98235,120.67423,-1,34,0
2391,2532,26.62297345,17.20466231,28.034242,120.80361,28.03232,120.78261,2,413,0
2225,2930,12.95913853,61.34899937,28.01963,120.71371,28.021655,120.71483,7,263,0
954,1691,-21.1428284,24.52275565,28.018214,120.672196,28.01519,120.66268,3,50,0
603,1624,9.97227782,-43.92254323,27.97164,120.62661,27.971715,120.608414,8,1019,0
2058,2530,29.83268652,-48.21841049,27.87238,120.65735,27.861446,120.66791,3,26,0
1108,2689,42.92951092,-16.21559547,27.924685,120.69711,27.92812,120.69806,3,552,0
2021,2153,40.98021692,-35.63885906,27.92043,120.68424,27.91643,120.68875,3,8307,0
1194,2901,24.58768159,0.996103877,27.9573,120.67705,27.97339,120.7071,-1,20,0
1187,1191,16.44829719,-13.26583352,27.96331,120.66311,27.95227,120.64535,5,23,0
224,539,-8.384779723,24.40800507,28.01492,120.66976,28.01516,120.65303,3,3,0
615,1758,-5.331820539,45.33365464,27.99109,120.67677,27.99447,120.68038,4,704,0
1124,2254,63.78993577,-7.890317172,27.92529,120.82185,27.923401,120.816621,6,472,0
1290,1321,-1.436598515,56.25686001,28.003203,120.691994,27.99863,120.68954,-1,266,0
1169,2609,-20.02790686,-23.20703351,28.01606,120.6036,28.01418,120.59753,3,796,0
864,1695,-14.22052741,-47.15926782,28.03948,120.56891,28.02937,120.5775,9,11,0
999,1184,9.090041259,-13.66290394,27.95989,120.64875,27.982012,120.645724,5,141,0
1758,1761,-1.258879354,25.31783914,27.99447,120.68038,27.99851,120.67952,4,39,0
1794,2176,24.61802286,-10.5955172,27.94302,120.67619,27.95843,120.65338,5,64,0
86,761,-27.335526,9.907093005,28.01563,120.65181,28.02569,120.64175,-1,58,0
1037,2362,43.51302949,-24.49672493,27.9231,120.70471,27.92159,120.70412,3,493,0
703,1481,10.05219373,-34.35473934,27.99417,120.59982,27.96111,120.6227,8,0,0
11,2476,21.02886943,45.17041795,27.99544,120.72251,27.99996,120.71136,7,7,0
312,2508,12.71698059,1.928849786,27.97483,120.67456,27.96724,120.66561,5,1588,0
1331,2517,-41.77160639,-49.51587642,28.07361,120.61293,28.08227,120.59052,9,86,0
2762,2894,-27.88081492,41.92194871,28.01919,120.67036,28.01941,120.67004,3,4506,0
544,1737,-21.01937223,-51.98192947,28.05007,120.58709,28.03968,120.57291,9,17,0
17,1699,16.98759715,11.31549934,27.97886,120.67718,27.97659,120.67899,5,1240,0
202,975,-12.80320087,10.71452362,28.0087,120.65515,28.00397,120.67029,3,2,0
259,1500,-43.48313746,-23.05516418,28.05022,120.66531,28.05006,120.62061,7,8,0
461,1705,63.83409083,11.05964183,27.8974,120.81737,27.90977,120.83609,6,80,0
2309,2966,65.62161367,-0.746698644,27.92657,120.81725,27.90319,120.81717,6,72,0
83,2632,15.50321919,48.1222763,28.0073,120.71542,28.0072,120.71529,7,108,0
2198,2938,-8.082363782,-7.172260203,28.01139,120.622331,28.02158,120.59654,-1,0,0
1460,2079,-0.658616085,-12.13925811,27.985304,120.632788,27.99015,120.64099,-1,40,0
951,2691,56.95134872,-0.443366424,27.90882,120.83189,27.93204,120.83665,6,46,0
54,617,-13.57479386,-25.22389881,28.018598,120.620672,28.013371,120.594287,-1,0,0
1445,2841,22.97289357,46.26496459,27.99263,120.7145,28.000286,120.70749,7,0,0
437,2677,1.817215472,13.95329286,27.98847,120.666286,27.99272,120.66996,4,27,0
1148,1823,-19.25329291,-50.00613881,28.0466,120.58511,28.037123,120.578514,9,9,0
1481,2508,12.2567685,-28.10035223,27.96111,120.6227,27.96724,120.66561,-1,0,0
573,2628,-28.83922026,43.41316484,28.014374,120.672952,28.01511,120.67465,3,55,0
1447,2846,-0.338767053,33.80933465,28.0035,120.6833,28.00084,120.68266,4,5,0
864,2086,-14.07470246,-56.50174319,28.03948,120.56891,28.03771,120.57585,9,7667,0
11,2300,22.41984383,58.57627186,27.99544,120.72251,27.99832,120.72424,7,8121,0
702,911,35.69382671,-1.279423919,27.94104,120.72061,27.96141,120.73461,10,9,0
1973,2232,16.82887799,37.11692426,27.99978,120.70721,27.99607,120.71016,7,20,0
1178,1780,8.355096818,35.87260584,27.99689,120.69531,27.99905,120.69979,-1,11,0
1250,2189,-29.19304272,-4.530078263,28.01482,120.63721,28.01722,120.63141,-1,15,0
1600,2325,37.38672982,-28.67450232,27.92162,120.70502,27.91782,120.69607,3,93,0
1228,2128,65.58243428,12.86177032,27.873505,120.818568,27.8883,120.80901,6,6,0
1956,2300,18.86723626,42.85368558,27.96946,120.72066,27.99832,120.72424,-1,78,0
986,1294,-41.87988861,-47.28437487,28.077531,120.587363,28.06952,120.58518,9,749,0
876,1433,-48.13398249,7.898651789,28.01851,120.63892,28.015196,120.648057,3,144,0
458,684,36.23254834,-50.41346712,27.87682,120.64507,27.88258,120.62827,3,471,0
745,1385,-50.33240791,-17.87583412,28.04541,120.65027,28.05153,120.62762,7,44,0
982,2233,69.10681659,19.36404493,27.87452,120.79789,27.86543,120.81525,6,450,0
136,761,-28.53434004,-0.209668393,28.01434,120.65091,28.02569,120.64175,-1,2,0
943,2937,26.31624149,26.74236709,27.98369,120.71502,27.97398,120.7324,-1,28,0
1159,2067,-20.86746718,-42.24269376,28.02791,120.59925,28.028224,120.587166,-1,425,0
1218,1581,64.79072916,1.828324634,27.91539,120.8198,27.90633,120.81918,6,190,0
25,2089,7.139516104,2.539194876,27.976204,120.667973,27.970224,120.651685,5,76,0
1622,1947,-1.337532282,33.49356865,28.00126,120.6875,27.98803,120.67876,4,2,0
437,989,-9.490047631,38.9767981,27.98847,120.666286,27.987092,120.667981,4,2334,0
2405,2901,24.33848373,0.906337333,27.96984,120.68551,27.97339,120.7071,-1,19,0
1108,2331,34.47485803,-14.19248734,27.924685,120.69711,27.92645,120.67635,3,125,0
985,1563,30.8790848,-28.20201761,27.92393,120.69186,27.92204,120.69661,3,17,0
816,2287,-15.039005,-0.146883441,28.000546,120.645436,28.002169,120.645773,3,236,0
2476,2841,24.96576757,52.37830192,27.99996,120.71136,28.000286,120.70749,7,88,0
2186,2377,33.71258016,50.96275076,27.99188,120.7165,27.9934,120.719,7,2648,0
983,1527,7.429218457,-12.59300414,27.97699,120.64991,27.97296,120.6485,5,837,0
1387,1458,26.5047754,11.76527165,28.0238,120.80688,28.023603,120.80906,2,764,0
1006,1276,5.542463678,-56.32627092,27.99467,120.56692,28.00066,120.58221,8,1889,0
748,2021,35.28950464,-17.06679,27.9266,120.711,27.92043,120.68424,3,217,0
181,1007,23.59086012,6.516477275,27.97517,120.69185,27.96558,120.68672,-1,760,0
937,1727,54.14554078,-6.833347575,27.94444,120.83533,27.91218,120.83617,6,57,0
109,2175,-17.89374463,-41.38783739,28.03316,120.59087,28.025465,120.585303,9,10,0
971,2223,59.0035819,-2.733518629,27.92205,120.80111,27.922663,120.824735,6,79,0
233,2967,36.5601935,-23.02337022,27.9299,120.70635,27.92614,120.70507,3,12,0
1865,2119,40.91436321,28.94803758,27.97506,120.73909,27.97513,120.74591,10,199,0
1535,2879,-40.98174532,-16.6316421,28.03768,120.63277,28.040077,120.644167,7,0,0
231,1782,25.83758304,43.01551693,27.995464,120.7078,27.997236,120.700653,7,43,0
57,2092,-32.72969792,-7.520113984,28.00954,120.61511,28.0195,120.63455,-1,11,0
1386,1536,12.41367204,18.63918942,27.98557,120.68544,27.985,120.67851,4,76,0
1596,2009,-41.19340317,6.157147284,28.027266,120.655901,28.04976,120.647462,7,12,0
347,1511,24.84045787,26.43225092,27.98785,120.71681,27.97302,120.73654,-1,47,0
2030,2092,-47.94298159,-0.605631861,28.017229,120.633291,28.0195,120.63455,3,115,0
1054,1726,-7.976881822,-1.818335648,27.99918,120.641648,28.000738,120.643235,3,0,0
302,2297,33.62038775,-21.77977213,27.9241,120.70277,27.92659,120.71116,3,88,0
1481,2399,12.87150408,-34.29227232,27.96111,120.6227,27.951096,120.598666,-1,35,0
692,848,11.60018623,53.60827922,28.00622,120.6991,28.00742,120.70274,7,139,0
1015,1351,-32.99194105,-21.56113899,28.02245,120.61239,28.04387,120.63355,-1,0,0
1667,2539,6.439606955,-39.24616398,27.93583,120.61337,27.97231,120.62724,8,54,0
1360,2556,16.49147194,33.68941395,27.993854,120.698744,28.00322,120.7122,-1,0,0
982,1722,68.82276654,22.76541596,27.87452,120.79789,27.87744,120.7991,6,13567,0
1587,2215,-37.7280715,24.43413857,28.00917,120.64028,28.01028,120.64503,3,461,0
2128,2570,73.86092008,7.177758395,27.8883,120.80901,27.8882,120.80334,6,1131,0
237,1159,-27.5578783,-37.72156828,28.023421,120.592786,28.02791,120.59925,3,1549,0
1970,2336,66.02072953,23.85307684,27.87,120.788,27.87937,120.8036,6,1346,0
1883,2588,-10.25191164,-44.32112986,28.02719,120.57728,28.02213,120.5743,9,100,0
117,2840,-20.21575674,-45.90935868,28.026108,120.592702,28.04323,120.58656,-1,10,0
1608,1984,-41.05169705,-13.79064317,28.0453,120.65749,28.039803,120.642004,7,12,0
1123,2481,11.74009353,-7.336656972,27.96552,120.64757,27.97265,120.66766,5,24,0
211,481,-9.880935761,-31.46800065,28.01211,120.58988,28.00644,120.59212,-1,110,0
1782,2756,3.540230751,47.46145536,27.997236,120.700653,27.98645,120.68772,-1,28,0
1187,1767,8.434748583,0.477446014,27.96331,120.66311,27.97914,120.65482,5,196,0
2250,2331,30.29839868,-35.04282321,27.92446,120.6923,27.92645,120.67635,3,21,0
1187,2793,5.620855119,-5.986495568,27.96331,120.66311,27.96841,120.73048,-1,29,0
2294,2581,-44.91997528,23.55633967,28.017358,120.65303,28.020019,120.648575,3,1116,0
907,1950,39.21655954,40.56312642,27.9842,120.72674,27.99139,120.71952,7,2,0
846,2386,13.31364797,51.74654491,28.00453,120.74869,28.01849,120.70996,7,2,0
914,2916,62.30990894,-3.18950514,27.93088,120.80284,27.93792,120.80154,6,224,0
46,923,-57.70184653,-19.26210057,28.04917,120.61056,28.06101,120.62576,7,947,0
1209,1317,24.37005306,36.27418721,28.00032,120.72752,27.995577,120.71498,7,15,0
164,1680,20.8618432,-9.908638986,27.95724,120.65969,27.96413,120.67139,5,5,0
1363,1970,66.34185064,23.51332274,27.87025,120.79516,27.87,120.788,6,1407,0
147,1708,-21.16751071,-27.642667,28.01625,120.60085,28.02381,120.59717,3,237,0
367,1215,2.492793198,-49.18916243,27.99233,120.60381,27.98702,120.60848,8,732,0
426,2506,-37.42372399,-9.423963719,28.025933,120.641498,28.02561,120.63825,7,5,0
281,378,70.77324659,-7.411334082,27.94397,120.77876,27.96458,120.79525,2,171,0
298,1412,34.26997206,-27.67425631,27.92054,120.70164,27.92129,120.70489,3,30,0
950,1667,6.298363462,-38.96436097,27.98069,120.61263,27.93583,120.61337,8,101,0
1094,1881,-19.55659104,-27.48542122,28.01845,120.59962,28.01337,120.59429,3,101,0
999,2428,9.531829379,-11.76314045,27.95989,120.64875,27.98819,120.6531,5,44,0
11,2241,38.24871693,43.89854681,27.99544,120.72251,27.98751,120.72346,7,3079,0
893,1255,-12.70769345,44.59435464,28.00209,120.66254,27.9997,120.67055,3,495,0
1502,1977,-7.009092769,38.60943055,27.991292,120.664871,27.99753,120.67522,4,31,0
1470,1496,21.20044869,3.527246669,27.97225,120.68006,27.97767,120.70127,-1,77,0
1763,2309,60.19680169,-2.370107723,27.92159,120.82161,27.92657,120.81725,6,245,0
306,2237,36.41215418,-12.22054198,27.93177,120.67802,27.92797,120.69797,-1,91,0
2225,2556,12.05748826,46.24693301,28.01963,120.71371,28.00322,120.7122,7,114,0
8,2718,16.44623963,-31.45274046,27.91704,120.56917,27.94477,120.59481,10,104,0
335,1582,12.87215752,-8.231680403,27.93483,120.66784,27.96936,120.67444,5,5,0
1204,2849,15.44617487,-31.47874277,27.94777,120.6125,27.92064,120.57853,10,99,0
267,1859,68.60608379,19.17494768,27.87206,120.80251,27.87212,120.80789,6,275,0
2083,2668,18.37583538,-39.50514569,27.95887,120.60962,27.94903,120.59549,10,245,0
343,924,-38.92696001,-15.34576834,28.03943,120.62365,28.03883,120.63972,7,7,0
1305,1544,51.73943247,-5.351114465,27.92668,120.81126,27.94688,120.81569,6,27,0
405,1470,9.220062265,16.64420056,27.989232,120.680662,27.97225,120.68006,-1,105,0
530,608,4.425387097,35.78894357,28.001624,120.691201,27.99367,120.69233,4,3,0
89,1873,-23.47250885,22.02610941,28.0164,120.65703,28.01486,120.66325,3,7,0
631,2103,1.364778075,-35.82348334,27.98274,120.56357,27.98211,120.59701,8,15,0
1055,1660,56.66713801,9.761963282,27.89321,120.79688,27.91134,120.80988,6,8,0
1133,2867,36.25363716,38.79537979,27.97533,120.72453,27.971116,120.71478,10,228,0
608,1947,-2.065753889,41.05315548,27.99367,120.69233,27.98803,120.67876,4,207,0
1388,2294,-44.89426003,22.75027734,28.01822,120.64711,28.017358,120.65303,3,359,0
1117,2503,-21.60122192,49.82197349,28.02055,120.68861,28.02203,120.68689,7,311,0
608,2444,-5.112790576,39.45541139,27.99367,120.69233,27.99277,120.67775,4,759,0
615,758,-4.803579371,45.79305228,27.99109,120.67677,27.99542,120.68153,4,508,0
156,759,44.03896948,23.52282618,27.965975,120.749599,27.97238,120.74249,10,212,0
752,859,17.96884744,-13.61801252,27.9454,120.65697,27.95386,120.68203,5,18,0
1380,2080,-2.49380432,22.03235609,28.00675,120.68244,27.994449,120.671107,4,114,0
332,1718,13.26870648,38.29981921,28.00341,120.68731,28.001831,120.717278,-1,37,0
611,2274,72.53533591,15.37001848,27.867358,120.820794,27.87983,120.81482,6,398,0
1123,2567,-7.872795393,9.107169955,27.96552,120.64757,27.992138,120.656444,-1,6,0
1012,2764,-17.4874147,-55.97899062,28.04376,120.56894,28.044142,120.567394,9,1963,0
408,438,-54.51455275,-26.06767444,28.05042,120.6339,28.03933,120.62364,7,215,0
1787,2823,20.14007371,-33.87366444,27.90939,120.56294,27.94947,120.55856,10,128,0
2128,2913,64.81921822,-2.226927056,27.8883,120.80901,27.92081,120.81459,6,19,0
182,214,-24.42139246,-13.5274533,28.01939,120.61656,28.01125,120.625528,-1,10,0
157,1308,14.51148613,13.05940867,27.980814,120.677226,27.98404,120.68203,4,310,0
369,2496,58.75563665,-10.69302252,27.9277,120.83323,27.94412,120.76969,-1,223,0
1457,1549,28.36720154,50.13969485,27.99566,120.715,27.98966,120.70619,7,45,0
999,1783,10.18179731,-9.296080526,27.95989,120.64875,27.96607,120.65206,5,45,0
2064,2138,62.99260939,23.43803164,27.889525,120.804362,27.87481,120.78795,6,319,0
1111,1415,-34.25551292,18.78493114,28.02502,120.63963,28.01447,120.64201,-1,15,0
370,1191,18.11659243,-16.96961697,27.95455,120.65292,27.95227,120.64535,5,376,0
143,1608,-67.98690257,7.684122908,28.04546,120.65895,28.0453,120.65749,7,28532,0
2197,2622,-51.51743557,-20.08411842,28.04449,120.62163,28.0547,120.64565,7,29,0
1679,2241,29.19526209,48.93052751,27.99338,120.70875,27.98751,120.72346,7,230,0
1589,2930,34.33724562,15.65657331,28.02956,120.75507,28.021655,120.71483,7,3,0
627,2167,-63.49766874,9.845961342,28.0494,120.66193,28.0438,120.65797,7,238,0
492,2519,21.0866253,38.79434252,27.99261,120.71419,27.99715,120.70087,7,16,0
1047,2354,10.19631886,31.17199287,28.00475,120.69418,28.005487,120.689347,-1,4,0
1844,2297,46.00762822,-21.46055592,27.92562,120.70294,27.92659,120.71116,3,415,0
1428,2767,-34.28657147,-7.337006831,28.02259,120.62662,28.00293,120.64916,-1,0,0
362,2396,-17.00267253,-25.71096615,28.01738,120.60605,28.03985,120.62173,-1,5,0
328,2622,-70.1700081,7.263355283,28.05929,120.65781,28.0547,120.64565,7,11369,0
962,1988,-48.35654329,-0.873506073,28.017111,120.631666,28.01854,120.63879,-1,284,0
1958,2117,-27.42560007,20.40639872,28.01842,120.65967,28.0167,120.6534,3,110,0
1895,2190,11.71517224,7.765952064,27.96905,120.70307,27.98235,120.67423,-1,78,0
986,2602,-31.42003655,-48.12264105,28.077531,120.587363,28.041463,120.586511,9,59,0
259,1510,-53.16917552,-2.040200504,28.05022,120.66531,28.023269,120.632426,7,47,0
2570,2832,74.19441921,7.068787287,27.8882,120.80334,27.8881,120.80006,6,1490,0
565,1081,-15.78396123,44.63075197,28.00841,120.66454,27.997963,120.659738,3,20,0
467,2924,6.151651847,32.51321314,28.012398,120.68848,28.0079,120.69401,7,15,0
231,1360,25.78573875,43.9301755,27.995464,120.7078,27.993854,120.698744,-1,109,0
182,677,-32.93630522,-20.77960501,28.01939,120.61656,28.040628,120.619569,-1,0,0
981,2058,34.21409377,-51.12101345,27.89495,120.67037,27.87238,120.65735,3,506,0
752,2462,19.28200511,-16.09333149,27.9454,120.65697,27.93855,120.64822,5,1023,0
347,1448,30.00695599,51.86491786,27.98785,120.71681,27.99567,120.715,7,762,0
561,2816,-38.42871405,-0.594958468,28.02374,120.641626,28.04411,120.63996,-1,58,0
2428,2682,-0.565307989,2.333302564,27.98819,120.6531,27.99605,120.64769,-1,218,0
2261,2562,17.58883507,1.354621027,27.97054,120.68557,27.96972,120.68472,5,51,0
1335,1763,62.94591126,-11.13459172,27.92006,120.82563,27.92159,120.82161,6,963,0
1052,1376,32.59568494,30.73793227,27.97486,120.72843,27.99176,120.72451,-1,62,0
943,1448,28.27520534,52.17303019,27.98369,120.71502,27.99567,120.715,7,69,0
178,1528,-42.87028994,22.96612579,28.01444,120.65108,28.01484,120.64575,3,1063,0
306,2479,35.71412176,-2.286406758,27.93177,120.67802,27.95756,120.72822,-1,9,0
1122,2028,63.48997953,-2.038946795,27.9304,120.80754,27.92122,120.80887,6,180,0
27,1679,17.12086039,36.42708881,28.00949,120.71444,27.99338,120.70875,7,21,0
77,959,-36.1200116,31.00178,28.00743,120.64853,28.009115,120.657413,3,337,0
919,2073,-34.89930148,42.02952897,28.01517,120.66789,28.01371,120.66619,3,171,0
382,2955,-18.04082661,25.86135731,28.01967,120.6623,28.02188,120.66555,3,22,0
124,1643,4.20517426,-25.15626479,27.99261,120.62341,27.98054,120.61279,8,138,0
582,1323,71.27821115,18.81349917,27.86958,120.81319,27.85707,120.81238,6,344,0
372,1586,-2.893150591,35.4628254,27.99629,120.68028,27.993909,120.679255,4,56,0
322,2842,6.06575024,36.59084882,27.994,120.695,27.98853,120.69743,4,25,0
332,2169,3.553719265,53.39654341,28.00341,120.68731,28.002851,120.698951,-1,64,0
795,1161,39.22122534,-47.19773955,27.91839,120.66065,27.90218,120.626462,3,451,0
685,2823,17.42263974,-49.00563919,27.97822,120.56591,27.94947,120.55856,-1,880,0
387,2439,-15.16775283,-47.31903143,28.0246,120.58292,28.04261,120.57226,9,23,0
1595,2816,-57.87213062,-3.035167245,28.03104,120.63718,28.04411,120.63996,7,136,0
1070,2864,42.53605276,5.706449985,27.97374,120.7589,27.9665,120.76112,10,47,0
1435,2450,-58.57989124,-15.22531052,28.046174,120.636789,28.04901,120.63968,7,3471,0
68,1736,-49.6067657,-32.84140269,28.02467,120.61708,28.029592,120.6244,-1,1772,0
397,2143,0.403414451,-40.15857896,27.98278,120.56366,27.98338,120.55091,8,91,0
2241,2360,38.25448627,43.21376811,27.98751,120.72346,27.97589,120.75072,-1,65,0
76,1448,29.08602883,50.5433646,27.99619,120.71034,27.99567,120.715,7,2987,0
788,1528,-35.80832861,16.02184084,28.01601,120.64709,28.01484,120.64575,3,85,0
865,1031,-25.49200973,-44.37577228,28.0464,120.604,28.036972,120.589166,-1,46,0
325,2130,66.75764779,16.23408267,27.867766,120.811222,27.85823,120.80871,6,77,0
1503,1737,-12.70147798,-57.3250447,28.0363,120.5857,28.03968,120.57291,9,2086,0
1865,1956,38.92316001,31.56110435,27.97506,120.73909,27.96946,120.72066,10,28,0
2078,2434,41.2850435,-26.05117232,27.92125,120.70678,27.92215,120.70629,3,327,0
1800,1950,37.51622644,44.08458545,27.987621,120.722773,27.99139,120.71952,7,460,0
2114,2788,21.63056912,-14.65745539,27.94806,120.66035,27.96243,120.65546,5,184,0
1273,1535,-54.1403163,-1.499596304,28.02347,120.61544,28.03768,120.63277,-1,0,0
1590,2483,-20.06241283,-28.97112243,28.02239,120.59436,28.02455,120.61196,3,13,0
1989,2028,64.74193898,-5.026098204,27.93336,120.81773,27.92122,120.80887,6,352,0
2004,2887,-20.72402253,-51.78313413,28.05469,120.58692,28.04609,120.57533,9,50,0
1160,1528,-35.48898038,15.90338331,28.01525,120.66252,28.01484,120.64575,3,17,0
1031,2653,-24.54335042,-44.67289363,28.036972,120.589166,28.03697,120.58917,9,27411,0
1837,2855,-4.01008249,-22.48686011,27.98603,120.63754,27.986819,120.628986,8,80,0
529,566,-22.75995988,47.40852155,28.01174,120.68077,28.0085,120.68531,-1,323,0
474,2666,-53.08546221,-23.14516828,28.043365,120.633224,28.04116,120.62863,7,45,0
58,1511,42.5726867,32.82195735,27.97969,120.74181,27.97302,120.73654,10,438,0
479,2219,37.30827712,-47.56260291,27.89857,120.63091,27.88424,120.6382,3,687,0
437,2190,7.128392691,8.017910099,27.98847,120.666286,27.98235,120.67423,-1,77,0
132,1728,29.50119122,-52.09249501,27.85697,120.66619,27.85412,120.66711,3,584,0
1317,1950,33.70276371,50.47403111,27.995577,120.71498,27.99139,120.71952,7,67,0
1164,1514,-61.03054895,4.310498574,28.04057,120.64705,28.039838,120.650314,7,238,0
298,537,33.88053513,-28.10450884,27.92054,120.70164,27.91572,120.69582,3,25,0
318,2089,7.556930608,-14.42080943,27.97271,120.64743,27.970224,120.651685,5,10519,0
803,1167,-58.77056939,1.49208072,28.02715,120.65114,28.03274,120.64129,7,25,0
883,2637,39.49157811,45.79114164,27.99238,120.73064,27.99476,120.73128,7,6796,0
546,2021,38.07177167,-35.5915808,27.92076,120.68433,27.92043,120.68424,3,3734,0
441,2760,-32.963842,-50.87562984,28.102055,120.549944,28.093393,120.555994,9,19,0
893,1837,-15.54540989,40.68637172,28.00209,120.66254,27.98603,120.63754,-1,4,0
1285,2568,-46.18584419,-36.11893067,28.04108,120.61641,28.04901,120.58582,-1,81,0
779,2067,-18.87179501,-40.95084648,28.03387,120.594038,28.028224,120.587166,9,50,0
2333,2528,-25.63075934,35.77413182,28.02407,120.66508,28.023744,120.653645,-1,2,0
772,1685,-37.28890846,-52.78621921,28.05187,120.61117,28.08692,120.5856,-1,8,0
11,1448,29.49097388,52.94629364,27.99544,120.72251,27.99567,120.715,7,3830,0
1058,1494,-60.00197896,-13.55646928,28.04752,120.63044,28.04977,120.64759,7,615,0
4,2094,-0.071177715,-48.86291227,27.98663,120.61963,27.992,120.60987,8,463,0
2392,2756,0.90070732,39.42037578,28.00878,120.68835,27.98645,120.68772,-1,8,0
1296,2187,72.8107043,5.161831632,27.89897,120.79855,27.89058,120.80958,6,1065,0
2496,2498,46.11110322,0.945594663,27.94412,120.76969,27.93632,120.80837,-1,18,0
2046,2625,68.00114632,6.588554343,27.88702,120.81085,27.89938,120.82864,6,214,0
956,1837,-2.664668734,-17.86422235,27.97159,120.65547,27.98603,120.63754,-1,38,0
1983,2649,75.1859581,8.222184081,27.88689,120.80628,27.88565,120.80804,6,2363,0
552,2479,39.18230491,-0.037785351,27.96536,120.74141,27.95756,120.72822,10,4763,0
6,2706,-62.8599111,19.14041289,28.0635,120.68056,28.05757,120.67252,7,194,0
1098,2012,-35.90862354,2.180275131,28.0475,120.62333,28.02392,120.644412,-1,23,0
588,1386,1.119166242,42.30150485,27.98547,120.68291,27.98557,120.68544,4,583,0
2007,2469,37.70430266,13.70594961,27.99715,120.77526,28.00923,120.72917,-1,16,0
1290,1628,9.414768691,31.19344607,28.003203,120.691994,28.01497,120.68572,7,3,0
47,2663,34.10076482,20.91281359,27.97433,120.75967,27.99627,120.72691,-1,81,0
1175,1388,-27.52806166,4.772428554,28.00978,120.65422,28.01822,120.64711,3,0,0
257,2784,-40.32842241,-47.20716802,28.076984,120.602335,28.05184,120.61542,-1,50,0
688,954,-12.08298952,24.83681291,28.008405,120.68283,28.018214,120.672196,-1,0,0
259,1432,-33.8831589,-6.062981094,28.05022,120.66531,28.00892,120.62295,-1,4,0
2142,2793,22.69845352,30.18990923,27.98684,120.71242,27.96841,120.73048,-1,91,0
976,2816,-60.68903401,-13.4687856,28.044851,120.648285,28.04411,120.63996,7,467,0
2628,2843,-29.64409967,43.13593091,28.01511,120.67465,28.01538,120.6731,3,165,0
1596,1689,-44.92319677,13.57727567,28.027266,120.655901,28.02095,120.64389,-1,342,0
752,1753,14.96867598,-12.47170393,27.9454,120.65697,27.96526,120.65283,5,7,0
135,490,-16.16688995,-7.336235009,27.9974,120.622,28.00307,120.6298,-1,55,0
1440,2592,61.41704471,-5.625796907,27.92653,120.78661,27.93254,120.82423,6,157,0
981,2123,30.43775389,-36.05551231,27.89495,120.67037,27.92383,120.67387,3,12,0
2000,2434,42.8173477,-26.39248429,27.92247,120.70628,27.92215,120.70629,3,2859,0
986,1027,-38.96513469,-56.24489474,28.077531,120.587363,28.08394,120.58605,9,3591,0
8,301,19.44110237,-33.75169086,27.91704,120.56917,27.93112,120.5882,10,32,0
1194,2264,16.79825596,-12.04426324,27.9573,120.67705,27.95241,120.64911,5,30,0
1534,2762,-25.43371486,44.33325483,28.017189,120.678534,28.01919,120.67036,3,455,0
25,2131,7.759950754,2.923845669,27.976204,120.667973,27.97509,120.65593,5,2206,0
2053,2198,-20.61379265,-10.51581667,28.01003,120.63016,28.01139,120.622331,4,762,0
1480,1956,48.2051351,1.790114123,27.96194,120.78881,27.96946,120.72066,-1,15,0
2426,2656,-35.08529919,9.487962115,28.0241,120.647393,28.024797,120.649708,-1,16,0
828,1956,26.33416635,-3.10661389,27.96168,120.677789,27.96946,120.72066,-1,9,0
1956,2418,30.87297382,-6.782185699,27.96946,120.72066,27.93672,120.67951,-1,18,0
790,2176,23.0630514,-11.40345757,27.95053,120.66517,27.95843,120.65338,5,81,0
292,317,-51.25404644,15.91535384,28.02857,120.65898,28.01994,120.655,-1,52,0
874,1232,-66.59160788,4.472603464,28.04411,120.64767,28.04357,120.651564,7,6620,0
1386,1622,-4.716493434,52.87637196,27.98557,120.68544,28.00126,120.6875,4,16,0
831,2353,12.59699435,11.17398454,27.9762,120.668,27.973777,120.682079,5,57,0
824,2712,-37.44025493,19.62390368,28.002956,120.643807,28.01694,120.64891,3,16,0
1262,2620,-1.644346663,9.131360235,27.98453,120.66027,28.005401,120.667985,-1,2,0
883,1133,30.54172495,36.07412922,27.99238,120.73064,27.97533,120.72453,-1,188,0
161,2167,-63.31617947,9.389846608,28.043888,120.656111,28.0438,120.65797,7,98,0
1956,2408,42.07970722,6.960528756,27.96946,120.72066,27.97638,120.75557,10,139,0
2293,2662,7.040925564,36.29096758,27.9937,120.6981,27.9944,120.7017,4,7,0
343,1232,-39.69819474,-20.12595927,28.03943,120.62365,28.04357,120.651564,7,7,0
1285,1572,-49.07984396,-35.99574797,28.04108,120.61641,28.02693,120.60664,-1,1412,0
204,810,-6.254488932,-13.55008022,27.99015,120.62566,27.99652,120.629277,8,187,0
1614,1689,-21.73630356,2.863785034,28.02662,120.65948,28.02095,120.64389,-1,15,0
680,2051,56.47884078,1.122748249,27.95109,120.83505,27.91544,120.83871,6,104,0
189,2633,16.06071269,19.80420747,27.98396,120.69007,27.98511,120.67531,4,30,0
1453,1671,-2.992320335,-11.29187609,27.99832,120.6366,28.00231,120.63401,3,87,0
84,803,-60.87707402,11.62055488,28.01988,120.68913,28.02715,120.65114,7,23,0
48,415,-12.51874639,27.297729,28.01947,120.67661,28.01975,120.65219,3,61,0
971,1296,67.52302503,-3.47022284,27.92205,120.80111,27.89897,120.79855,6,36,0
819,1581,54.65903251,5.135838822,27.91736,120.79806,27.90633,120.81918,6,18,0
1455,2602,-36.11157128,-28.60308844,28.03905,120.62757,28.041463,120.586511,-1,0,0
198,1947,2.66992084,21.35165944,27.99428,120.679324,27.98803,120.67876,4,39,0
947,1262,1.536742424,5.520707026,27.98614,120.65644,27.98453,120.66027,4,280,0
283,2793,36.09310607,22.21027677,27.98338,120.744,27.96841,120.73048,10,17,0
159,1699,14.43215948,6.798407484,27.94833,120.66804,27.97659,120.67899,5,8,0
594,2756,9.326914982,20.29260023,27.99348,120.67357,27.98645,120.68772,4,37,0
720,952,39.27075905,15.60005829,27.97976,120.74186,27.97169,120.76145,10,15,0
1866,2433,-19.18079034,23.874044,28.01517,120.66503,28.02202,120.66394,3,61,0
1102,2176,16.85127623,-16.20265189,27.95246,120.64545,27.95843,120.65338,5,1080,0
812,1229,-18.33286787,13.35689415,28.01375,120.6551,28.01112,120.65735,3,4,0
509,2535,-10.37469174,29.70193347,28.01374,120.68025,28.01377,120.68309,3,16,0
949,1899,-26.81799057,-49.28301466,28.042263,120.582178,28.06248,120.60338,9,9,0
1386,2099,-0.124427818,46.23764006,27.98557,120.68544,27.99084,120.68506,4,6986,0
136,2281,-20.81135551,5.100499952,28.01434,120.65091,28.00143,120.63625,3,20,0
1720,2519,10.89762477,34.89322688,28.00064,120.70523,27.99715,120.70087,7,29,0
214,1736,-32.47844805,-15.71233547,28.01125,120.625528,28.029592,120.6244,-1,8,0
2846,2925,1.921678221,29.21439316,28.00084,120.68266,28.00248,120.68294,4,0,0
563,955,-64.8594838,10.19546604,28.03956,120.65442,28.04133,120.65311,7,1498,0
19,25,8.473012863,3.896986359,27.98443,120.66958,27.976204,120.667973,-1,145,0
403,2149,18.82059545,21.13092506,27.98093,120.71034,27.98472,120.69611,-1,360,0
264,402,-40.07523617,38.37870548,28.01535,120.66232,28.01188,120.66205,3,2309,0
1729,2233,72.04668615,18.51648133,27.855613,120.81738,27.86543,120.81525,6,329,0
850,2567,-0.634735786,17.80424703,27.99186,120.67498,27.992138,120.656444,4,2,0
2020,2128,72.61322748,9.439832492,27.87833,120.79361,27.8883,120.80901,6,402,0
968,1541,44.06517911,-35.16437306,27.92497,120.69109,27.9252,120.6899,3,575,0
2353,2758,13.67403328,12.69520981,27.973777,120.682079,27.98519,120.67735,-1,72,0
427,2120,-9.160151651,14.954285,28.005808,120.669146,28.00312,120.65388,3,8,0
1198,2568,-21.40567192,-36.62144355,28.0332,120.591,28.04901,120.58582,9,16,0
698,1027,-36.6523085,-49.74558376,28.07126,120.60869,28.08394,120.58605,9,184,0
2146,2847,-35.87530615,-39.71511223,28.051431,120.600469,28.041041,120.588459,-1,34,0
1749,2330,0.82895541,-44.1924526,27.97581,120.57281,27.9967,120.60336,8,23,0
1865,2822,43.3187916,33.83070202,27.97506,120.73909,27.97743,120.73394,10,8792,0
703,1819,1.300353845,-51.43960955,27.99417,120.59982,27.996696,120.603355,8,9999,0
572,2791,-1.678360273,-39.07848519,27.99271,120.56614,27.99739,120.58551,8,91,0
1195,2690,12.97793294,57.27054022,28.008888,120.709166,28.00749,120.70643,7,21,0
2342,2802,44.49801345,34.95293872,27.96902,120.74658,27.98055,120.72944,10,323,0
1058,2827,-46.28189693,-25.49279208,28.04752,120.63044,28.05657,120.60001,7,147,0
243,556,-5.88070271,-1.858581758,28.000291,120.647161,27.99014,120.62903,-1,13,0
340,1790,1.641530686,27.69532043,27.99961,120.68514,28.00243,120.67766,4,28,0
1628,1958,2.350748036,-7.128701948,28.01497,120.68572,28.01842,120.65967,-1,10,0
77,2703,-13.86057815,5.959091543,28.00743,120.64853,27.99103,120.63464,-1,24,0
1441,1984,-43.57369309,-14.42166164,28.04381,120.65767,28.039803,120.642004,7,18,0
2617,2762,-16.87288396,23.73640932,28.02136,120.65561,28.01919,120.67036,3,53,0
312,2366,15.97175379,10.96201138,27.97483,120.67456,27.97973,120.67677,5,5038,0
446,1774,8.119828717,-32.4822112,27.98581,120.61459,27.99094,120.65242,-1,0,0
647,1998,-1.353623905,-24.18782136,27.9749,120.63133,27.987217,120.623164,8,198,0
615,1536,11.72076637,15.89191953,27.99109,120.67677,27.985,120.67851,4,104,0
48,1244,-13.36440939,24.41654246,28.01947,120.67661,28.00503,120.67134,3,9,0
916,2897,-23.4433142,18.11898339,28.01381,120.65692,28.01385,120.66008,3,340,0
1622,1724,6.347974275,29.18079227,28.00126,120.6875,28.00258,120.70728,-1,68,0
604,1560,-43.62712027,-31.6472463,28.015777,120.594444,28.034241,120.588717,-1,17,0
841,2899,-30.73599722,-1.728402888,28.0171,120.63698,28.02802,120.65472,-1,7,0
1829,2789,63.82327369,18.56790399,27.86907,120.79115,27.87222,120.79381,6,24,0
403,2693,20.08686974,29.62338809,27.98093,120.71034,27.989197,120.703236,7,31,0
152,1260,64.71103018,-14.40709141,27.91139,120.82389,27.91444,120.83278,6,1905,0
601,756,60.88037847,3.65413888,27.91157,120.83255,27.90472,120.82388,6,83,0
642,1956,46.82916559,2.130055457,27.942723,120.757662,27.96946,120.72066,10,48,0
751,2658,-33.37565626,-10.66443416,28.02449,120.61195,28.023438,120.62652,-1,15,0
1512,2602,-22.47463236,-56.20214149,28.04225,120.58748,28.041463,120.586511,9,7768,0
595,1712,-22.69037985,44.4629553,28.01681,120.67808,28.01389,120.6779,3,80,0
1243,1313,64.58675255,25.09888278,27.86417,120.78289,27.86156,120.7809,6,9911,0
2483,2576,-22.50025913,-33.45667439,28.02455,120.61196,28.02963,120.5999,3,40,0
1454,2689,34.88954441,-20.86939376,27.92271,120.7068,27.92812,120.69806,3,40,0
812,2294,-43.25224555,27.72319708,28.01375,120.6551,28.017358,120.65303,3,803,0
708,770,44.45671098,-22.34629865,27.9343,120.7072,27.921591,120.704296,3,158,0
149,2318,-27.83348492,12.90217154,28.01646,120.65935,28.0217,120.647,3,67,0
1347,1936,-29.27469832,18.73161546,28.01058,120.65406,28.0164,120.657,3,89,0
865,1654,-30.06576326,-34.7455352,28.0464,120.604,28.02792,120.60131,-1,131,0
11,91,36.50593993,28.62277332,27.99544,120.72251,27.97831,120.74149,-1,28,0
9,1673,-13.44555505,1.95042168,27.99378,120.6501,28.00217,120.64577,3,79,0
281,2374,50.75424381,-2.061162563,27.94397,120.77876,27.93982,120.7985,-1,52,0
666,2484,-35.61058709,-56.61597509,28.07352,120.58467,28.07449,120.5874,9,25537,0
919,2899,-23.28160497,23.85406347,28.01517,120.66789,28.02802,120.65472,-1,4,0
204,2351,9.179138255,-33.44233931,27.99015,120.62566,27.95215,120.60432,-1,0,0
561,1273,-54.95435761,-3.921354884,28.02374,120.641626,28.02347,120.61544,3,14,0
359,1049,-27.18706185,28.04828284,28.0113,120.6614,28.00814,120.66242,3,235,0
482,2820,38.40986513,24.26063985,27.97359,120.74776,27.96861,120.74333,10,88,0
717,1591,20.82804873,51.17514445,28.00547,120.71099,28.00528,120.70899,7,286,0
1433,2280,-42.09948755,22.60765231,28.015196,120.648057,28.01549,120.64822,3,633,0
593,1727,60.01389869,2.508785593,27.91758,120.83739,27.91218,120.83617,6,16,0
1424,2150,-16.7534534,-31.33700749,28.02108,120.60101,27.99711,120.58895,3,148,0
47,1302,46.9258053,11.47055959,27.97433,120.75967,27.96848,120.78369,-1,113,0
865,2213,-36.66734976,-27.03553318,28.0464,120.604,28.0397,120.63304,7,21,0
1407,1767,2.165851028,-13.98717318,27.97235,120.62717,27.97914,120.65482,-1,16,0
335,458,30.70616955,-45.08743189,27.93483,120.66784,27.87682,120.64507,-1,138,0
603,1242,11.62033994,-28.93544679,27.97164,120.62661,27.94889,120.61987,8,26,0
989,1935,3.556119338,10.16992045,27.987092,120.667981,27.97505,120.67499,-1,44,0
1084,1896,-37.38862276,-51.42225606,28.09096,120.5847,28.10296,120.57827,9,141,0
1169,2509,-21.72776504,-24.43483696,28.01606,120.6036,28.02225,120.60442,3,638,0
42,192,-5.891510867,14.78385761,28.0014,120.65569,28.002732,120.666557,3,0,0
1249,1969,-12.48305743,-2.656133628,28.00533,120.6479,28.00303,120.63895,3,36,0
335,2465,28.86424538,-43.48039345,27.93483,120.66784,27.88796,120.64935,-1,11,0
3,1474,-23.77275881,-50.06632393,28.03927,120.5877,28.02436,120.58545,9,176,0
1624,2319,8.449035425,-46.32119047,27.971715,120.608414,27.97631,120.60491,8,8610,0
698,1331,-45.85131634,-46.67254168,28.07126,120.60869,28.07361,120.61293,9,28874,0
1470,1805,22.58852664,0.515733935,27.97225,120.68006,27.970239,120.685696,5,95,0
595,868,-17.13991279,51.15111773,28.01681,120.67808,28.01279,120.66871,3,26,0
387,481,-9.361186644,-35.39773398,28.0246,120.58292,28.00644,120.59212,-1,117,0
951,1218,64.80871623,-12.6731123,27.90882,120.83189,27.91539,120.8198,6,87,0
84,2065,-62.46175668,11.3583043,28.01988,120.68913,28.03893,120.65902,7,177,0
231,1769,17.82196074,36.20022497,27.995464,120.7078,27.998722,120.707177,7,49,0
1498,1868,30.35574924,15.49452492,28.02468,120.77976,28.019447,120.796853,2,92,0
408,2515,-42.21542809,-22.543696,28.05042,120.6339,28.06853,120.60201,-1,33,0
1401,2200,-39.92015458,4.877824282,28.01999,120.65209,28.03746,120.65611,-1,0,0
2190,2428,3.370218429,2.000745466,27.98235,120.67423,27.98819,120.6531,5,41,0
247,1322,8.150349972,63.00140383,28.04031,120.70544,28.00798,120.69032,7,7,0
234,803,-29.30820211,-10.88177521,28.01828,120.62547,28.02715,120.65114,-1,98,0
1363,1829,66.41723568,22.17022543,27.87025,120.79516,27.86907,120.79115,6,162,0
881,2183,69.6369279,5.417367902,27.894444,120.813527,27.89444,120.81353,6,567,0
661,2169,5.871570554,51.8382014,28.00053,120.6999,28.002851,120.698951,7,135,0
1638,1676,-8.488057025,42.57195982,27.99258,120.67111,27.99435,120.67119,4,806,0
1990,2762,-23.81233731,31.1426606,28.02045,120.65999,28.01919,120.67036,3,137,0
1419,2542,-24.13348428,-15.28946139,28.01125,120.62553,28.01903,120.61189,-1,34,0
556,1134,-5.853047549,-25.44896228,27.99014,120.62903,27.99644,120.63354,8,6474,0
1141,1187,28.21521359,-16.53800661,27.933084,120.674452,27.96331,120.66311,5,19,0
447,941,33.00004404,49.84951909,27.99055,120.7118,27.99057,120.71338,7,306,0
606,1433,-36.90698379,19.77024086,28.004829,120.6409,28.015196,120.648057,3,78,0
611,982,64.45516883,15.71902651,27.867358,120.820794,27.87452,120.79789,6,38,0
401,2186,24.68870555,34.24316225,27.994305,120.719787,27.99188,120.7165,7,0,0
224,2196,-23.51929536,26.09801594,28.01492,120.66976,28.0176,120.6671,3,249,0
1680,2149,18.37622147,4.532820362,27.96413,120.67139,27.98472,120.69611,-1,11,0
2148,2471,-7.790592835,18.8302983,28.009866,120.667542,28.00877,120.66836,3,11,0
708,2237,46.26040522,-21.84496208,27.9343,120.7072,27.92797,120.69797,3,923,0
1089,1093,-9.218229748,-47.27303215,28.02804,120.57818,28.03228,120.58055,9,59546,0
1220,1342,-7.332957112,50.52387345,28.000812,120.679146,28.00491,120.67627,4,116,0
166,799,53.96863652,-1.975526472,27.93672,120.83867,27.93368,120.81563,6,10,0
164,2298,28.89090398,-16.96974847,27.95724,120.65969,27.92952,120.68107,5,0,0
2003,2561,-1.7411783,30.90712916,28.00191,120.67862,28.00155,120.68023,4,24,0
1955,2932,-11.10497351,-2.104161536,28.00278,120.646,28.003843,120.643621,3,40,0
2488,2589,30.79050198,12.52707163,28.01749,120.80122,28.02612,120.83038,2,61,0
353,670,-33.39001299,-34.92183427,28.04744,120.60876,28.026927,120.60664,-1,30,0
171,2092,-41.33622032,-5.040998015,28.00072,120.63977,28.0195,120.63455,3,19,0
2673,2813,41.9472862,25.20091147,27.96916,120.74277,27.96972,120.74326,10,271,0
160,1549,26.56545769,42.29153199,27.97864,120.71467,27.98966,120.70619,-1,23,0
789,1421,-3.723560624,-13.71221986,27.99022,120.63948,27.98936,120.6427,8,13,0
660,2385,-11.47208482,44.73154116,27.99791,120.66801,27.998,120.672205,-1,167,0
1956,2508,19.76947606,-5.422021845,27.96946,120.72066,27.96724,120.66561,-1,22,0
74,2767,-11.21967765,8.325007519,28.00263,120.65852,28.00293,120.64916,3,15,0
1705,2422,57.13818984,0.683037436,27.90977,120.83609,27.93079,120.82979,6,50,0
54,740,-24.95987592,-13.30661478,28.018598,120.620672,28.011421,120.622423,4,64,0
143,424,-38.70257337,6.179302149,28.04546,120.65895,28.025412,120.669507,-1,79,0
1125,2797,-0.377768579,-22.97537869,27.987701,120.628236,27.987898,120.629043,8,97,0
1045,1082,-43.89484657,30.29394038,28.0167,120.656,28.016688,120.655528,3,1702,0
1184,2715,0.327249043,11.80883346,27.982012,120.645724,27.99435,120.66326,-1,26,0
850,1947,-3.096513785,42.76127191,27.99186,120.67498,27.98803,120.67876,4,236,0
997,2285,-7.678330787,31.25742903,28.00958,120.67769,28.0089,120.67777,4,57,0
370,2114,21.30724197,-15.46696225,27.95455,120.65292,27.94806,120.66035,5,1967,0
1365,2822,35.40281504,31.88938177,27.982061,120.727042,27.97743,120.73394,-1,140,0
865,1093,-16.38542658,-41.82276418,28.0464,120.604,28.03228,120.58055,-1,3,0
552,2408,47.65690744,20.13000325,27.96536,120.74141,27.97638,120.75557,10,239,0
552,2360,48.49000973,23.22433243,27.96536,120.74141,27.97589,120.75072,10,676,0
42,521,-14.50176456,43.51521298,28.0014,120.65569,27.99979,120.66739,3,314,0
1940,2666,-46.54402662,-24.63935016,28.05756,120.60725,28.04116,120.62863,7,13,0
487,1472,7.158963213,16.67062259,27.98776,120.67428,27.99188,120.69412,4,2,0
1947,2633,11.77523131,15.8009015,27.98803,120.67876,27.98511,120.67531,4,195,0
606,1103,-1.74135809,-14.34760394,28.004829,120.6409,27.97694,120.62826,-1,6,0
2507,2929,-50.13358929,17.89298836,28.02519,120.66642,28.026713,120.658442,-1,276,0
1596,2899,-48.17947033,15.12712877,28.027266,120.655901,28.02802,120.65472,7,6880,0
1446,2539,6.392503544,-39.7395385,27.98015,120.60519,27.97231,120.62724,8,331,0
994,1463,-30.69471869,18.63647265,28.01318,120.65352,28.014375,120.653999,3,15,0
386,1947,8.103419177,19.39476781,27.99487,120.67969,27.98803,120.67876,4,39,0
956,2366,7.994490554,-0.373673566,27.97159,120.65547,27.97973,120.67677,5,44,0
1699,1977,3.777410995,21.4309359,27.97659,120.67899,27.99753,120.67522,-1,49,0
820,2300,13.55683344,48.04109475,28.00789,120.70721,27.99832,120.72424,7,0,0
1646,1938,-42.27493602,14.54566077,28.03083,120.63755,28.01832,120.65141,-1,52,0
974,2377,23.08948802,36.01902924,27.999273,120.72067,27.9934,120.719,7,0,0
332,2424,-4.834522642,27.12551039,28.00341,120.68731,28.01008,120.67058,-1,15,0
191,1092,12.62437673,-9.286102574,27.96628,120.68116,27.96187,120.66042,5,13,0
1021,1774,9.204311663,-34.45209948,27.96668,120.62461,27.99094,120.65242,-1,4,0
812,2263,-34.67746428,26.59596001,28.01375,120.6551,28.00726,120.65848,3,42,0
54,176,-46.07631075,-8.576611146,28.018598,120.620672,28.02521,120.6105,-1,17,0
1015,1478,-43.46652242,-0.069464122,28.02245,120.61239,28.02333,120.63639,-1,29,0
243,1955,-10.92352181,-0.533514549,28.000291,120.647161,28.00278,120.646,3,88,0
2658,2890,-38.19221666,-2.83404585,28.023438,120.62652,28.02424,120.6348,-1,22,0
422,2621,3.997293577,29.16674221,28.00525,120.70299,28.01036,120.67777,-1,4,0
1948,2644,36.68916188,19.49215299,27.96583,120.74971,28.019199,120.784475,-1,0,0
541,2668,17.91069638,-41.66729422,27.96193,120.60948,27.94903,120.59549,10,130,0
454,983,6.321108724,0.102878226,27.98,120.66708,27.97699,120.64991,5,115,0
202,1730,-18.68722323,15.09039442,28.0087,120.65515,28.01103,120.66171,3,31,0
361,2028,68.44746828,-8.881312078,27.95277,120.79908,27.92122,120.80887,-1,300,0
1709,2882,37.918761,22.67973049,27.97034,120.76311,27.970769,120.742755,10,22,0
1204,1876,19.07407189,-37.66739445,27.94777,120.6125,27.954186,120.587915,10,31,0
779,1399,-31.71105057,-33.67040842,28.03387,120.594038,28.024487,120.608733,-1,2,0
500,2616,12.33103396,42.54810929,27.99978,120.7112,28.018222,120.70197,7,34,0
2055,2733,-41.17266708,-4.524061862,28.02288,120.63142,28.019524,120.631948,-1,53,0
1782,2842,4.177931557,50.25105997,27.997236,120.700653,27.98853,120.69743,-1,162,0
2272,2497,31.47681106,-15.60643825,27.91974,120.69145,27.92371,120.73494,3,134,0
422,1255,-5.586951282,10.23522831,28.00525,120.70299,27.9997,120.67055,-1,24,0
1512,1577,-22.47052539,-54.82101404,28.04225,120.58748,28.04175,120.58651,9,200,0
224,2087,-22.91767691,31.35371364,28.01492,120.66976,28.02363,120.66164,3,17,0
1852,2160,45.95339034,20.93480244,27.96059,120.7497,27.9668,120.7548,10,15872,0
2281,2682,-16.00742815,2.774799645,28.00143,120.63625,27.99605,120.64769,3,953,0
1812,2294,-26.99827916,9.082115178,28.01671,120.64947,28.017358,120.65303,3,4,0
746,1191,18.56236102,-13.07807211,27.94545,120.66986,27.95227,120.64535,5,62,0
490,1015,-37.12331224,-30.67774431,28.00307,120.6298,28.02245,120.61239,3,0,0
2181,2490,32.25725216,-45.88429456,27.895193,120.668359,27.88534,120.6674,3,47,0
47,952,47.24025803,17.32563045,27.97433,120.75967,27.97169,120.76145,10,7957,0
147,1424,-21.85586333,-26.52008005,28.01625,120.60085,28.02108,120.60101,3,4311,0
739,1324,26.03925559,12.70415076,28.0287,120.8004,28.0278,120.808,2,11895,0
487,972,5.037640847,16.91145445,27.98776,120.67428,27.94366,120.68317,-1,12,0
1653,2936,-12.95988504,9.38316028,28.00714,120.65555,28.00577,120.65343,3,35,0
84,2507,-63.81490455,12.85451663,28.01988,120.68913,28.02519,120.66642,-1,102,0
1506,1835,-42.65809468,-10.57011589,28.02799,120.66168,28.03927,120.65678,7,62,0
739,1188,27.73393562,16.49664555,28.0287,120.8004,28.02612,120.795888,2,22160,0
909,1123,14.79508362,-19.7545062,27.95992,120.64877,27.96552,120.64757,5,4478,0
729,1094,-19.98322086,-26.72563726,28.02336,120.60588,28.01845,120.59962,3,312,0
317,862,-32.18934896,8.944980578,28.01994,120.655,28.023996,120.651156,-1,0,0
14,1149,-23.96352056,43.02641818,28.02496,120.66541,28.02051,120.67683,3,13,0
810,2778,-6.046406633,-11.01287697,27.99652,120.629277,27.99859,120.64039,-1,28,0
2484,2840,-18.90411481,-46.35464005,28.07449,120.5874,28.04323,120.58656,9,4,0
876,1510,-36.34513399,-3.118153009,28.01851,120.63892,28.023269,120.632426,-1,43,0
118,1837,-3.47542222,-21.24867221,27.985061,120.633096,27.98603,120.63754,8,263,0
449,1844,46.42251382,-20.34310283,27.93173,120.70133,27.92562,120.70294,3,1997,0
1362,1666,61.78990512,6.734257733,27.89369,120.80917,27.90314,120.82835,6,53,0
1273,1455,-51.4449153,-35.78729731,28.02347,120.61544,28.03905,120.62757,-1,573,0
534,1698,22.13653407,-9.700275425,27.93767,120.66978,27.95861,120.665556,5,5,0
1950,2944,26.17614747,30.86661542,27.99139,120.71952,27.99929,120.722247,7,43,0
813,1618,-22.39548345,-22.09486785,28.01833,120.607999,28.00977,120.60049,3,73,0
1849,1993,59.58115372,11.56109104,27.89831,120.81286,27.8714,120.79231,6,44,0
803,2879,-60.81420058,3.386312365,28.02715,120.65114,28.040077,120.644167,7,98,0
1015,1620,-47.34943301,-9.445295669,28.02245,120.61239,28.01578,120.62194,-1,530,0
596,2418,31.18031951,-10.05576911,27.93874,120.6784,27.93672,120.67951,5,1782,0
735,1460,-7.06517955,-18.95313985,27.993371,120.637184,27.985304,120.632788,8,7,0
684,1141,10.02896758,-8.481580942,27.88258,120.62827,27.933084,120.674452,-1,43,0
595,655,6.104495787,68.27893474,28.01681,120.67808,28.03962,120.71918,-1,72,0
1398,2292,-17.17965771,-35.18931906,28.02438,120.60303,28.04572,120.58643,-1,28,0
1443,2433,-25.46103894,40.32580767,28.02212,120.67074,28.02202,120.66394,3,235,0
2396,2746,-34.24377124,-22.82183653,28.03985,120.62173,28.03863,120.61579,7,106,0
1392,2408,35.59125906,13.44439127,28.00462,120.76392,27.97638,120.75557,10,40,0
1453,2256,-14.75849229,-4.402966526,27.99832,120.6366,27.998412,120.636972,3,85,0
2127,2633,5.692066155,12.59738751,27.98869,120.6726,27.98511,120.67531,4,13,0
615,858,10.38263774,13.68324625,27.99109,120.67677,27.985,120.676,4,26,0
1419,2055,-41.00230381,-5.238250096,28.01125,120.62553,28.02288,120.63142,-1,40,0
69,923,-43.75365728,-26.01001117,28.055285,120.609474,28.06101,120.62576,7,65,0
859,973,28.81477715,-21.73969759,27.95386,120.68203,27.93169,120.70193,-1,15,0
130,1570,38.03126756,-45.70615506,27.90369,120.65562,27.91065,120.6401,3,462,0
1388,2893,-37.54460448,16.52937762,28.01822,120.64711,28.01724,120.64719,3,288,0
235,1700,-12.2760987,15.35979027,28.00874,120.65984,28.01007,120.66068,3,24,0
273,1596,-47.43431947,17.12365295,28.02613,120.64691,28.027266,120.655901,7,1445,0
1256,2318,-37.59481456,13.66578224,28.01222,120.65195,28.0217,120.647,3,42,0
293,2188,-28.37530697,-4.943542649,28.02476,120.635142,28.02031,120.62527,-1,9,0
1285,2784,-54.08816624,-31.91731559,28.04108,120.61641,28.05184,120.61542,7,2093,0
391,1605,-50.09683844,6.811077636,28.02273,120.64301,28.01353,120.6398,3,185,0
2125,2873,17.80656616,41.50542331,28.005059,120.711717,28.000323,120.727524,7,0,0
250,916,-30.1865352,25.12127408,28.014565,120.656448,28.01381,120.65692,3,181,0
2189,2614,-49.38263898,-6.142395749,28.01722,120.63141,28.01688,120.6293,4,4695,0
119,2693,25.28311649,43.8531822,27.994472,120.703061,27.989197,120.703236,7,45,0
124,188,4.69254394,-23.52248426,27.99261,120.62341,27.97988,120.63103,8,117,0
287,522,5.951386418,-36.54264642,27.986822,120.630326,27.95536,120.60011,-1,8,0
1150,1654,-13.26462763,-28.91985817,28.00906,120.58854,28.02792,120.60131,3,33,0
2297,2298,33.28033545,-13.24652204,27.92659,120.71116,27.92952,120.68107,-1,39,0
448,1654,-27.91574162,-33.66423456,28.024644,120.599644,28.02792,120.60131,3,2714,0
728,1340,0.450501757,-2.688378619,27.98895,120.65771,27.99419,120.65338,-1,27,0
1572,2290,-17.09862125,-29.85005212,28.02693,120.60664,28.01109,120.5954,3,16,0
1058,2200,-64.25416798,3.695902086,28.04752,120.63044,28.03746,120.65611,7,167,0
1938,1952,-44.3219308,22.69445791,28.01832,120.65141,28.01814,120.64798,3,313,0
2218,2335,29.90066314,-47.63711212,27.878176,120.67654,27.86624,120.66547,3,3,0
198,758,-5.679042141,46.41657471,27.99428,120.679324,27.99542,120.68153,4,357,0
752,2114,21.86441057,-15.75140515,27.9454,120.65697,27.94806,120.66035,5,2939,0
627,2087,-63.16962433,13.33809243,28.0494,120.66193,28.02363,120.66164,-1,17,0
89,1045,-27.07211449,20.50634191,28.0164,120.65703,28.0167,120.656,3,207,0
643,2323,-56.78803593,5.465894709,28.04355,120.65147,28.02463,120.6447,7,14,0
198,2236,-7.482540272,45.9660462,27.99428,120.679324,27.9946,120.674,4,1449,0
300,597,44.78806606,18.01011114,27.9685,120.75992,27.970046,120.755771,10,161,0
341,606,-5.089721885,-12.33899926,27.98975,120.64468,28.004829,120.6409,-1,5,0
1007,1284,18.25427809,0.865333415,27.96558,120.68672,27.94439,120.71319,-1,4,0
12,2111,75.20483562,9.835395171,27.8751,120.81027,27.88503,120.79691,6,795,0
1788,2642,-37.49713664,6.16954402,28.02779,120.65438,28.03965,120.64593,7,2,0
79,1095,43.67033307,-19.54540388,27.921889,120.696181,27.92474,120.70282,3,354,0
384,1620,-50.2663762,-8.14299869,28.01405,120.63301,28.01578,120.62194,4,554,0
1806,2414,39.31701417,19.40970194,27.971111,120.759166,27.96391,120.75937,10,52,0
19,897,10.8695437,15.63526107,27.98443,120.66958,27.98785,120.68114,4,16,0
673,2666,-53.58087071,-24.39100514,28.05464,120.60495,28.04116,120.62863,7,99,0
594,1638,-1.302443664,18.46782373,27.99348,120.67357,27.99258,120.67111,4,314,0
27,1486,13.45528068,43.85315875,28.00949,120.71444,28.008255,120.719639,7,216,0
288,1408,38.83492764,-24.37404868,27.92329,120.7048,27.92298,120.7071,3,4,0
2355,2801,-19.8703363,27.96954271,28.02099,120.66672,28.01569,120.65545,3,2,0
446,475,1.560723722,-25.69566958,27.98581,120.61459,27.98226,120.62389,8,169,0
268,2767,-16.08201059,41.82252323,28.002086,120.662539,28.00293,120.64916,3,2,0
48,1904,-12.95540459,26.04087159,28.01947,120.67661,28.01361,120.68305,-1,6,0
76,1937,22.52501963,49.55323304,27.99619,120.71034,27.99978,120.71126,7,47,0
80,841,-46.67689621,-1.640122885,28.01143,120.62756,28.0171,120.63698,-1,196,0
2004,2818,-24.5691269,-56.67147845,28.05469,120.58692,28.04104,120.58846,9,75,0
1101,2469,35.60060893,13.94263079,28.008865,120.778256,28.00923,120.72917,-1,6,0
872,2481,2.888217426,-9.692453173,27.98477,120.64882,27.97265,120.66766,5,104,0
1433,2431,-21.78133128,5.313042027,28.015196,120.648057,28.0053,120.633,3,29,0
1752,2518,-38.26000503,-5.621078887,28.0312,120.63393,28.03042,120.62936,7,3,0
234,1033,-19.85237125,-10.7784014,28.01828,120.62547,28.007951,120.626328,4,143,0
529,906,-23.37847263,47.74301056,28.01174,120.68077,28.01211,120.69386,-1,158,0
1005,2567,-11.2725409,10.43115307,28.00628,120.65332,27.992138,120.656444,-1,5,0
2153,2325,41.59346402,-34.7180834,27.91643,120.68875,27.91782,120.69607,3,2814,0
2438,2602,-25.0732639,-53.81545275,28.04073,120.58623,28.041463,120.586511,9,2719,0
207,2344,-8.118492455,0.588811805,27.99871,120.65225,28.000843,120.64058,3,17,0
152,2187,59.833238,9.475072955,27.91139,120.82389,27.89058,120.80958,6,33,0
628,2904,56.29805061,2.853492966,27.92742,120.82878,27.95985,120.77797,-1,3,0
1923,2446,-7.589944837,-9.785957725,27.99631,120.64437,27.98763,120.66308,-1,14,0
1498,2644,27.93459347,19.30578132,28.02468,120.77976,28.019199,120.784475,2,4878,0
1351,1510,-37.16176547,-8.014531484,28.04387,120.63355,28.023269,120.632426,7,75,0
2452,2968,-28.85730185,27.23214532,28.0105,120.66068,28.02802,120.6546,-1,30,0
178,2038,-40.26766613,24.11515476,28.01444,120.65108,28.014166,120.650833,3,112,0
202,521,-5.066628785,11.76892553,28.0087,120.65515,27.99979,120.66739,3,8,0
149,624,-17.00289052,20.00255094,28.01646,120.65935,28.01854,120.66394,3,5,0
1223,1682,43.32786742,2.34786051,27.960593,120.741204,27.96568,120.73665,10,15,0
1933,2227,2.615508831,6.102144429,27.9843,120.66116,27.98375,120.66578,4,19,0
846,1589,10.76029345,68.62014303,28.00453,120.74869,28.02956,120.75507,7,249,0
983,2481,8.234685624,-10.25595396,27.97699,120.64991,27.97265,120.66766,5,56,0
1684,2083,10.80865084,-31.12950308,27.98796,120.61592,27.95887,120.60962,-1,32,0
1845,2624,25.15050413,27.89278217,27.99406,120.72557,27.97603,120.71773,-1,2,0
2106,2263,-13.32584856,11.0590905,28.00878,120.65515,28.00726,120.65848,3,15,0
259,2650,-65.52719234,12.83473404,28.05022,120.66531,28.024386,120.675309,-1,45,0
670,1708,-21.49463888,-32.45302612,28.026927,120.60664,28.02381,120.59717,3,84,0
2142,2311,32.50668187,43.68681849,27.98684,120.71242,27.98444,120.71436,7,168,0
678,1488,-63.96925989,8.070716716,28.04554,120.65654,28.043371,120.655715,7,169,0
746,2298,24.10875118,-16.09406175,27.94545,120.66986,27.92952,120.68107,5,152,0
1722,1834,74.20660721,11.43753659,27.87744,120.7991,27.87957,120.7999,6,10514,0
449,1630,36.6292778,-20.40224516,27.93173,120.70133,27.92275,120.7073,3,190,0
1182,2686,-15.66118889,31.80205071,28.02301,120.68076,28.0508,120.683,-1,12,0
2441,2771,32.00098648,27.67608606,27.98416,120.72974,27.98254,120.72768,10,21,0
538,1842,25.72558154,15.21450317,28.03625,120.7908,28.02971,120.77817,2,24,0
609,2816,-54.97388601,1.975319879,28.02096,120.62016,28.04411,120.63996,-1,45,0
108,1311,9.641687886,-54.80150003,27.98228,120.5774,27.98966,120.57449,8,1707,0
582,2722,68.5628222,14.35464794,27.86958,120.81319,27.8763,120.821,6,42,0
987,1803,-7.500858905,18.51757344,28.00626,120.66415,28.01235,120.66512,3,0,0
1455,2576,-35.0373787,-31.36969015,28.03905,120.62757,28.02963,120.5999,-1,12,0
227,1112,-58.98229531,-21.17321247,28.05333,120.63083,28.05274,120.62436,7,7369,0
95,582,62.87783062,14.59140456,27.871381,120.804451,27.86958,120.81319,6,45,0
1881,2609,-10.33645793,-26.51481122,28.01337,120.59429,28.01418,120.59753,3,696,0
634,1399,-27.78795459,-26.32816497,28.02449,120.60873,28.024487,120.608733,3,572,0
1308,1380,7.738187907,23.63993878,27.98404,120.68203,28.00675,120.68244,4,36,0
328,786,-50.22530517,-14.76889779,28.05929,120.65781,28.065163,120.642463,7,43,0
2058,2335,30.32014016,-53.62910152,27.87238,120.65735,27.86624,120.66547,3,3089,0
408,2486,-46.58286505,-15.98426593,28.05042,120.6339,28.04854,120.66293,7,14,0
11,1651,41.79312111,45.01083507,27.99544,120.72251,27.97707,120.74717,-1,358,0
1560,1708,-16.66223011,-38.29522314,28.034241,120.588717,28.02381,120.59717,-1,64,0
2446,2680,1.788108447,8.146948823,27.98763,120.66308,27.97782,120.66753,-1,31,0
1362,2183,71.09863982,5.300250843,27.89369,120.80917,27.89444,120.81353,6,6639,0
819,971,69.18677989,-3.814820943,27.91736,120.79806,27.92205,120.80111,6,10822,0
1052,1580,38.46654709,36.3067875,27.97486,120.72843,27.97711,120.72623,10,285,0
693,2516,43.73277834,34.66838638,27.97736,120.73532,27.97841,120.73883,10,231,0
2183,2254,55.18576156,5.311549309,27.89444,120.81353,27.923401,120.816621,6,20,0
1433,2452,-27.93388154,5.193218369,28.015196,120.648057,28.0105,120.66068,3,0,0
427,2080,-8.284445211,38.97315705,28.005808,120.669146,27.994449,120.671107,-1,39,0
1631,2609,-15.50244558,-25.56922173,28.00741,120.59773,28.01418,120.59753,3,17,0
442,1293,55.79721744,-10.63827207,27.92124,120.83163,27.93743,120.83414,6,281,0
164,2848,14.93428985,-5.747291715,27.95724,120.65969,27.965369,120.686131,5,14,0
458,775,35.81101551,-49.93887207,27.87682,120.64507,27.9189,120.64478,3,520,0
313,2234,33.72522766,-43.37626345,27.900456,120.63408,27.8815,120.63331,3,20,0
166,2223,59.56111707,-9.333147497,27.93672,120.83867,27.922663,120.824735,6,44,0
225,2288,13.85872862,59.46332378,28.01417,120.71354,28.014173,120.713536,7,49,0
182,1169,-18.84279091,-23.20829998,28.01939,120.61656,28.01606,120.6036,3,157,0
746,2022,19.21278099,-15.33955358,27.94545,120.66986,27.94096,120.64958,5,288,0
189,2624,19.66303764,23.18035512,27.98396,120.69007,27.97603,120.71773,-1,77,0
197,1638,-2.101742673,19.5165944,27.99572,120.67266,27.99258,120.67111,4,2,0
1689,1736,-36.8831795,0.532950464,28.02095,120.64389,28.029592,120.6244,-1,20,0
424,646,-21.78908984,36.81695307,28.025412,120.669507,28.02101,120.67872,3,8,0
1834,2183,70.90797627,9.8464533,27.87957,120.7999,27.89444,120.81353,6,0,0
1448,2408,2.092007579,-3.324848138,27.99567,120.715,27.97638,120.75557,-1,9,0
447,2519,25.82462732,42.68454327,27.99055,120.7118,27.99715,120.70087,7,102,0
658,2958,30.44895685,14.35797236,28.01872,120.79364,28.01508,120.78821,2,13,0
489,1308,-2.670808454,42.12444868,27.99167,120.67799,27.98404,120.68203,4,33,0
372,887,-4.312674175,49.08547808,27.99629,120.68028,27.996181,120.680372,4,258,0
1923,2295,-7.505899828,-17.84966956,27.99631,120.64437,27.99006,120.64119,3,411,0
2279,2690,15.50047448,38.25082779,27.98388,120.70501,28.00749,120.70643,-1,15,0
2026,2458,30.23848242,-51.93356437,27.856261,120.670711,27.85734,120.67149,3,302,0
253,935,21.04159559,9.362438203,27.9787,120.6874,27.97987,120.68111,4,368,0
227,1501,-59.69715956,-20.43134479,28.05333,120.63083,28.05557,120.61784,7,3168,0
1445,2142,30.91481918,49.17874662,27.99263,120.7145,27.98684,120.71242,7,66,0
2360,2904,48.72106652,4.959073491,27.97589,120.75072,27.95985,120.77797,-1,4,0
2379,2666,-54.75270092,-24.17942314,28.04982,120.6511,28.04116,120.62863,7,19,0
1420,1697,64.80031365,-7.267957586,27.930444,120.818555,27.93044,120.81856,6,540,0
447,500,20.74867399,37.07732991,27.99055,120.7118,27.99978,120.7112,7,41,0
243,1105,-13.13741969,-1.706102303,28.000291,120.647161,28.00791,120.64843,3,0,0
1923,2778,-9.868206755,-13.07329225,27.99631,120.64437,27.99859,120.64039,3,4289,0
1376,1511,31.38569552,30.63948697,27.99176,120.72451,27.97302,120.73654,-1,47,0
2599,2620,-6.031753708,18.67815379,28.00304,120.66839,28.005401,120.667985,3,43,0
149,307,-43.4977414,32.37336652,28.01646,120.65935,28.01573,120.65876,3,7182,0
3,2177,-14.58252195,-44.31284512,28.03927,120.5877,28.024786,120.575538,9,71,0
520,2826,70.9957948,17.72860265,27.88953,120.79251,27.86957,120.81322,6,99,0
1557,2020,60.81628142,19.51918032,27.90165,120.81193,27.87833,120.79361,6,84,0
267,611,66.57206274,18.31260531,27.87206,120.80251,27.867358,120.820794,6,44,0
2469,2503,37.00565888,15.65283045,28.00923,120.72917,28.02203,120.68689,7,0,0
319,818,19.50762907,-15.79734574,27.93831,120.66539,27.94749,120.64401,5,123,0
1605,1884,-23.6927911,-0.754190344,28.01353,120.6398,28.01661,120.63702,3,65,0
726,2778,-16.2879322,0.811471037,28.00074,120.64324,27.99859,120.64039,3,394,0
268,1502,-3.381951056,10.45068568,28.002086,120.662539,27.991292,120.664871,-1,22,0
1983,2046,74.48616076,7.956932655,27.88689,120.80628,27.88702,120.81085,6,938,0
1388,2433,-16.42402278,22.77040603,28.01822,120.64711,28.02202,120.66394,3,21,0
1453,1587,-13.03046892,-6.024347905,27.99832,120.6366,28.00917,120.64028,3,133,0
439,960,-44.12099543,18.50969264,28.02332,120.64816,28.021679,120.650433,3,414,0
981,1295,33.47382675,-51.53363247,27.89495,120.67037,27.87791,120.67133,3,1122,0
512,744,12.72966459,-14.71454224,27.96138,120.66311,27.96358,120.66496,5,17,0
72,2185,8.33529162,-48.87762551,27.97367,120.59704,27.97251,120.60263,8,67362,0
1089,1560,-21.67718773,-43.67683155,28.02804,120.57818,28.034241,120.588717,9,5584,0
1123,2281,-8.390626975,0.748071479,27.96552,120.64757,28.00143,120.63625,-1,0,0
1133,1948,43.22883772,20.57784254,27.97533,120.72453,27.96583,120.74971,10,105,0
224,1074,-7.561028074,25.90736046,28.01492,120.66976,28.014943,120.655064,3,0,0
1127,1453,-9.508981744,-5.164329146,28.01,120.62972,27.99832,120.6366,-1,0,0
2424,2512,-4.455341923,20.75140035,28.01008,120.67058,27.99935,120.67604,-1,45,0
1590,2372,-27.09432663,-36.12242928,28.02239,120.59436,28.023805,120.597166,3,5767,0
1927,2453,-41.91053717,-33.48499454,28.04626,120.62785,28.04644,120.60417,7,192,0
454,2101,6.08912379,1.107072908,27.98,120.66708,27.977877,120.667591,5,13,0
675,1239,37.68515246,-41.76692693,27.91318,120.6689,27.87124,120.64996,3,2,0
609,2650,-39.81147192,7.405760131,28.02096,120.62016,28.024386,120.675309,3,6,0
178,2318,-44.29501592,23.35573859,28.01444,120.65108,28.0217,120.647,3,416,0
812,1760,-23.509921,7.012468492,28.01375,120.6551,28.01143,120.64969,3,40,0
318,649,6.876090124,-10.39463899,27.97271,120.64743,27.981943,120.645555,5,15,0
180,1700,-18.28385386,15.94025979,28.011953,120.659948,28.01007,120.66068,3,106,0
306,513,36.60787811,-36.33343876,27.93177,120.67802,27.921152,120.682999,-1,165,0
264,2792,-24.92254263,34.3774171,28.01535,120.66232,28.02302,120.66759,3,84,0
143,2954,-69.95380142,11.98514209,28.04546,120.65895,28.05735,120.66573,7,64,0
273,2552,-47.01313084,16.54141379,28.02613,120.64691,28.02662,120.64918,7,568,0
1286,2528,-21.54744126,9.766043915,28.01117,120.65006,28.023744,120.653645,-1,52,0
704,2932,-6.594063597,-3.266627304,28.001326,120.643433,28.003843,120.643621,3,59,0
1394,2385,-8.77628159,44.77737893,27.99572,120.672658,27.998,120.672205,4,4767,0
1228,1287,64.23338391,12.8837495,27.873505,120.818568,27.8766,120.82074,6,64,0
1243,2560,63.41644825,19.12500082,27.86417,120.78289,27.86448,120.80129,6,8,0
1588,2229,-9.650485537,6.687774302,28.00248,120.65588,27.99852,120.65649,3,2,0
599,2487,39.12423291,36.31713479,27.97321,120.72684,27.96889,120.72583,10,1167,0
231,2519,26.57363882,45.16042347,27.995464,120.7078,27.99715,120.70087,7,297,0
1127,2092,-31.03731145,-6.041825094,28.01,120.62972,28.0195,120.63455,-1,76,0
1272,2241,34.9363934,35.3062053,27.98589,120.73098,27.98751,120.72346,-1,189,0
289,2224,8.519166058,10.4586127,27.986896,120.672178,27.98445,120.67253,4,77,0
812,2656,-44.3142346,15.21559417,28.01375,120.6551,28.024797,120.649708,-1,21,0
1948,2572,36.53906969,23.97044113,27.96583,120.74971,27.9677,120.74015,10,10,0
623,1563,29.87661171,-25.20705829,27.94373,120.68649,27.92204,120.69661,-1,13,0
1769,2619,3.681496171,49.83513423,27.998722,120.707177,27.992814,120.696225,-1,29,0
227,2379,-60.73883446,-16.41818871,28.05333,120.63083,28.04982,120.6511,7,949,0
204,1774,7.960787681,-43.13864859,27.99015,120.62566,27.99094,120.65242,-1,21,0
1419,1510,-52.2293953,-3.468847311,28.01125,120.62553,28.023269,120.632426,-1,128,0
341,2281,-8.213289033,-16.99264138,27.98975,120.64468,28.00143,120.63625,-1,340,0
1687,1938,-25.65907563,12.54663661,28.0134,120.65344,28.01832,120.65141,3,44,0
1079,2162,17.67266571,43.55101052,28.00471,120.71764,27.99836,120.72046,7,14,0
824,2229,-6.77048879,-2.160269076,28.002956,120.643807,27.99852,120.65649,3,14,0
695,1140,-20.21055532,-52.7504154,28.054694,120.586916,28.04193,120.57698,9,152,0
1779,2415,-19.94982675,13.95232859,28.01179,120.65261,28.02,120.655,3,9,0
1402,1628,-24.4629618,46.60036819,28.014576,120.681581,28.01497,120.68572,-1,3306,0
526,547,9.376182407,18.77148501,27.985748,120.682807,27.98521,120.67877,4,28,0
790,2508,18.09239269,-8.388773664,27.95053,120.66517,27.96724,120.66561,5,5,0
1285,1554,-48.59073551,-24.65753077,28.04108,120.61641,28.04552,120.62169,7,275,0
408,1058,-60.52525698,-21.63624174,28.05042,120.6339,28.04752,120.63044,7,28083,0
1682,2835,39.81436822,12.62824485,27.96568,120.73665,27.94411,120.78597,-1,32,0
1021,1123,16.16813194,-20.97457634,27.96668,120.62461,27.96552,120.64757,-1,44,0
1352,1970,62.13724928,19.16349035,27.878333,120.793611,27.87,120.788,6,69,0
415,1409,-39.89451498,13.21487291,28.01975,120.65219,28.02498,120.65306,-1,123,0
2110,2332,46.81112457,-19.99163511,27.92408,120.70403,27.92441,120.70401,3,3016,0
761,1492,-58.12778696,-2.558776964,28.02569,120.64175,28.02508,120.63816,7,352,0
599,1747,41.84698846,37.7723917,27.97321,120.72684,27.978667,120.735061,10,4401,0
812,2136,-33.35732495,26.40681271,28.01375,120.6551,28.01201,120.65481,3,157,0
46,2818,-37.945087,-27.96150426,28.04917,120.61056,28.04104,120.58846,-1,9,0
283,1519,42.42050336,14.64691332,27.98338,120.744,27.97433,120.75966,10,99,0
54,1115,-25.61694475,-14.54210051,28.018598,120.620672,28.01941,120.61672,-1,10,0
959,2263,-36.05304018,33.01222863,28.009115,120.657413,28.00726,120.65848,3,9523,0
2802,2822,41.72200143,36.96486677,27.98055,120.72944,27.97743,120.73394,10,9252,0
1555,2890,-60.83959673,9.786299162,28.043798,120.657967,28.02424,120.6348,-1,40,0
362,1400,-24.06681523,-24.35641039,28.01738,120.60605,28.01833,120.60806,3,11635,0
133,1956,29.45922614,-4.801285648,27.9535,120.69621,27.96946,120.72066,-1,503,0
1031,2440,-22.37118597,-46.79112875,28.036972,120.589166,28.043033,120.586455,9,93,0
1338,1595,-40.05094218,-1.152998634,28.056963,120.625239,28.03104,120.63718,7,6,0
1988,2657,-38.78781869,16.57026552,28.01854,120.63879,28.02002,120.64857,3,286,0
2111,2187,72.68752444,7.433592679,27.88503,120.79691,27.89058,120.80958,6,168,0
1582,1805,15.0530161,1.14566962,27.96936,120.67444,27.970239,120.685696,5,66,0
291,439,-44.37463863,16.27466374,28.023257,120.659016,28.02332,120.64816,3,389,0
1718,1793,17.57257513,47.43652805,28.001831,120.717278,28.00591,120.71482,7,17,0
1928,2650,-15.82196094,30.54145012,28.02228,120.67645,28.024386,120.675309,3,14,0
11,1911,30.45633225,28.55694088,27.99544,120.72251,27.97773,120.72673,-1,11,0
609,1008,-37.18125194,-23.29053701,28.02096,120.62016,28.06212,120.60705,-1,36,0
317,1082,-46.83587444,29.94048489,28.01994,120.655,28.016688,120.655528,3,9750,0
446,1998,-1.334635691,-30.41606812,27.98581,120.61459,27.987217,120.623164,8,353,0
1712,2621,-11.11588311,26.79824403,28.01389,120.6779,28.01036,120.67777,-1,2,0
1506,2954,-40.90434791,7.685739951,28.02799,120.66168,28.05735,120.66573,7,5,0
193,768,26.43110276,15.86085624,28.02809,120.78452,28.04837,120.78107,2,12,0
972,2264,16.70489657,-10.81477447,27.94366,120.68317,27.95241,120.64911,5,9,0
1167,2745,-37.80052463,-9.448604617,28.03274,120.64129,28.02921,120.62987,7,7,0
878,2858,5.062040905,51.31417296,28.000355,120.697765,27.995808,120.698644,7,112,0
2313,2940,5.822490295,42.59147927,28.010965,120.695258,28.01097,120.69526,7,10,0
695,2292,-24.74383556,-58.38969456,28.054694,120.586916,28.04572,120.58643,9,579,0
1506,2617,-50.66787104,20.98983924,28.02799,120.66168,28.02136,120.65561,-1,154,0
572,2504,5.404443204,-56.96362747,27.99271,120.56614,27.99595,120.55678,8,31,0
1140,2887,-17.75189152,-57.4074832,28.04193,120.57698,28.04609,120.57533,9,1847,0
76,2949,18.21261465,39.80608003,27.99619,120.71034,28.000868,120.712569,7,19,0
1830,2887,-14.83364339,-51.91837378,28.0362,120.58118,28.04609,120.57533,9,66,0
2154,2326,37.69959317,25.6176236,27.96748,120.75293,27.97597,120.7509,10,24,0
2831,2836,-63.81895464,2.131534935,28.04021,120.64658,28.040311,120.646407,7,150,0
1296,2138,54.08468633,8.196590803,27.89897,120.79855,27.87481,120.78795,6,41,0
2281,2914,-11.48386024,-0.895110499,28.00143,120.63625,28.01922,120.64427,3,0,0
470,1689,-36.82769135,12.88572691,28.024081,120.646811,28.02095,120.64389,3,53,0
160,1679,17.80850776,29.4090972,27.97864,120.71467,27.99338,120.70875,-1,19,0
2622,2687,-49.59873053,-13.95508805,28.0547,120.64565,28.0443,120.70804,7,67,0
838,1388,-31.14013861,12.36058214,28.01758,120.65251,28.01822,120.64711,3,25,0
844,2512,-7.740733841,21.70710007,28.00813,120.67287,27.99935,120.67604,-1,51,0
2244,2419,31.01358457,29.68328683,27.985555,120.71778,27.980722,120.721813,-1,35,0
2059,2790,1.171978937,-46.36594644,27.987233,120.614505,27.99273,120.60679,8,257,0
1050,2481,6.765394907,-1.123737862,27.976339,120.671208,27.97265,120.66766,5,17,0
159,1871,14.97014993,-8.393468025,27.94833,120.66804,27.96874,120.65488,5,13,0
367,1446,4.25929417,-49.59908827,27.99233,120.60381,27.98015,120.60519,8,376,0
1839,2644,35.02823408,14.05818319,27.97706,120.75192,28.019199,120.784475,-1,19,0
1947,1991,3.414338025,20.73719943,27.98803,120.67876,28.00104,120.67237,-1,23,0
790,1187,21.9449851,-11.08737737,27.95053,120.66517,27.96331,120.66311,5,52,0
1767,2281,6.808297185,0.529369365,27.97914,120.65482,28.00143,120.63625,-1,8,0
2297,2788,30.82702039,-14.32481196,27.92659,120.71116,27.96243,120.65546,-1,4,0
42,2229,-30.30008715,34.74051773,28.0014,120.65569,27.99852,120.65649,3,13079,0
48,457,-12.86553196,23.99344833,28.01947,120.67661,28.01851,120.70462,-1,0,0
547,1470,10.94729479,14.82930826,27.98521,120.67877,27.97225,120.68006,-1,34,0
919,1416,-16.20213561,7.989710732,28.01517,120.66789,28.01137,120.64581,3,9,0
296,1509,55.09043713,-0.54367131,27.93013,120.81461,27.9249,120.82617,6,49,0
48,483,-12.13139398,26.50136696,28.01947,120.67661,28.015482,120.68332,3,6,0
1639,1916,2.050607403,-22.47221604,27.988119,120.628211,27.988443,120.627578,8,49,0
794,1704,0.956316465,-39.29214799,27.96834,120.57402,27.97611,120.56109,8,48,0
783,1955,-11.13047596,-1.016601681,28.00282,120.64582,28.00278,120.646,3,12,0
2272,2577,40.81377385,-30.32645699,27.91974,120.69145,27.92101,120.70502,3,325,0
1870,2264,-4.513845627,9.457845435,27.99576,120.6574,27.95241,120.64911,-1,5,0
857,2072,51.28555502,-1.514483595,27.93632,120.80777,27.93734,120.77936,-1,8,0
959,1123,-30.48347581,32.65498639,28.009115,120.657413,27.96552,120.64757,-1,4,0
879,1198,-21.69205275,-39.80214762,28.03093,120.59305,28.0332,120.591,9,20,0
813,1169,-22.44337448,-23.2370593,28.01833,120.607999,28.01606,120.6036,3,129,0
502,2567,6.511376622,-13.50025855,27.975415,120.651576,27.992138,120.656444,-1,23,0
318,1347,-13.44731802,8.880069474,27.97271,120.64743,28.01058,120.65406,-1,2,0
486,2160,46.83807156,22.28017842,27.97508,120.74612,27.9668,120.7548,10,1014,0
198,615,-5.503422325,45.10411224,27.99428,120.679324,27.99109,120.67677,4,596,0
17,2214,9.208204468,15.07725831,27.97886,120.67718,27.9598,120.68203,5,38,0
608,2756,0.224967815,48.63787845,27.99367,120.69233,27.98645,120.68772,4,1731,0
475,2703,-6.269506724,-20.97836673,27.98226,120.62389,27.99103,120.63464,8,259,0
300,1427,40.4613573,18.70037785,27.9685,120.75992,27.98011,120.74983,10,15,0
515,1582,12.85131514,-24.45655978,27.96781,120.62801,27.96936,120.67444,-1,68,0
361,799,50.80354717,0.164368414,27.95277,120.79908,27.93368,120.81563,-1,53,0
1643,1885,9.269774395,-42.18918613,27.98054,120.61279,27.96887,120.61609,8,109,0
19,312,8.385617833,6.732476688,27.98443,120.66958,27.97483,120.67456,-1,228,0
1293,2309,60.24753136,-3.029336414,27.93743,120.83414,27.92657,120.81725,6,48,0
60,152,57.27229642,9.040191073,27.89629,120.80392,27.91139,120.82389,6,4,0
1498,2781,25.85416645,15.59817586,28.02468,120.77976,28.04723,120.76804,2,64,0
924,2666,-48.99602348,-20.42106055,28.03883,120.63972,28.04116,120.62863,7,24,0
389,490,-14.86468098,-11.88330681,28.01058,120.62116,28.00307,120.6298,-1,20,0
446,522,5.125078638,-32.83779001,27.98581,120.61459,27.95536,120.60011,-1,12,0
1878,2408,41.83987689,14.23136361,27.97253,120.76819,27.97638,120.75557,10,51,0
994,1515,-39.5390954,30.11313838,28.01318,120.65352,28.01034,120.65781,3,88,0
905,1508,66.02010105,14.54512784,27.86954,120.80506,27.87711,120.81099,6,53,0
1837,2344,-4.893345876,-7.85902628,27.98603,120.63754,28.000843,120.64058,-1,24,0
691,1455,-47.83682013,-33.19802605,28.05782,120.58736,28.03905,120.62757,-1,19,0
600,1587,-22.15601935,6.816701176,28.00892,120.64776,28.00917,120.64028,3,136,0
1842,2391,28.03881086,14.54082379,28.02971,120.77817,28.034242,120.80361,2,115,0
1994,2756,-2.140605282,16.08032417,27.992378,120.669665,27.98645,120.68772,4,87,0
257,2594,-43.28140851,-50.84157975,28.076984,120.602335,28.08581,120.59066,9,10206,0
382,2510,-18.82449162,26.26836632,28.01967,120.6623,28.02204,120.66593,3,48,0
828,1007,24.77083217,-2.079907622,27.96168,120.677789,27.96558,120.68672,5,1346,0
11,2232,27.91159588,54.32914594,27.99544,120.72251,27.99607,120.71016,7,314,0
2435,2715,-2.020092836,13.32685298,27.99236,120.66956,27.99435,120.66326,4,31,0
314,2326,40.87144526,28.05065859,27.97965,120.74458,27.97597,120.7509,10,97,0
1799,2282,0.078361136,47.94502977,27.99461,120.68409,27.99125,120.69051,4,32,0
382,992,-48.67174473,31.53008265,28.01967,120.6623,28.02084,120.66124,3,687,0
109,673,-41.56772604,-34.03533673,28.03316,120.59087,28.05464,120.60495,-1,107,0
1286,2109,-21.79813046,9.230530499,28.01117,120.65006,28.01345,120.65446,3,21,0
138,2804,10.15523185,65.251231,28.04427,120.69476,28.02126,120.68452,7,32,0
358,1942,42.01057437,25.80601956,27.96854,120.74135,27.97292,120.74185,10,231,0
31,293,-49.87125179,-0.696859166,28.02343,120.63235,28.02476,120.635142,3,78,0
1589,2687,11.03526128,68.17031077,28.02956,120.75507,28.0443,120.70804,7,128,0
285,2779,64.36355022,4.868970277,27.90175,120.80936,27.9069,120.82629,6,100,0
1293,2691,58.31931913,-11.87927285,27.93743,120.83414,27.93204,120.83665,6,5833,0
1696,2780,18.04235202,45.22203214,28.00178,120.72121,28.00116,120.7232,7,44,0
1070,1806,47.07252264,17.26258847,27.97374,120.7589,27.971111,120.759166,10,781,0
25,454,7.987581607,3.819468359,27.976204,120.667973,27.98,120.66708,5,3567,0
2187,2570,73.26767749,6.695387395,27.89058,120.80958,27.8882,120.80334,6,333,0
8,1787,20.39243709,-47.32536704,27.91704,120.56917,27.90939,120.56294,10,15937,0
1815,1999,30.77936197,-29.44829927,27.92444,120.68972,27.91395,120.70028,3,33,0
2036,2248,20.9445859,6.663625909,27.97268,120.68433,27.97512,120.69186,-1,212,0
202,2263,-35.13310028,34.03706817,28.0087,120.65515,28.00726,120.65848,3,13195,0
1341,2279,18.60269238,38.99516695,27.9986,120.70953,27.98388,120.70501,-1,3,0
1596,1788,-48.21482776,14.43395823,28.027266,120.655901,28.02779,120.65438,7,1980,0
284,2153,40.7927184,-35.35615322,27.92764,120.69437,27.91643,120.68875,3,460,0
11,2694,23.20391943,37.43856884,27.99544,120.72251,28.00118,120.70197,7,58,0
819,1055,53.36094303,6.102504168,27.91736,120.79806,27.89321,120.79688,6,15,0
1900,2197,-37.12623094,-25.29580516,28.06605,120.58485,28.04449,120.62163,-1,2,0
147,1094,-21.76485692,-27.02829023,28.01625,120.60085,28.01845,120.59962,3,25217,0
585,1053,2.377043996,-3.804712919,28.00115,120.70215,27.99068,120.7167,7,4,0
935,1799,8.25738097,24.25603794,27.97987,120.68111,27.99461,120.68409,4,49,0
2835,2946,51.14374322,4.174370192,27.94411,120.78597,27.91587,120.81258,-1,5,0
584,810,-5.061335723,-11.81938623,27.99383,120.62841,27.99652,120.629277,8,19,0
841,1423,-34.63187562,19.25179572,28.0171,120.63698,28.0149,120.64587,3,23,0
1187,2074,18.96542778,29.42832442,27.96331,120.66311,27.986124,120.709577,-1,120,0
1427,1942,38.43072193,26.97089347,27.98011,120.74983,27.97292,120.74185,10,23,0
1444,2960,-9.822887765,-33.31722968,28.019216,120.588125,28.017,120.583,9,58,0
916,2417,-18.25434929,19.34564605,28.01381,120.65692,28.01324,120.6611,3,34,0
2208,2622,-47.98645542,-15.46811772,28.047396,120.656783,28.0547,120.64565,7,106,0
692,1047,7.449878763,33.78856253,28.00622,120.6991,28.00475,120.69418,7,101,0
945,982,68.29631965,23.38619411,27.87922,120.78748,27.87452,120.79789,6,8323,0
1762,2456,-19.91862439,33.64444065,28.025331,120.668354,28.022125,120.670739,3,7,0
73,841,-47.61470805,5.310313765,28.01003,120.63314,28.0171,120.63698,3,154,0
2373,2682,-15.45096916,3.16889462,27.99672,120.65264,27.99605,120.64769,3,3843,0
1592,1744,-18.84150505,-57.20067799,28.04448,120.57033,28.049438,120.581163,9,450,0
775,2539,31.53633967,-14.22758604,27.9189,120.64478,27.97231,120.62724,-1,0,0
2209,2405,12.22363789,0.98916105,27.96734,120.67106,27.96984,120.68551,5,190,0
19,2748,9.329698924,11.91976391,27.98443,120.66958,27.98533,120.67604,-1,47,0
1347,2294,-34.05811681,24.96821678,28.01058,120.65406,28.017358,120.65303,3,312,0
708,1582,30.35122788,-20.36175493,27.9343,120.7072,27.96936,120.67444,-1,0,0
2360,2774,45.82677049,19.72750712,27.97589,120.75072,27.96407,120.76438,10,1255,0
2599,2787,2.136582383,26.97375185,28.00304,120.66839,28.00461,120.6752,-1,0,0
845,1294,-31.78443333,-55.34369079,28.06506,120.57549,28.06952,120.58518,9,35,0
621,766,-13.52392468,-19.18472294,27.98848,120.61075,28.00726,120.61292,-1,87,0
370,1753,16.32023303,-19.88403308,27.95455,120.65292,27.96526,120.65283,5,150,0
267,2020,68.43925866,22.74104156,27.87206,120.80251,27.87833,120.79361,6,6112,0
1870,2129,-3.201238992,3.622204663,27.99576,120.6574,27.98951,120.64774,-1,172,0
29,2597,-1.393013996,18.31888545,27.9926,120.671,27.993358,120.671015,4,8,0
1082,2117,-43.96324787,29.48063823,28.016688,120.655528,28.0167,120.6534,3,1514,0
1987,2092,-17.11110552,-8.453217277,28.007234,120.633055,28.0195,120.63455,3,4,0
1643,1995,2.416223587,-35.06019867,27.98054,120.61279,27.98625,120.5825,8,29,0
164,859,21.51885102,-10.043564,27.95724,120.65969,27.95386,120.68203,5,68,0
89,706,-28.0906251,15.52438332,28.0164,120.65703,28.01787,120.65315,3,62,0
291,2323,-37.31000903,4.224003879,28.023257,120.659016,28.02463,120.6447,-1,118,0
389,1127,-17.08778283,-11.47641621,28.01058,120.62116,28.01,120.62972,4,106,0
467,1991,-2.691006012,12.81921287,28.012398,120.68848,28.00104,120.67237,-1,24,0
945,2020,74.79638706,11.21075008,27.87922,120.78748,27.87833,120.79361,6,32773,0
273,564,-43.91646111,13.80228912,28.02613,120.64691,28.026517,120.648792,7,85,0
668,2290,-16.78543799,-22.18628727,28.0105,120.60976,28.01109,120.5954,3,47,0
2069,2325,36.83603767,-29.49646344,27.92095,120.70407,27.91782,120.69607,3,242,0
2190,2227,7.032049388,6.291760018,27.98235,120.67423,27.98375,120.66578,-1,5351,0
673,2827,-42.7665015,-41.37793296,28.05464,120.60495,28.05657,120.60001,7,25116,0
2392,2750,8.167811509,39.25635183,28.00878,120.68835,28.00455,120.70115,7,19,0
1262,2263,-9.984674278,9.901257972,27.98453,120.66027,28.00726,120.65848,-1,8,0
1164,2012,-41.60156819,-11.6551114,28.04057,120.64705,28.02392,120.644412,-1,0,0
560,1628,8.251881479,61.78845322,28.016323,120.703784,28.01497,120.68572,7,18,0
1342,1402,-7.026855498,32.15144519,28.00491,120.67627,28.014576,120.681581,-1,130,0
1130,2816,-43.86063112,-1.809097385,28.02327,120.63423,28.04411,120.63996,-1,4,0
461,1625,55.21997946,7.031956906,27.8974,120.81737,27.91671,120.81301,6,29,0
1474,2175,-20.33207184,-43.00548245,28.02436,120.58545,28.025465,120.585303,9,403,0
259,814,-44.84596413,-11.87274172,28.05022,120.66531,28.06065,120.61145,7,21,0
268,2452,-26.3684277,28.35563329,28.002086,120.662539,28.0105,120.66068,3,10,0
1187,2901,30.00335548,4.026549132,27.96331,120.66311,27.97339,120.7071,-1,64,0
1774,2541,8.82595992,-36.27259509,27.99094,120.65242,27.99417,120.59987,-1,0,0
1373,2318,-19.51295657,27.65391617,28.01793,120.66445,28.0217,120.647,3,14,0
566,1939,-6.021878366,54.29193489,28.0085,120.68531,28.00197,120.68016,4,104,0
1294,1533,-30.18314092,-50.98966675,28.06952,120.58518,28.06943,120.56735,9,32,0
1515,1932,-37.95183,33.54967707,28.01034,120.65781,28.01062,120.65932,3,260,0
2266,2622,-40.97233993,6.062859256,28.02675,120.64983,28.0547,120.64565,7,0,0
116,504,23.37327202,17.38049505,28.06043,120.80995,28.05578,120.81463,2,240,0
1141,1391,39.07456359,-12.36579391,27.933084,120.674452,27.95467,120.69939,-1,185,0
2160,2326,37.51946316,26.10434256,27.9668,120.7548,27.97597,120.7509,10,27,0
279,2142,33.97321508,31.43083273,27.98465,120.73383,27.98684,120.71242,-1,15,0
257,1823,-16.1253732,-49.22953425,28.076984,120.602335,28.037123,120.578514,9,13,0
2188,2198,-50.80763189,-5.131053484,28.02031,120.62527,28.01139,120.622331,4,53,0
324,2693,29.58401775,44.30477438,27.98847,120.70684,27.989197,120.703236,7,82,0
1082,2421,-26.02966309,13.24985189,28.016688,120.655528,28.014321,120.650131,3,65,0
1699,2036,15.959288,8.304834162,27.97659,120.67899,27.97268,120.68433,5,8,0
1108,1288,31.95351614,-27.27798057,27.924685,120.69711,27.91607,120.69654,3,28,0
312,1977,-4.338062879,19.49011344,27.97483,120.67456,27.99753,120.67522,-1,4,0
1958,2617,-46.8251621,32.4712225,28.01842,120.65967,28.02136,120.65561,3,3999,0
501,1879,-0.458187768,33.06049279,28.004176,120.686025,27.999526,120.680665,4,48,0
2644,2829,28.49454725,17.80305251,28.019199,120.784475,28.02612,120.79589,2,377,0
955,976,-45.74122977,-15.77935313,28.04133,120.65311,28.044851,120.648285,7,34,0
80,740,-50.18393956,-9.499122896,28.01143,120.62756,28.011421,120.622423,4,740,0
673,2653,-39.15875869,-33.14657673,28.05464,120.60495,28.03697,120.58917,-1,5,0
250,307,-24.09329971,19.76821627,28.014565,120.656448,28.01573,120.65876,3,88,0
500,2959,21.64176153,47.54995232,27.99978,120.7112,27.996193,120.708797,7,35,0
410,2223,53.93974649,-7.613243483,27.95123,120.82795,27.922663,120.824735,6,117,0
686,1012,-15.82964435,-53.70685504,28.035763,120.57132,28.04376,120.56894,9,164,0
1129,2779,65.06111844,-13.65190834,27.91593,120.8267,27.9069,120.82629,6,1595,0
500,1937,17.51968748,40.20504597,27.99978,120.7112,27.99978,120.71126,7,19,0
387,695,-18.52647555,-44.33542886,28.0246,120.58292,28.054694,120.586916,9,2,0
761,1432,-27.47725972,-4.441871606,28.02569,120.64175,28.00892,120.62295,-1,0,0
436,2427,-5.25806804,30.07903914,28.01004,120.66769,28.0086,120.6772,-1,46,0
382,565,-25.53523483,24.18348655,28.01967,120.6623,28.00841,120.66454,3,29,0
1885,2083,13.43215675,-41.68826502,27.96887,120.61609,27.95887,120.60962,-1,221,0
1871,2373,0.980675956,-13.6427435,27.96874,120.65488,27.99672,120.65264,-1,0,0
1706,2000,43.27377728,-26.53548168,27.9208,120.70586,27.92247,120.70628,3,8552,0
2580,2767,-11.22365504,6.815776497,28.00603,120.65454,28.00293,120.64916,3,12,0
1427,2469,46.89389971,14.55193522,27.98011,120.74983,28.00923,120.72917,-1,0,0
906,2157,4.687732686,61.78144876,28.01211,120.69386,28.01324,120.69695,7,3234,0
1865,2342,42.98154061,32.93873814,27.97506,120.73909,27.96902,120.74658,10,796,0
824,1419,-27.30172556,-10.54639098,28.002956,120.643807,28.01125,120.62553,-1,9,0
1305,2966,66.63916136,-6.533037314,27.92668,120.81126,27.90319,120.81717,6,95,0
492,1439,21.16779421,39.05394337,27.99261,120.71419,28.005515,120.719495,7,15,0
1591,2425,23.70670511,55.60245417,28.00528,120.70899,28.001305,120.717516,7,2463,0
1492,1743,-53.84435032,1.349930658,28.02508,120.63816,28.02983,120.63357,7,4,0
1347,1506,-19.41978055,6.429232906,28.01058,120.65406,28.02799,120.66168,-1,96,0
1620,1626,-14.67537872,-25.02231667,28.01578,120.62194,28.01389,120.60169,-1,42,0
1807,2483,-39.64285191,-8.992911361,28.040568,120.63282,28.02455,120.61196,-1,5,0
2226,2571,53.43056027,-12.00176788,27.95539,120.82859,27.95427,120.8335,6,2446,0
1895,1956,37.06270552,-1.02107093,27.96905,120.70307,27.96946,120.72066,10,8215,0
739,2006,29.62890332,14.24144574,28.0287,120.8004,28.02272,120.80061,2,110,0
2074,2476,20.93815759,46.3439301,27.986124,120.709577,27.99996,120.71136,7,26,0
1058,2188,-41.87230146,-4.959975062,28.04752,120.63044,28.02031,120.62527,-1,6,0
1759,2943,-15.74289254,25.60268592,28.018481,120.682668,28.02187,120.6698,3,16,0
487,1536,14.54618607,14.52929595,27.98776,120.67428,27.985,120.67851,4,283,0
520,1834,73.04253608,10.38477851,27.88953,120.79251,27.87957,120.7999,6,638,0
1149,2650,-19.49377933,36.86994669,28.02051,120.67683,28.024386,120.675309,3,6,0
1510,2518,-54.94712044,-2.868589549,28.023269,120.632426,28.03042,120.62936,7,10,0
1927,2396,-57.59041329,-26.78985093,28.04626,120.62785,28.03985,120.62173,7,621,0
923,2622,-59.33632921,-16.84383883,28.06101,120.62576,28.0547,120.64565,7,146,0
673,2213,-46.99712451,-24.69320648,28.05464,120.60495,28.0397,120.63304,7,97,0
163,2690,13.43551383,46.70717205,28.0157,120.708492,28.00749,120.70643,7,3,0
207,1105,-10.67753442,3.956237869,27.99871,120.65225,28.00791,120.64843,3,32,0
489,2080,-0.207824799,19.14568632,27.99167,120.67799,27.994449,120.671107,4,158,0
202,1833,-8.546197312,11.37395737,28.0087,120.65515,28.004724,120.662825,3,24,0
136,1415,-34.0045576,18.83840897,28.01434,120.65091,28.01447,120.64201,3,8,0
1232,1595,-36.91581294,-4.783028077,28.04357,120.651564,28.03104,120.63718,7,0,0
561,682,-56.29478138,-0.266969322,28.02374,120.641626,28.0412,120.629,-1,33,0
1947,2080,5.744183167,15.48477949,27.98803,120.67876,27.994449,120.671107,4,46,0
606,1286,-37.47401895,25.8129841,28.004829,120.6409,28.01117,120.65006,3,89,0
331,1298,-46.51173035,0.524720697,28.03958,120.62042,28.01943,120.636564,-1,28,0
868,1977,-6.576058976,36.10391228,28.01279,120.66871,27.99753,120.67522,-1,57,0
9,19,-0.123274945,10.44126836,27.99378,120.6501,27.98443,120.66958,-1,51,0
1591,1613,13.00448156,35.86517833,28.00528,120.70899,28.00291,120.69868,7,17,0
135,2396,-17.12276165,-13.51465714,27.9974,120.622,28.03985,120.62173,-1,12,0
42,243,-32.82763875,37.34478986,28.0014,120.65569,28.000291,120.647161,3,583,0
1238,1347,-35.94829237,31.24990201,28.00439,120.65275,28.01058,120.65406,3,282,0
1455,1572,-48.61716154,-34.98307961,28.03905,120.62757,28.02693,120.60664,-1,539,0
1643,1998,6.617117195,-43.41257347,27.98054,120.61279,27.987217,120.623164,8,1641,0
1294,2725,-40.38722047,-48.86857439,28.06952,120.58518,28.08578,120.59077,9,21,0
402,1958,-39.39509294,37.97883392,28.01188,120.66205,28.01842,120.65967,3,162,0
1752,2213,-55.71039146,-0.967937264,28.0312,120.63393,28.0397,120.63304,7,12,0
603,2788,9.836610204,-39.52022625,27.97164,120.62661,27.96243,120.65546,-1,11,0
1924,2775,62.21869733,14.91640907,27.86419,120.81517,27.88321,120.80518,6,0,0
48,2804,-24.45930637,42.8173157,28.01947,120.67661,28.02126,120.68452,-1,300,0
94,501,1.609817954,30.78056003,28.00246,120.68241,28.004176,120.686025,4,15,0
1506,2921,-47.00340576,-21.50444315,28.02799,120.66168,28.04626,120.62812,7,18,0
970,1606,-27.41611961,43.1178253,28.014998,120.674961,28.01492,120.67488,3,18,0
127,675,33.92338779,-36.0882166,27.9207,120.68866,27.91318,120.6689,3,10,0
2200,2650,-61.0571472,12.21956233,28.03746,120.65611,28.024386,120.675309,-1,4,0
306,2075,34.74059442,-9.115097665,27.93177,120.67802,27.94054,120.69195,5,1448,0
358,866,47.05061062,24.52921115,27.96854,120.74135,27.97155,120.73972,10,27089,0
950,1119,4.957871906,-28.11884508,27.98069,120.61263,27.98495,120.62353,8,182,0
1571,1821,43.30325748,15.49290514,27.97334,120.75738,27.98011,120.74803,10,68,0
1215,1717,3.938462614,-43.55105826,27.98702,120.60848,27.99375,120.61713,8,248,0
80,2890,-30.95128439,-4.676210406,28.01143,120.62756,28.02424,120.6348,-1,18,0
1262,2118,-0.500079963,-1.299679162,27.98453,120.66027,27.99228,120.66244,4,2,0
450,1446,19.8348717,-30.89084222,27.96474,120.57156,27.98015,120.60519,8,37,0
627,976,-47.92602811,-16.19449278,28.0494,120.66193,28.044851,120.648285,7,44,0
603,1134,8.183266572,-30.17266173,27.97164,120.62661,27.99644,120.63354,8,2,0
1099,1371,62.77829285,-2.496255073,27.92578,120.79581,27.92806,120.80173,6,59,0
1112,2137,-44.29835005,-18.08407821,28.05274,120.62436,28.04852,120.65349,7,25,0
1926,2257,-7.121114689,28.39758897,28.01239,120.67322,28.01174,120.67284,3,268,0
565,919,-35.73855359,40.67688432,28.00841,120.66454,28.01517,120.66789,3,185,0
1433,2421,-37.12918878,18.11772005,28.015196,120.648057,28.014321,120.650131,3,75,0
2386,2519,10.84963481,49.54802774,28.01849,120.70996,27.99715,120.70087,7,0,0
1415,2657,-33.82035943,18.02166588,28.01447,120.64201,28.02002,120.64857,3,44,0
143,2737,-60.41271206,13.26623277,28.04546,120.65895,28.039023,120.659441,7,75,0
556,584,-5.557030575,-26.24929366,27.99014,120.62903,27.99383,120.62841,8,13357,0
1256,2939,-39.39650994,28.48812358,28.01222,120.65195,28.011397,120.653141,3,1983,0
950,1643,5.04651566,-44.55791492,27.98069,120.61263,27.98054,120.61279,8,18682,0
943,1950,35.7510464,45.35743987,27.98369,120.71502,27.99139,120.71952,7,367,0
1888,2041,69.215062,5.451067403,27.89882,120.82105,27.896075,120.819675,6,133,0
181,2564,25.909113,1.192950034,27.97517,120.69185,27.96169,120.70433,10,136,0
77,384,-19.27532461,5.486975092,28.00743,120.64853,28.01405,120.63301,-1,7,0
1335,2913,63.37762158,-8.150987606,27.92006,120.82563,27.92081,120.81459,6,257,0
365,1837,2.101754934,-16.30365207,27.98328,120.65734,27.98603,120.63754,-1,50,0
2227,2715,-10.69492466,43.66356122,27.98375,120.66578,27.99435,120.66326,4,186,0
1636,1909,-15.18038663,-14.88012941,28.01099,120.612006,28.012021,120.613808,4,9,0
2469,2873,18.16765749,56.09506271,28.00923,120.72917,28.000323,120.727524,7,85,0
1376,2124,9.711748228,69.78243153,27.99176,120.72451,28.0048,120.764,-1,157,0
1453,2420,-9.360209126,-4.840860696,27.99832,120.6366,27.98362,120.61785,-1,31,0
89,2656,-34.37862202,9.514159449,28.0164,120.65703,28.024797,120.649708,-1,42,0
1782,1911,18.75648996,31.90928215,27.997236,120.700653,27.97773,120.72673,-1,4,0
1950,2337,25.09451403,28.54616347,27.99139,120.71952,27.986111,120.717222,7,15,0
1501,2568,-39.85772461,-27.35862897,28.05557,120.61784,28.04901,120.58582,-1,17,0
1605,2893,-25.99545711,1.153801283,28.01353,120.6398,28.01724,120.64719,3,31,0
1025,1799,5.02822989,39.45477595,27.992,120.69598,27.99461,120.68409,4,2,0
599,2612,19.29237433,2.426360121,27.97321,120.72684,27.97238,120.685041,-1,4,0
2160,2366,41.27349238,19.45092116,27.9668,120.7548,27.97973,120.67677,-1,4,0
1560,2640,-10.47742797,-40.77294424,28.034241,120.588717,28.02725,120.57841,9,71,0
912,1378,34.01990326,30.90222176,27.98324,120.72334,27.9833,120.74401,10,74,0
2362,2434,36.63163101,-26.42508933,27.92159,120.70412,27.92215,120.70629,3,88,0
684,1905,33.21316439,-48.11739646,27.88258,120.62827,27.86345,120.67392,3,125,0
2556,2959,21.38125031,47.51975846,28.00322,120.7122,27.996193,120.708797,7,120,0
720,2873,31.67170664,32.7637042,27.97976,120.74186,28.000323,120.727524,-1,20,0
46,1912,-54.97256414,-17.72667294,28.04917,120.61056,28.05972,120.64548,7,275,0
1708,1913,-23.54491125,-30.89278121,28.02381,120.59717,28.02588,120.60418,3,256,0
48,1380,-12.34872319,25.72354398,28.01947,120.67661,28.00675,120.68244,-1,9,0
2,80,-9.606566076,-6.710728867,28.00506,120.63866,28.01143,120.62756,-1,15,0
1719,2621,-5.568371774,29.4015403,28.01159,120.67568,28.01036,120.67777,-1,40,0
53,341,-5.831662089,-18.04846309,27.98833,120.64222,27.98975,120.64468,8,678,0
19,2908,6.802321589,13.11816412,27.98443,120.66958,27.98585,120.6777,4,24,0
69,2116,-45.60368504,-40.72435965,28.055285,120.609474,28.04925,120.60197,7,188,0
1572,2316,-26.85623563,-29.59097911,28.02693,120.60664,28.0271,120.60091,3,15335,0
297,2028,63.24446298,-2.097099979,27.92911,120.80675,27.92122,120.80887,6,43,0
1035,1607,15.7712679,-32.8840991,27.95025,120.60263,27.95079,120.59932,10,119,0
329,684,35.85093873,-48.73478653,27.86838,120.6556,27.88258,120.62827,3,122,0
104,2900,-24.18516191,-33.64718594,28.0211,120.601,28.02464,120.59964,3,212,0
1935,2149,18.75315512,7.925142187,27.97505,120.67499,27.98472,120.69611,-1,153,0
1684,2103,2.653983853,-48.34029008,27.98796,120.61592,27.98211,120.59701,8,58,0
87,380,33.4485858,-34.93562681,27.92144,120.6877,27.92086,120.68299,3,40,0
698,1501,-44.92182642,-48.81219761,28.07126,120.60869,28.05557,120.61784,-1,284,0
1939,2239,-4.825676936,54.55054756,28.00197,120.68016,28.00222,120.68192,4,2469,0
460,531,24.73141833,37.48603624,27.996057,120.710262,27.991394,120.71952,7,7,0
193,1324,27.06804308,16.91631428,28.02809,120.78452,28.0278,120.808,2,293,0
2078,2362,40.79152068,-25.33150778,27.92125,120.70678,27.92159,120.70412,3,216,0
1256,2559,-39.95031226,25.16159859,28.01222,120.65195,28.01104,120.64986,3,290,0
862,1433,-27.1296429,3.452745449,28.023996,120.651156,28.015196,120.648057,-1,5,0
1806,2592,55.69823383,2.169810867,27.971111,120.759166,27.93254,120.82423,-1,23,0
761,2318,-50.42134729,8.528595906,28.02569,120.64175,28.0217,120.647,-1,306,0
920,1090,15.7491181,-31.2908426,27.94553,120.6091,27.92639,120.56111,10,201,0
409,1070,39.31999449,18.88081711,27.95855,120.75661,27.97374,120.7589,10,16,0
402,644,-38.60253136,36.45609624,28.01188,120.66205,28.01278,120.65944,3,2540,0
522,2103,13.33468246,-33.84242002,27.95536,120.60011,27.98211,120.59701,-1,24,0
84,2804,10.6457316,65.74131299,28.01988,120.68913,28.02126,120.68452,7,1844,0
812,1089,-35.08057528,11.35132643,28.01375,120.6551,28.02804,120.57818,-1,33,0
352,687,6.332600372,33.17864146,28.007743,120.694015,28.006318,120.696659,7,0,0
366,991,-52.49409398,17.38460281,28.026431,120.658121,28.02726,120.65732,7,481,0
427,2621,-6.116300135,27.46266185,28.005808,120.669146,28.01036,120.67777,-1,24,0
2673,2810,41.67109947,24.96327811,27.96916,120.74277,27.96861,120.74222,10,337,0
159,319,23.27425431,-15.67381107,27.94833,120.66804,27.93831,120.66539,5,4023,0
883,2142,26.53758067,33.38773191,27.99238,120.73064,27.98684,120.71242,7,39,0
124,1453,-5.263921781,-8.975130593,27.99261,120.62341,27.99832,120.6366,-1,9,0
1341,2476,23.66751869,51.1675208,27.9986,120.70953,27.99996,120.71136,7,287,0
1129,2865,62.02669059,5.039874624,27.91593,120.8267,27.90471,120.82127,6,90,0
648,2418,29.74066862,-21.02288247,27.92779,120.69413,27.93672,120.67951,-1,4,0
164,534,24.10871828,-14.75630626,27.95724,120.65969,27.93767,120.66978,5,458,0
15,188,3.495120646,-39.79815093,27.97664,120.63227,27.97988,120.63103,8,24902,0
481,2432,-4.438804856,-33.27107088,28.00644,120.59212,27.99839,120.59856,-1,75,0
1388,2544,-34.22111755,16.59260012,28.01822,120.64711,28.01046,120.64997,3,175,0
550,2300,21.12178844,58.50961922,28.0076,120.72365,27.99832,120.72424,7,1242,0
2632,2780,17.60397762,48.48908951,28.0072,120.71529,28.00116,120.7232,7,44,0
2033,2779,64.1911003,-0.047503781,27.9196,120.81824,27.9069,120.82629,6,23,0
878,1020,5.947614918,55.72439268,28.000355,120.697765,28.00029,120.70357,7,332,0
846,2225,11.28117835,47.07935908,28.00453,120.74869,28.01963,120.71371,7,0,0
1363,2472,66.63677693,21.11308794,27.87025,120.79516,27.86229,120.80734,6,543,0
270,1263,-22.10505096,40.22236208,28.01764,120.68649,28.02077,120.6738,-1,3,0
991,1796,-42.67403924,7.994854275,28.02726,120.65732,28.04071,120.63988,7,0,0
856,2556,17.98123473,40.46341686,28.0052,120.72043,28.00322,120.7122,7,53,0
442,2309,59.96892954,-6.095357672,27.92124,120.83163,27.92657,120.81725,6,292,0
1110,2405,26.68340537,-5.283280393,27.946867,120.69923,27.96984,120.68551,5,40,0
537,2325,41.52342302,-33.46196024,27.91572,120.69582,27.91782,120.69607,3,396,0
255,2303,69.64304705,-2.730106079,27.91211,120.79786,27.90821,120.80227,6,33082,0
565,1977,-8.587772313,36.80801508,28.00841,120.66454,27.99753,120.67522,-1,71,0
917,1661,-30.74076534,-53.87729397,28.06499,120.57527,28.060416,120.573888,9,31,0
172,1285,-53.20986864,-29.94032314,28.0428,120.62069,28.04108,120.61641,7,207,0
449,1655,46.26065059,-22.427966,27.93173,120.70133,27.92826,120.70156,3,988,0
726,2229,-30.80688245,34.57087301,28.00074,120.64324,27.99852,120.65649,3,70,0
449,2272,42.65195992,-31.17219395,27.93173,120.70133,27.91974,120.69145,3,340,0
749,1656,46.04170649,-1.613553112,27.9345,120.76993,27.94263,120.73736,10,21,0
1378,1574,35.98991885,28.72783775,27.9833,120.74401,27.980622,120.731705,10,16,0
1088,1689,-33.59105914,14.36747015,28.016654,120.650607,28.02095,120.64389,3,284,0
152,945,54.37693776,8.980377447,27.91139,120.82389,27.87922,120.78748,6,109,0
1855,2758,16.22303613,14.87478554,27.98606,120.67631,27.98519,120.67735,4,1686,0
1999,2052,32.0547182,-25.03343619,27.91395,120.70028,27.92832,120.69785,3,65,0
306,697,29.93012522,-18.83225859,27.93177,120.67802,27.92414,120.70279,-1,16,0
482,2142,20.5275295,30.41585513,27.97359,120.74776,27.98684,120.71242,-1,25,0
428,2012,-33.45489188,2.792376719,28.02544,120.64799,28.02392,120.644412,-1,6,0
347,455,22.08523345,32.44975831,27.98785,120.71681,27.992983,120.713162,7,91,0
15,705,-4.114858444,-15.0707738,27.97664,120.63227,28.00227,120.63088,-1,11,0
1733,1997,-1.625285035,-5.212858096,28.0677,120.68542,28.07481,120.68325,-1,165,0
2315,2663,25.56421658,32.6959567,27.9939,120.72128,27.99627,120.72691,7,125,0
299,2487,32.5328909,26.03770337,27.968888,120.725833,27.96889,120.72583,10,47,0
46,1981,-53.79987817,-34.16334276,28.04917,120.61056,28.04382,120.61146,7,12038,0
203,905,69.94585963,18.27662415,27.87118,120.80926,27.86954,120.80506,6,332,0
766,1015,-14.33689805,-15.40649909,28.00726,120.61292,28.02245,120.61239,-1,53,0
1736,2746,-51.12741201,-36.19010046,28.029592,120.6244,28.03863,120.61579,7,750,0
1938,2762,-17.26248148,23.74793169,28.01832,120.65141,28.01919,120.67036,3,28,0
682,2137,-40.45323029,-17.96589788,28.0412,120.629,28.04852,120.65349,7,18,0
460,2074,24.64193509,35.62114114,27.996057,120.710262,27.986124,120.709577,7,8,0
1033,2778,-13.55677005,-12.46919835,28.007951,120.626328,27.99859,120.64039,-1,6,0
5,2816,-63.43934986,17.95668772,28.05615,120.67115,28.04411,120.63996,7,39,0
1276,1717,9.009159605,-42.60935362,28.00066,120.58221,27.99375,120.61713,8,24,0
112,766,-19.62201268,-16.74805092,28.01472,120.61007,28.00726,120.61292,-1,5946,0
1058,2729,-59.30378453,-17.54191816,28.04752,120.63044,28.05359,120.63947,7,1077,0
677,2542,-32.36470817,-20.72884824,28.040628,120.619569,28.01903,120.61189,-1,19,0
2468,2617,-40.62901159,16.53003523,28.022717,120.632107,28.02136,120.65561,3,120,0
954,2073,-18.91357962,24.11134565,28.018214,120.672196,28.01371,120.66619,3,87,0
954,1066,-23.03931999,32.65015913,28.018214,120.672196,28.01902,120.66678,3,355,0
824,1173,-18.15281177,13.61358432,28.002956,120.643807,28.01246,120.65751,3,2,0
1427,2300,32.83449067,20.29684201,27.98011,120.74983,27.99832,120.72424,-1,46,0
1749,2387,2.245644874,-37.51273689,27.97581,120.57281,27.9665,120.57004,8,163,0
1310,1385,-45.96446162,-22.86745617,28.0436,120.62548,28.05153,120.62762,7,7,0
585,2169,5.323097303,53.98367417,28.00115,120.70215,28.002851,120.698951,7,129,0
1506,2266,-42.61932315,7.434389775,28.02799,120.66168,28.02675,120.64983,7,91,0
1981,2197,-53.92416608,-33.25584395,28.04382,120.61146,28.04449,120.62163,7,1174,0
644,1388,-36.62802384,15.55546553,28.01278,120.65944,28.01822,120.64711,3,72,0
367,1998,2.916181612,-29.62875137,27.99233,120.60381,27.987217,120.623164,8,31,0
1393,2219,31.51445301,-45.31470943,27.88797,120.67287,27.88424,120.6382,3,39,0
264,1162,-37.90774855,40.69122689,28.01535,120.66232,28.01597,120.66415,3,288,0
228,2034,-44.11834014,2.944511194,28.024509,120.644121,28.024044,120.644074,3,9,0
448,2365,-21.69998842,-27.98665717,28.024644,120.599644,28.01894,120.59618,3,899,0
86,1493,-32.5109939,18.71206747,28.01563,120.65181,28.013333,120.65,3,28,0
234,1152,-18.41909042,4.12391322,28.01828,120.62547,28.013647,120.656985,-1,0,0
89,1936,-44.1558564,31.10204654,28.0164,120.65703,28.0164,120.657,3,474,0
331,1618,-13.73140412,-26.63515493,28.03958,120.62042,28.00977,120.60049,-1,7,0
1376,2425,22.54186497,58.08036821,27.99176,120.72451,28.001305,120.717516,7,274,0
15,522,2.521614716,-19.57542057,27.97664,120.63227,27.95536,120.60011,-1,9,0
2662,2959,0.984834861,-2.816803012,27.9944,120.7017,27.996193,120.708797,-1,22,0
384,1969,-17.15659886,-6.75373606,28.01405,120.63301,28.00303,120.63895,-1,46,0
1947,2392,10.73939627,19.78352072,27.98803,120.67876,28.00878,120.68835,-1,14,0
1298,1351,-36.32854738,-10.45032275,28.01943,120.636564,28.04387,120.63355,-1,20,0
1273,1654,-17.68755091,-31.94144845,28.02347,120.61544,28.02792,120.60131,3,20,0
325,611,69.53243207,17.50139903,27.867766,120.811222,27.867358,120.820794,6,118,0
841,1347,-27.22827957,-2.21244044,28.0171,120.63698,28.01058,120.65406,3,20,0
651,1899,-35.9202185,-43.23079583,28.05562,120.60146,28.06248,120.60338,-1,271,0
650,1911,40.55855369,38.94014052,27.980495,120.729412,27.97773,120.72673,10,690,0
920,1764,12.23356105,-36.15151307,27.94553,120.6091,27.96875,120.60619,-1,20,0
245,1683,16.77712381,-7.884722419,27.9517,120.6639,27.95708,120.67304,5,41,0
46,836,-33.85903595,-33.34201425,28.04917,120.61056,28.02242,120.60801,-1,87,0
973,2005,37.84842511,-14.07549109,27.93169,120.70193,27.92325,120.6878,3,32,0
9,2942,-10.76602939,2.063485622,27.99378,120.6501,27.99994,120.64617,3,5,0
201,384,-22.64231158,-5.643808684,28.0203,120.625,28.01405,120.63301,4,11,0
337,780,0.601087166,29.42727988,28.00383,120.68205,28.01006,120.68043,4,4,0
1608,1912,-51.14862987,-16.05217699,28.0453,120.65749,28.05972,120.64548,7,34,0
774,2324,65.29962534,12.28955082,27.88389,120.81707,27.8722,120.8266,6,0,0
1386,1994,5.79851723,20.55567475,27.98557,120.68544,27.992378,120.669665,4,90,0
1526,2050,33.31045108,50.81383079,27.98884,120.71605,27.99268,120.71424,7,508,0
283,883,30.04108636,34.58148465,27.98338,120.744,27.99238,120.73064,-1,8,0
1074,2415,-25.54633577,15.30514683,28.014943,120.655064,28.02,120.655,3,7,0
270,1149,-13.08424983,30.39749244,28.01764,120.68649,28.02051,120.67683,-1,124,0
1678,1724,17.69748437,38.11574301,27.99551,120.70595,28.00258,120.70728,-1,7,0
972,1699,15.24634816,8.934101742,27.94366,120.68317,27.97659,120.67899,5,164,0
815,1883,-10.64948137,-37.36912486,28.022225,120.579329,28.02719,120.57728,9,47,0
617,2290,-10.00635923,-27.89542969,28.013371,120.594287,28.01109,120.5954,3,5154,0
1576,1624,10.61044851,-45.62287869,27.970529,120.613192,27.971715,120.608414,8,1128,0
1503,1525,-13.25811109,-53.62368348,28.0363,120.5857,28.03821,120.57802,9,303,0
385,1079,22.19356524,35.69780027,28.00125,120.72481,28.00471,120.71764,7,175,0
140,845,-30.71099502,-51.70077135,28.076,120.58589,28.06506,120.57549,9,17,0
684,1563,30.54063779,-17.0186287,27.88258,120.62827,27.92204,120.69661,3,2,0
1503,2575,-21.40488133,-43.39092084,28.0363,120.5857,28.02926,120.59028,9,1887,0
1596,2004,-32.99935386,-33.69070765,28.027266,120.655901,28.05469,120.58692,-1,2,0
1274,2420,4.375963331,-27.83099419,27.988034,120.621545,27.98362,120.61785,8,60,0
2241,2873,30.67488047,29.8210712,27.98751,120.72346,28.000323,120.727524,7,34,0
1530,1863,28.22223337,-47.17157643,27.86421,120.64917,27.8606,120.69133,3,38,0
1249,1433,-40.41646427,23.75047984,28.00533,120.6479,28.015196,120.648057,3,18,0
925,2236,-3.831893949,19.29703967,28.00554,120.66603,27.9946,120.674,-1,0,0
2446,2787,-3.67187392,16.60210571,27.98763,120.66308,28.00461,120.6752,4,34,0
1187,1316,30.13300015,4.231562554,27.96331,120.66311,27.97332,120.71019,-1,33,0
856,1079,20.9655468,56.00214818,28.0052,120.72043,28.00471,120.71764,7,436,0
1293,2028,52.86663335,2.473562285,27.93743,120.83414,27.92122,120.80887,6,43,0
492,1542,20.94554402,39.58734612,27.99261,120.71419,27.99711,120.71331,7,52,0
644,1528,-37.05686529,15.72083759,28.01278,120.65944,28.01484,120.64575,3,196,0
1595,1736,-55.88417722,-2.221954432,28.03104,120.63718,28.029592,120.6244,7,108,0
751,1560,-32.81449988,-28.72619161,28.02449,120.61195,28.034241,120.588717,-1,43,0
422,447,20.02261442,33.27547778,28.00525,120.70299,27.99055,120.7118,7,10,0
1256,2801,-40.0269676,28.98782816,28.01222,120.65195,28.01569,120.65545,3,226,0
41,950,9.708225762,-38.0050096,27.95746,120.61208,27.98069,120.61263,-1,44,0
1455,2053,-54.30230524,-0.086399961,28.03905,120.62757,28.01003,120.63016,-1,36,0
328,646,-18.26068598,33.83685862,28.05929,120.65781,28.02101,120.67872,-1,20,0
191,823,15.02037294,-6.223212678,27.96628,120.68116,27.9511,120.66043,5,9,0
1398,1428,-30.06753802,-30.44060139,28.02438,120.60303,28.02259,120.62662,-1,9,0
1285,2316,-29.9030974,-32.8442501,28.04108,120.61641,28.0271,120.60091,-1,94,0
307,959,-30.58927463,25.80605599,28.01573,120.65876,28.009115,120.657413,3,64,0
284,1683,29.39977753,-21.22257313,27.92764,120.69437,27.95708,120.67304,-1,22,0
1081,2446,-14.50981817,42.59035779,27.997963,120.659738,27.98763,120.66308,-1,194,0
1329,2929,-52.95813951,18.21136795,28.02655,120.65947,28.026713,120.658442,7,1678,0
1296,2309,54.09120124,7.418624914,27.89897,120.79855,27.92657,120.81725,6,42,0
1878,2301,46.13969033,13.05216676,27.97253,120.76819,27.97211,120.77582,10,3095,0
1470,2462,18.38904226,-11.2470684,27.97225,120.68006,27.93855,120.64822,5,11,0
1220,2561,-7.0153575,51.01388034,28.000812,120.679146,28.00155,120.68023,4,84,0
365,1054,-6.33976932,-6.931799655,27.98328,120.65734,27.99918,120.641648,-1,11,0
32,2644,27.50817362,19.15837248,28.02917,120.77439,28.019199,120.784475,2,783,0
619,1889,-42.95300057,35.43769252,28.01319,120.65921,28.01442,120.65841,3,2340,0
178,2122,-29.89710962,15.22612109,28.01444,120.65108,28.01469,120.65426,3,80,0
77,1774,-33.06682319,32.04753748,28.00743,120.64853,27.99094,120.65242,-1,126,0
1022,1769,28.77034631,54.34526082,27.99539,120.7173,27.998722,120.707177,7,1186,0
268,521,-13.59948867,44.41802857,28.002086,120.662539,27.99979,120.66739,3,969,0
1574,1651,35.76609416,28.31478968,27.980622,120.731705,27.97707,120.74717,10,171,0
1659,2281,-7.262893529,0.521063845,28.00263,120.65655,28.00143,120.63625,3,2,0
1956,2123,33.11238494,-6.98128728,27.96946,120.72066,27.92383,120.67387,-1,0,0
1596,2617,-47.59535347,15.62673659,28.027266,120.655901,28.02136,120.65561,-1,289,0
378,1544,50.95014498,-7.992800682,27.96458,120.79525,27.94688,120.81569,-1,59,0
619,959,-39.2828452,34.01098055,28.01319,120.65921,28.009115,120.657413,3,285,0
1141,2005,33.56889613,-12.35546805,27.933084,120.674452,27.92325,120.6878,-1,262,0
1255,2683,-11.60484796,39.98833043,27.9997,120.67055,27.9994,120.66709,3,106,0
76,1818,10.10775768,-6.291571739,27.99619,120.71034,27.98955,120.71298,7,16,0
959,1319,-22.24552557,12.25535925,28.009115,120.657413,28.01152,120.65068,3,15,0
748,973,34.08546309,-21.52509223,27.9266,120.711,27.93169,120.70193,3,8,0
688,727,7.521281142,32.83109099,28.008405,120.68283,28.00933,120.69355,-1,0,0
1141,1284,35.32248478,-4.998205212,27.933084,120.674452,27.94439,120.71319,-1,89,0
2488,2644,28.81198268,16.68206028,28.01749,120.80122,28.019199,120.784475,2,285,0
1112,1385,-58.65240048,-21.66037425,28.05274,120.62436,28.05153,120.62762,7,8978,0
1448,2305,33.91796219,33.06406141,27.99567,120.715,27.98543,120.73922,-1,282,0
2292,2579,-17.69479736,-50.83207889,28.04572,120.58643,28.04541,120.57613,9,48,0
955,1555,-67.42713851,6.961506515,28.04133,120.65311,28.043798,120.657967,7,15068,0
235,1521,-15.01602216,12.51406194,28.00874,120.65984,28.00551,120.66263,3,24,0
273,2968,-52.31348338,14.62705668,28.02613,120.64691,28.02802,120.6546,7,64,0
755,2366,30.29687185,-19.91342135,27.928,120.698,27.97973,120.67677,-1,2,0
217,2290,-11.13787451,-29.63314631,28.01578,120.59444,28.01109,120.5954,3,149,0
1711,2379,-54.71171844,-16.33530112,28.06516,120.64246,28.04982,120.6511,7,126,0
89,1082,-45.2010832,32.06071087,28.0164,120.65703,28.016688,120.655528,3,7398,0
249,442,58.93590304,-8.66210757,27.91719,120.84188,27.92124,120.83163,6,207,0
384,2294,-24.77472872,-3.448358418,28.01405,120.63301,28.017358,120.65303,-1,57,0
464,2023,10.33208614,-30.9251877,27.9659,120.64111,27.97172,120.61373,8,20,0
117,1233,-8.35060637,-31.80097778,28.026108,120.592702,28.01428,120.58353,-1,812,0
1616,2881,22.23585134,51.38931432,28.002285,120.71462,28.00606,120.714808,7,111,0
463,1590,-11.97403729,-40.24570515,28.02702,120.57609,28.02239,120.59436,-1,6,0
659,2791,6.616540887,-53.32106514,27.98025,120.58452,27.99739,120.58551,8,103,0
13,1399,-16.0682069,-29.01055019,28.02484,120.61133,28.024487,120.608733,3,0,0
677,1273,-51.89878667,-34.85668528,28.040628,120.619569,28.02347,120.61544,-1,829,0
3,1823,-23.7779084,-53.21258828,28.03927,120.5877,28.037123,120.578514,9,894,0
385,1209,20.34863401,56.75245371,28.00125,120.72481,28.00032,120.72752,7,189,0
306,2418,34.75794895,-9.437991583,27.93177,120.67802,27.93672,120.67951,5,3201,0
1416,1433,-41.86344622,24.24762082,28.01137,120.64581,28.015196,120.648057,3,1668,0
130,1929,37.54209771,-46.82073936,27.90369,120.65562,27.91255,120.63921,3,1161,0
255,1019,67.67940935,2.083580914,27.91211,120.79786,27.89391,120.81686,6,234,0
691,2890,-35.99701006,-5.389481467,28.05782,120.58736,28.02424,120.6348,-1,5,0
2835,2904,71.170401,-11.34632227,27.94411,120.78597,27.95985,120.77797,2,8255,0
312,1935,10.06710604,1.921324081,27.97483,120.67456,27.97505,120.67499,5,45989,0
1128,1981,-53.30701044,-33.18068237,28.04816,120.61455,28.04382,120.61146,7,1284,0
1430,1980,31.02177639,-3.875038845,27.9498,120.72544,27.9546,120.667,-1,0,0
475,1215,0.559047143,-31.71741746,27.98226,120.62389,27.98702,120.60848,8,81,0
1376,2637,31.35607175,36.5055748,27.99176,120.72451,27.99476,120.73128,7,384,0
614,1347,-22.30518893,10.62703964,28.0124,120.65063,28.01058,120.65406,3,27,0
1755,2153,41.91762999,-33.83618841,27.916499,120.696973,27.91643,120.68875,3,1278,0
192,2236,3.356780546,15.88833464,28.002732,120.666557,27.9946,120.674,-1,0,0
650,2441,40.70173222,39.22485926,27.980495,120.729412,27.98416,120.72974,10,1035,0
403,830,20.34631132,5.710544067,27.98093,120.71034,27.97997,120.68921,-1,19,0
1223,2160,41.82542531,20.38455643,27.960593,120.741204,27.9668,120.7548,10,98,0
11,2578,23.57468644,39.04469215,27.99544,120.72251,27.99188,120.71874,7,21,0
188,1643,4.578200217,-40.53957225,27.97988,120.63103,27.98054,120.61279,8,42,0
923,2816,-54.31050124,-16.02760303,28.06101,120.62576,28.04411,120.63996,7,108,0
1660,2865,56.92709334,7.315406319,27.91134,120.80988,27.90471,120.82127,6,31,0
1955,2287,1.076378174,-3.301600889,28.00278,120.646,28.002169,120.645773,3,0,0
638,2682,-12.07520743,2.38025331,27.99736,120.62159,27.99605,120.64769,-1,73,0
347,2957,23.53534484,26.91554446,27.98785,120.71681,27.9672,120.7319,-1,2,0
1141,2362,31.91806006,-21.87623233,27.933084,120.674452,27.92159,120.70412,-1,22,0
1391,2297,37.59011818,-10.92163833,27.95467,120.69939,27.92659,120.71116,-1,311,0
1256,2289,-24.6883229,12.06348841,28.01222,120.65195,28.01476,120.65309,3,68,0
770,1080,40.6436972,-29.44271266,27.921591,120.704296,27.92057,120.7039,3,258,0
353,438,-38.97813016,-20.41094895,28.04744,120.60876,28.03933,120.62364,7,11,0
1184,2420,1.236921012,-14.93612656,27.982012,120.645724,27.98362,120.61785,-1,5,0
2229,2236,-4.188978688,13.22326731,27.99852,120.65649,27.9946,120.674,-1,18,0
2190,2298,11.2896776,10.5427443,27.98235,120.67423,27.92952,120.68107,5,24,0
224,1628,-26.28837944,46.88903771,28.01492,120.66976,28.01497,120.68572,-1,961,0
2362,2613,32.57670199,-27.35233651,27.92159,120.70412,27.916821,120.696911,3,24,0
9,2705,-12.12168179,1.582693669,27.99378,120.6501,27.999704,120.646389,3,22,0
46,273,-55.22576651,1.396104726,28.04917,120.61056,28.02613,120.64691,7,31,0
1547,1896,-36.35658016,-50.23464749,28.07752,120.5896,28.10296,120.57827,9,6,0
164,1895,21.3220081,-8.728384119,27.95724,120.65969,27.96905,120.70307,-1,23,0
228,1938,-31.22940342,12.99643441,28.024509,120.644121,28.01832,120.65141,3,26,0
1013,2694,6.448331195,55.38184508,28.00165,120.701,28.00118,120.70197,7,78,0
1718,1982,20.86295894,31.71883386,28.001831,120.717278,27.98851,120.70899,7,6,0
1362,2303,67.32237102,1.820405417,27.89369,120.80917,27.90821,120.80227,6,113,0
1134,2023,7.638836941,-30.94469647,27.99644,120.63354,27.97172,120.61373,8,4,0
347,2663,37.41208001,45.20077624,27.98785,120.71681,27.99627,120.72691,7,132,0
396,1239,29.05540558,-46.911145,27.85425,120.65996,27.87124,120.64996,3,71,0
113,1423,-22.65538611,0.395703288,28.01211,120.63736,28.0149,120.64587,3,10,0
220,1257,0.958784138,-36.56007439,27.9974,120.58543,27.97868,120.57877,8,27,0
550,1839,16.44020893,45.22587995,28.0076,120.72365,27.97706,120.75192,-1,20,0
1103,1394,-2.418162178,16.82492585,27.97694,120.62826,27.99572,120.672658,-1,2,0
439,1273,-35.08555121,-1.594699521,28.02332,120.64816,28.02347,120.61544,3,11,0
2016,2110,37.79203437,-23.11260145,27.92264,120.70453,27.92408,120.70403,3,9,0
515,1753,15.68344444,-20.80590649,27.96781,120.62801,27.96526,120.65283,-1,1252,0
539,1175,-17.57406247,11.68074989,28.01516,120.65303,28.00978,120.65422,3,32,0
1087,2044,-12.69867657,25.21776842,28.02274,120.66726,28.021,120.679,3,9,0
876,1605,-49.39568656,5.613581566,28.01851,120.63892,28.01353,120.6398,3,3014,0
691,1501,-38.26962149,-44.56249094,28.05782,120.58736,28.05557,120.61784,-1,62,0
1129,2309,60.4912308,-5.024259867,27.91593,120.8267,27.92657,120.81725,6,223,0
1530,1814,27.91438754,-51.81209737,27.86421,120.64917,27.88108,120.671,3,352,0
1398,1823,-16.1693263,-34.72801749,28.02438,120.60303,28.037123,120.578514,-1,43,0
727,1380,-2.115873056,55.36732218,28.00933,120.69355,28.00675,120.68244,-1,62,0
1286,2373,-32.69209647,29.84830074,28.01117,120.65006,27.99672,120.65264,3,60,0
37,663,6.824674674,-0.45021889,27.97486,120.66789,27.97693,120.66377,5,23,0
673,1500,-54.90140777,-31.12485615,28.05464,120.60495,28.05006,120.62061,7,443,0
1501,2816,-46.44521993,-18.77587816,28.05557,120.61784,28.04411,120.63996,7,47,0
831,1855,10.216881,10.9864838,27.9762,120.668,27.98606,120.67631,-1,48,0
367,2963,1.346458659,-46.62042729,27.99233,120.60381,27.98802,120.61588,8,148,0
1535,2518,-54.13528211,-2.254110543,28.03768,120.63277,28.03042,120.62936,7,7,0
515,920,15.92391009,-28.13102827,27.96781,120.62801,27.94553,120.6091,-1,79,0
1284,2298,34.57808466,-7.534330639,27.94439,120.71319,27.92952,120.68107,-1,237,0
1049,2383,3.772546974,9.579503888,28.00814,120.66242,27.99134,120.67277,-1,6,0
1391,2159,39.40103983,-15.8188039,27.95467,120.69939,27.9283,120.69546,-1,202,0
171,824,-17.1980979,-1.595955224,28.00072,120.63977,28.002956,120.643807,3,1443,0
761,2506,-57.34674938,-1.650648756,28.02569,120.64175,28.02561,120.63825,7,43,0
1758,2010,-5.159256525,48.22926208,27.99447,120.68038,27.99742,120.68104,4,78,0
1052,2405,20.37851998,-6.799370063,27.97486,120.72843,27.96984,120.68551,-1,0,0
1829,1993,66.0049145,21.95085333,27.86907,120.79115,27.8714,120.79231,6,164,0
2176,2237,19.06176275,-8.469874545,27.95843,120.65338,27.92797,120.69797,-1,0,0
1651,2301,40.57898072,14.32407526,27.97707,120.74717,27.97211,120.77582,10,87,0
1386,2366,2.265151035,42.68519174,27.98557,120.68544,27.97973,120.67677,-1,338,0
1562,1995,6.954500563,-54.88812035,27.99767,120.57531,27.98625,120.5825,8,108,0
154,1090,19.97971752,-33.5645018,27.9473,120.56566,27.92639,120.56111,10,108,0
255,1888,67.92099142,2.733022906,27.91211,120.79786,27.89882,120.82105,6,821,0
1194,2418,27.70868713,-9.108548361,27.9573,120.67705,27.93672,120.67951,5,459,0
1849,2649,65.54517406,10.39678332,27.89831,120.81286,27.88565,120.80804,6,276,0
694,954,-11.63165444,31.8383314,28.015,120.686,28.018214,120.672196,-1,12,0
46,2453,-47.43587856,-38.89393394,28.04917,120.61056,28.04644,120.60417,7,9078,0
1620,2890,-38.8998986,-4.492319908,28.01578,120.62194,28.02424,120.6348,-1,35,0
1239,2131,2.515991563,9.195865575,27.87124,120.64996,27.97509,120.65593,-1,58,0
409,2479,39.21208304,1.905967881,27.95855,120.75661,27.95756,120.72822,10,109,0
2197,2688,-56.04448172,-26.91218774,28.04449,120.62163,28.04277,120.62428,7,598,0
1736,2200,-61.97519853,-0.044229052,28.029592,120.6244,28.03746,120.65611,7,511,0
2127,2224,6.974523152,8.635229021,27.98869,120.6726,27.98445,120.67253,4,343,0
1373,1926,-35.03765548,41.04023514,28.01793,120.66445,28.01239,120.67322,3,49,0
608,1283,0.418612827,46.73311696,27.99367,120.69233,27.992019,120.689101,4,1602,0
556,1125,-4.768639312,-23.60859802,27.99014,120.62903,27.987701,120.628236,8,495,0
11,633,16.82347659,24.89727428,27.99544,120.72251,27.98491,120.70392,-1,6,0
105,2143,-0.126996241,-39.74074811,27.9972,120.56436,27.98338,120.55091,8,78,0
149,1160,-41.27126384,38.59169881,28.01646,120.65935,28.01525,120.66252,3,1691,0
1610,2197,-46.20653397,-40.15568776,28.05249,120.60567,28.04449,120.62163,7,74,0
73,1415,-25.23936581,-1.252610634,28.01003,120.63314,28.01447,120.64201,3,25,0
766,1343,-18.26179834,-14.83810833,28.00726,120.61292,28.00754,120.6164,4,297,0
135,1713,-23.38543002,-11.56318756,27.9974,120.622,28.01567,120.62619,4,28,0
1961,2790,2.78523915,-29.1296227,27.98795,120.62329,27.99273,120.60679,8,62,0
2028,2046,53.56223584,5.544766847,27.92122,120.80887,27.88702,120.81085,6,24,0
264,1812,-25.86568848,9.455331199,28.01535,120.66232,28.01671,120.64947,3,14,0
89,426,-39.49527401,3.668407828,28.0164,120.65703,28.025933,120.641498,-1,9,0
831,1753,7.61508801,-2.237265003,27.9762,120.668,27.96526,120.65283,5,48,0
907,1911,39.11645338,39.42587643,27.9842,120.72674,27.97773,120.72673,-1,277,0
850,1472,6.580872488,18.15207373,27.99186,120.67498,27.99188,120.69412,4,8,0
1071,2520,41.29911032,-13.72166751,27.92798,120.69488,27.92895,120.69631,3,238,0
353,1112,-42.85655304,-33.10028033,28.04744,120.60876,28.05274,120.62436,7,98,0
2298,2366,15.20275665,-2.090146653,27.92952,120.68107,27.97973,120.67677,5,28,0
837,2379,-42.00979059,-12.85338542,28.040151,120.648416,28.04982,120.6511,7,53,0
1321,1622,-3.534310036,53.57092277,27.99863,120.68954,28.00126,120.6875,4,2759,0
319,1753,25.25299645,-10.45605379,27.93831,120.66539,27.96526,120.65283,5,44,0
194,1255,-1.087437871,23.00856397,28.0005,120.67726,27.9997,120.67055,-1,59,0
2503,2616,8.802148902,47.07959342,28.02203,120.68689,28.018222,120.70197,7,13,0
2243,2759,50.1190354,-1.41133464,27.94879,120.80808,27.96648,120.78929,2,17,0
936,1478,-50.81892819,0.222228251,28.02145,120.63334,28.02333,120.63639,-1,459,0
1130,1743,-34.7667373,-4.160415629,28.02327,120.63423,28.02983,120.63357,-1,5,0
2,2281,-17.08105418,-4.244186269,28.00506,120.63866,28.00143,120.63625,3,1153,0
655,1821,6.392723837,69.16218397,28.03962,120.71918,27.98011,120.74803,-1,3,0
68,609,-49.77240296,-32.28023313,28.02467,120.61708,28.02096,120.62016,3,5827,0
1783,2788,10.9243503,-9.796642478,27.96607,120.65206,27.96243,120.65546,5,55,0
1317,1799,21.22823128,41.2027385,27.995577,120.71498,27.99461,120.68409,-1,0,0
877,2750,6.452407616,54.27677229,28.00179,120.69967,28.00455,120.70115,7,47,0
1669,1870,-0.986973775,-0.543880761,27.99656,120.65432,27.99576,120.6574,3,63,0
312,1050,9.659747648,2.507990068,27.97483,120.67456,27.976339,120.671208,5,105,0
644,994,-40.58394501,30.95980798,28.01278,120.65944,28.01318,120.65352,3,855,0
97,1443,-22.58341449,36.48976736,28.02629,120.6698,28.02212,120.67074,3,125,0
1519,2796,45.68743949,16.70910948,27.97433,120.75966,27.97189,120.75195,10,31,0
15,1410,3.063001969,-19.33294344,27.97664,120.63227,27.98002,120.63239,8,209,0
1911,2802,41.24531767,38.19492207,27.97773,120.72673,27.98055,120.72944,10,5172,0
2322,2662,25.38025126,43.35609498,27.99169,120.70661,27.9944,120.7017,-1,0,0
746,2357,29.25311461,-14.15320409,27.94545,120.66986,27.92044,120.6689,-1,31,0
14,88,-28.91978112,23.92232062,28.02496,120.66541,28.02363,120.66334,3,251,0
1376,2885,21.80575445,34.06884318,27.99176,120.72451,27.99535,120.71624,7,18,0
606,1306,-7.374339596,-13.87383891,28.004829,120.6409,27.99383,120.62833,-1,17,0
278,1613,6.285268559,53.91449808,28.00309,120.69882,28.00291,120.69868,7,171,0
1148,1776,-20.22126995,-54.52662624,28.0466,120.58511,28.04661,120.58511,9,106,0
189,1568,9.081208395,18.44122912,27.98396,120.69007,27.98641,120.68048,4,0,0
1592,2371,-16.31073883,-54.90584671,28.04448,120.57033,28.03981,120.57351,9,137,0
378,2243,69.70098763,-10.79426124,27.96458,120.79525,27.94879,120.80808,2,1069,0
709,1718,17.31202012,44.60619049,27.97153,120.73361,28.001831,120.717278,-1,14,0
1216,1454,32.99103575,-26.31947,27.91978,120.70622,27.92271,120.7068,3,36,0
924,1494,-48.13457273,-17.40508197,28.03883,120.63972,28.04977,120.64759,7,4,0
1923,2481,8.297824761,-1.330640794,27.99631,120.64437,27.97265,120.66766,-1,9,0
638,1276,-2.51197507,-35.53111184,27.99736,120.62159,28.00066,120.58221,8,223,0
2575,2847,-26.28540827,-43.36468484,28.02926,120.59028,28.041041,120.588459,9,260,0
619,2054,-23.58405113,19.47005729,28.01319,120.65921,28.013423,120.658895,3,13,0
1506,2616,8.769914648,46.17372706,28.02799,120.66168,28.018222,120.70197,7,8,0
1094,2168,-23.08587501,-26.14866012,28.01845,120.59962,28.02265,120.60445,3,2248,0
1188,1868,0.456760936,-1.264210522,28.02612,120.795888,28.019447,120.796853,2,145,0
1243,2064,62.59303889,19.42510252,27.86417,120.78289,27.889525,120.804362,6,31,0
2488,2927,28.0490542,16.29718883,28.01749,120.80122,28.02026,120.79958,2,41746,0
1911,2822,41.18355565,37.08996371,27.97773,120.72673,27.97743,120.73394,10,3236,0
1840,2531,-14.26618473,3.23155169,27.9981,120.6541,27.99591,120.64416,3,120,0
1782,2149,3.362405086,50.69449097,27.997236,120.700653,27.98472,120.69611,-1,43,0
2150,2888,-40.76155846,-32.11889911,27.99711,120.58895,28.05349,120.61286,-1,34,0
407,2292,-22.87634021,-50.2745124,28.026727,120.58226,28.04572,120.58643,9,20,0
1221,1500,-39.08515358,-22.16797732,28.074942,120.604791,28.05006,120.62061,-1,11,0
434,772,-41.91165462,-27.98887788,28.07246,120.62056,28.05187,120.61117,-1,23,0
382,2164,-24.49304753,24.60176169,28.01967,120.6623,28.01286,120.66582,3,22,0
309,1686,18.00837152,-43.234764,27.95804,120.59516,27.9581,120.59733,10,4704,0
1099,1335,50.96170791,3.182715023,27.92578,120.79581,27.92006,120.82563,6,68,0
870,2904,39.09053866,12.35604155,27.99111,120.78113,27.95985,120.77797,-1,28,0
832,1164,-47.61182807,-12.42941305,28.05231,120.68005,28.04057,120.64705,7,4,0
1956,2901,34.20725649,3.342093477,27.96946,120.72066,27.97339,120.7071,10,1273,0
2703,2855,-0.172877291,-22.3766416,27.99103,120.63464,27.986819,120.628986,8,23,0
703,1204,9.783085143,-33.9204662,27.99417,120.59982,27.94777,120.6125,-1,0,0
1988,2733,-49.85412612,-1.157778482,28.01854,120.63879,28.019524,120.631948,3,193,0
814,1151,-37.14913174,-47.32755506,28.06065,120.61145,28.082463,120.58878,-1,18,0
1895,2901,28.74521791,-0.467029908,27.96905,120.70307,27.97339,120.7071,10,12114,0
30,1528,-25.03324746,4.514192227,28.01174,120.64358,28.01484,120.64575,3,17,0
1592,2439,-15.88384266,-58.96078655,28.04448,120.57033,28.04261,120.57226,9,55538,0
1565,1927,-48.09696005,-22.51051203,28.03749,120.6251,28.04626,120.62785,7,40,0
54,2213,-36.16092594,-14.49984049,28.018598,120.620672,28.0397,120.63304,-1,0,0
643,1273,-45.12540075,-12.95465409,28.04355,120.65147,28.02347,120.61544,-1,13,0
89,307,-43.9638439,33.07616231,28.0164,120.65703,28.01573,120.65876,3,3527,0
221,1020,13.75101173,41.05326185,28.00742,120.71768,28.00029,120.70357,7,11,0
565,2080,-6.711809973,14.02213713,28.00841,120.66454,27.994449,120.671107,-1,0,0
136,2559,-40.56158074,24.96433758,28.01434,120.65091,28.01104,120.64986,3,246,0
353,2622,-38.59181583,-27.22901369,28.04744,120.60876,28.0547,120.64565,7,10,0
1481,1495,13.87866121,-41.1708587,27.96111,120.6227,27.95745,120.62666,8,4513,0
2408,2882,38.09213065,22.86334901,27.97638,120.75557,27.970769,120.742755,10,13,0
834,1724,11.26305177,52.26808363,28.00288,120.70565,28.00258,120.70728,7,42,0
994,2289,-24.78617396,12.434865,28.01318,120.65352,28.01476,120.65309,3,85,0
462,2005,34.19302187,-28.6854578,27.92121,120.70312,27.92325,120.6878,3,27,0
27,1724,13.11339923,56.79906851,28.00949,120.71444,28.00258,120.70728,7,140,0
54,2614,-48.29207589,-5.291629427,28.018598,120.620672,28.01688,120.6293,4,82,0
42,1178,10.10825473,27.27480567,28.0014,120.65569,27.99689,120.69531,-1,0,0
2213,2542,-35.27312902,-25.25602821,28.0397,120.63304,28.01903,120.61189,-1,7,0
646,2212,-16.54514529,31.37753144,28.02101,120.67872,28.02264,120.67946,3,35,0
25,1753,13.1896,-6.585514953,27.976204,120.667973,27.96526,120.65283,5,168,0
1055,2303,74.79615712,5.11541181,27.89321,120.79688,27.90821,120.80227,6,1041,0
2168,2602,-15.67545079,-34.5589226,28.02265,120.60445,28.041463,120.586511,-1,4,0
80,305,-47.05396947,-5.30282797,28.01143,120.62756,28.008511,120.618079,4,101,0
439,1388,-44.24634643,19.50585601,28.02332,120.64816,28.01822,120.64711,3,244,0
213,1605,-46.91995306,6.743178295,28.01009,120.63564,28.01353,120.6398,3,2863,0
1015,2542,-26.46940435,-22.58916785,28.02245,120.61239,28.01903,120.61189,3,23699,0
1316,2793,32.19167669,3.777737203,27.97332,120.71019,27.96841,120.73048,10,20,0
309,1764,15.92866802,-44.39639866,27.95804,120.59516,27.96875,120.60619,-1,783,0
332,692,-3.592206036,55.63695749,28.00341,120.68731,28.00622,120.6991,-1,72,0
1140,2292,-18.67412044,-58.15708835,28.04193,120.57698,28.04572,120.58643,9,1646,0
1849,2347,70.58176631,2.957124411,27.89831,120.81286,27.91091,120.81602,6,262,0
174,1441,-45.57441902,-15.12249806,28.04894,120.64323,28.04381,120.65767,7,15,0
698,1385,-42.41650993,-24.68484498,28.07126,120.60869,28.05153,120.62762,-1,51,0
1535,2733,-37.00604509,-5.767108329,28.03768,120.63277,28.019524,120.631948,-1,0,0
1347,1889,-23.24021748,16.70481768,28.01058,120.65406,28.01442,120.65841,3,128,0
878,1622,-0.468266527,53.69846188,28.000355,120.697765,28.00126,120.6875,-1,82,0
857,1682,43.31546295,2.775473247,27.93632,120.80777,27.96568,120.73665,-1,7,0
86,1105,-37.92837158,24.97826489,28.01563,120.65181,28.00791,120.64843,3,155,0
633,2788,11.31349447,-25.12938754,27.98491,120.70392,27.96243,120.65546,-1,0,0
341,2190,3.464721034,-10.6987777,27.98975,120.64468,27.98235,120.67423,-1,33,0
893,1049,-20.61913641,17.31402006,28.00209,120.66254,28.00814,120.66242,3,58,0
1990,2294,-27.64662156,15.44487871,28.02045,120.65999,28.017358,120.65303,3,43,0
182,2092,-29.33479728,-5.831225665,28.01939,120.61656,28.0195,120.63455,3,21,0
1081,2682,-8.69804621,5.944650455,27.997963,120.659738,27.99605,120.64769,3,13,0
464,1092,15.10545773,-22.74088082,27.9659,120.64111,27.96187,120.66042,-1,25,0
666,1900,-36.14574445,-59.07628111,28.07352,120.58467,28.06605,120.58485,9,11033,0
2232,2300,20.02622729,44.68472708,27.99607,120.71016,27.99832,120.72424,7,159,0
1070,1651,44.17655574,16.59877319,27.97374,120.7589,27.97707,120.74717,10,33,0
1316,2901,32.56299546,3.466768438,27.97332,120.71019,27.97339,120.7071,10,1650,0
1807,2642,-58.57159708,6.916380805,28.040568,120.63282,28.03965,120.64593,7,58,0
563,803,-42.04432871,4.503627209,28.03956,120.65442,28.02715,120.65114,7,21,0
1276,2330,0.285598157,-44.57469051,28.00066,120.58221,27.9967,120.60336,8,15,0
1841,2103,6.010764493,-48.78604219,27.980151,120.605199,27.98211,120.59701,8,2205,0
3,2086,-14.39325625,-52.59223928,28.03927,120.5877,28.03771,120.57585,9,81,0
1643,1774,8.367359991,-39.93672412,27.98054,120.61279,27.99094,120.65242,-1,2,0
198,1394,-1.409471587,22.92248369,27.99428,120.679324,27.99572,120.672658,4,129,0
943,2248,17.09642027,3.007883136,27.98369,120.71502,27.97512,120.69186,-1,19,0
487,831,9.258457866,9.918526002,27.98776,120.67428,27.9762,120.668,-1,92,0
468,1214,-18.01091284,-31.36955629,28.02464,120.59155,28.02798,120.6019,3,202,0
1101,2644,30.18211031,18.64431184,28.008865,120.778256,28.019199,120.784475,2,1504,0
184,1506,-52.13176903,19.56285273,28.02537,120.66038,28.02799,120.66168,7,561,0
697,2078,42.03708821,-27.24667965,27.92414,120.70279,27.92125,120.70678,3,986,0
1454,2021,39.75151899,-27.34582836,27.92271,120.7068,27.92043,120.68424,3,148,0
906,2915,9.35343001,19.52979918,28.01211,120.69386,27.98732,120.68157,-1,16,0
267,2130,68.88199999,20.86424939,27.87206,120.80251,27.85823,120.80871,6,33,0
1630,2297,41.69144133,-21.60303569,27.92275,120.7073,27.92659,120.71116,3,1464,0
454,2428,5.979041054,5.064801043,27.98,120.66708,27.98819,120.6531,5,130,0
2484,2847,-30.67001637,-50.05881545,28.07449,120.5874,28.041041,120.588459,9,25,0
1416,2968,-22.61890132,11.18601793,28.01137,120.64581,28.02802,120.6546,-1,0,0
217,2938,-20.44927524,-26.25613884,28.01578,120.59444,28.02158,120.59654,3,452,0
759,2119,42.68161163,26.83510895,27.97238,120.74249,27.97513,120.74591,10,80,0
2197,2515,-38.70052194,-44.6952183,28.04449,120.62163,28.06853,120.60201,-1,272,0
245,1194,14.78094865,-6.733546846,27.9517,120.6639,27.9573,120.67705,5,121,0
720,1709,44.01997803,15.48266137,27.97976,120.74186,27.97034,120.76311,10,50,0
109,651,-34.11062716,-42.92032185,28.03316,120.59087,28.05562,120.60146,-1,56,0
306,2123,37.12771184,-39.30637138,27.93177,120.67802,27.92383,120.67387,-1,5384,0
775,2264,31.14445347,-14.7527076,27.9189,120.64478,27.95241,120.64911,-1,6,0
835,2458,31.0031865,-50.98855574,27.87789,120.68776,27.85734,120.67149,3,61,0
1958,2424,-11.52530016,21.19188164,28.01842,120.65967,28.01008,120.67058,3,32,0
109,2602,-26.07821273,-42.04048809,28.03316,120.59087,28.041463,120.586511,9,368,0
728,2180,0.900937252,5.278677937,27.98895,120.65771,27.98333,120.65125,-1,356,0
1416,1779,-35.28119112,26.97540151,28.01137,120.64581,28.01179,120.65261,3,143,0
893,1262,-3.004689511,7.78299584,28.00209,120.66254,27.98453,120.66027,-1,15,0
1262,2281,4.440463401,2.854844233,27.98453,120.66027,28.00143,120.63625,-1,4,0
2009,2450,-61.33904435,-14.85024689,28.04976,120.647462,28.04901,120.63968,7,1552,0
2,2215,-20.7891659,3.819692187,28.00506,120.63866,28.01028,120.64503,3,72,0
761,1807,-40.54095346,-18.42860266,28.02569,120.64175,28.040568,120.63282,7,9,0
133,1316,29.00067914,4.318307716,27.9535,120.69621,27.97332,120.71019,-1,10,0
463,1823,-13.09107933,-46.88336393,28.02702,120.57609,28.037123,120.578514,9,66,0
859,1999,32.07244475,-26.54894389,27.95386,120.68203,27.91395,120.70028,-1,272,0
1230,2608,-58.93156159,11.38106588,28.02816,120.65689,28.03899,120.65059,7,0,0
1398,2602,-37.42661781,-37.00365042,28.02438,120.60303,28.041463,120.586511,-1,133,0
1284,1391,38.28213762,-9.243189184,27.94439,120.71319,27.95467,120.69939,10,6398,0
61,595,-6.033246491,29.16526029,28.00969,120.67408,28.01681,120.67808,3,42,0
5,1964,-67.88885654,15.87919976,28.05615,120.67115,28.05262,120.666572,7,2484,0
174,964,-47.02821037,-17.28439925,28.04894,120.64323,28.065834,120.64764,7,27,0
257,2012,-37.46860662,-0.351494564,28.076984,120.602335,28.02392,120.644412,-1,13,0
1890,2609,-15.68268322,-23.93294403,28.01412,120.60625,28.01418,120.59753,3,39,0
1263,2456,-17.41824203,30.30493123,28.02077,120.6738,28.022125,120.670739,3,2,0
868,2073,-22.95115529,25.66017015,28.01279,120.66871,28.01371,120.66619,3,201,0
1956,2873,28.059098,34.34471078,27.96946,120.72066,28.000323,120.727524,-1,20,0
317,1256,-32.89744411,24.96223321,28.01994,120.655,28.01222,120.65195,3,263,0
291,1548,-30.62573653,7.008335903,28.023257,120.659016,28.01442,120.66161,3,65,0
2223,2309,62.80183265,-7.915063571,27.922663,120.824735,27.92657,120.81725,6,189,0
377,668,-18.68811471,-20.56403288,28.011319,120.606461,28.0105,120.60976,3,684,0
1262,1638,-0.634516779,15.34096989,27.98453,120.66027,27.99258,120.67111,4,11,0
1555,2450,-66.11591854,6.596813236,28.043798,120.657967,28.04901,120.63968,7,564,0
2208,2729,-50.85642627,-16.05000498,28.047396,120.656783,28.05359,120.63947,7,36,0
1560,2396,-51.23275215,-31.19905832,28.034241,120.588717,28.03985,120.62173,-1,27,0
2013,2609,-15.58491943,-23.62194696,28.01344,120.6076,28.01418,120.59753,3,12,0
1767,2120,-10.70553745,10.76556409,27.97914,120.65482,28.00312,120.65388,-1,21,0
1666,2966,61.41467706,6.98367001,27.90314,120.82835,27.90319,120.81717,6,42,0
124,1184,7.288306074,-10.2518663,27.99261,120.62341,27.982012,120.645724,-1,26,0
454,1935,8.92684315,4.680440894,27.98,120.66708,27.97505,120.67499,5,352,0
566,2392,-6.029776162,56.73411562,28.0085,120.68531,28.00878,120.68835,-1,1558,0
692,2392,8.073976303,33.62764473,28.00622,120.6991,28.00878,120.68835,7,2,0
12,1859,71.26081325,20.48491535,27.8751,120.81027,27.87212,120.80789,6,1579,0
2589,2641,28.46396825,11.75900692,28.02612,120.83038,28.00624,120.82807,2,522,0
872,1134,0.055176829,-9.643826617,27.98477,120.64882,27.99644,120.63354,-1,12,0
1698,1794,25.74787028,-10.59477053,27.95861,120.665556,27.94302,120.67619,5,167,0
2150,2168,-18.16713215,-26.56670405,27.99711,120.58895,28.02265,120.60445,3,72,0
2092,2816,-45.22028772,-2.911165303,28.0195,120.63455,28.04411,120.63996,-1,11,0
1565,1981,-38.04844871,-6.607581453,28.03749,120.6251,28.04382,120.61146,7,7,0
1624,2103,8.137846677,-46.36480877,27.971715,120.608414,27.98211,120.59701,8,209,0
1506,1938,-42.31124465,15.81613156,28.02799,120.66168,28.01832,120.65141,-1,78,0
428,803,-40.74932688,12.63304476,28.02544,120.64799,28.02715,120.65114,7,201,0
47,2007,45.44803129,12.97050624,27.97433,120.75967,27.99715,120.77526,10,1027,0
1723,2456,-20.83951147,29.12560708,28.01437,120.67295,28.022125,120.670739,3,26,0
959,2710,-15.39251698,12.61293504,28.009115,120.657413,28.008051,120.658483,3,84,0
59,1019,67.8058424,3.085588918,27.90238,120.80278,27.89391,120.81686,6,172,0
467,1759,-12.08660534,34.04812436,28.012398,120.68848,28.018481,120.682668,-1,137,0
381,1994,-9.810056342,40.47324595,27.99445,120.67111,27.992378,120.669665,4,107,0
1284,2593,33.24624388,-1.692596949,27.94439,120.71319,27.96314,120.66947,-1,2,0
1110,1844,32.26802029,-21.50553252,27.946867,120.69923,27.92562,120.70294,-1,137,0
284,1110,39.63147232,-12.78805369,27.92764,120.69437,27.946867,120.69923,-1,944,0
1369,2366,16.35715134,11.78663182,27.98473,120.6773,27.97973,120.67677,-1,554,0
16,1338,-41.28612297,-26.37435128,28.07646,120.62205,28.056963,120.625239,-1,32,0
359,1932,-37.68307691,33.98438003,28.0113,120.6614,28.01062,120.65932,3,297,0
1056,2843,-13.76335922,28.82656649,28.015277,120.673055,28.01538,120.6731,3,2,0
358,911,50.1399184,24.96696292,27.96854,120.74135,27.96141,120.73461,10,4345,0
1151,2146,-35.49523386,-48.27612141,28.082463,120.58878,28.051431,120.600469,-1,48,0
1061,1563,47.41455539,-26.5467828,27.92415,120.70545,27.92204,120.69661,3,4612,0
2103,2445,5.59949258,-50.44320352,27.98211,120.59701,27.992515,120.595201,8,1899,0
1360,1391,21.50119223,1.724459617,27.993854,120.698744,27.95467,120.69939,-1,28,0
722,1335,57.18326871,-0.203659646,27.92889,120.82314,27.92006,120.82563,6,186,0
458,2047,31.91019527,-47.01213792,27.87682,120.64507,27.8738,120.67228,3,300,0
332,1447,-1.077739593,32.31181149,28.00341,120.68731,28.0035,120.6833,4,9,0
2073,2196,-17.71373997,22.91703997,28.01371,120.66619,28.0176,120.6671,3,60,0
159,164,24.12859126,-14.07310305,27.94833,120.66804,27.95724,120.65969,5,1747,0
1565,1807,-56.03096505,0.647340363,28.03749,120.6251,28.040568,120.63282,7,46,0
2079,2531,-6.610021428,-17.03268236,27.99015,120.64099,27.99591,120.64416,3,65,0
1284,2516,35.0748691,-0.531558958,27.94439,120.71319,27.97841,120.73883,10,2,0
2510,2762,-22.72779878,32.77716821,28.02204,120.66593,28.01919,120.67036,3,177,0
2517,2661,-39.98996707,-56.34804233,28.08227,120.59052,28.079828,120.589546,9,3402,0
273,1958,-32.77891097,8.961969464,28.02613,120.64691,28.01842,120.65967,-1,79,0
565,1594,-35.52741782,40.14466353,28.00841,120.66454,28.013672,120.663632,3,72,0
914,2028,66.44316325,-4.696824557,27.93088,120.80284,27.92122,120.80887,6,393,0
1363,1850,66.02880108,19.35328452,27.87025,120.79516,27.86362,120.81173,6,134,0
1394,2787,-9.156983316,48.59779748,27.99572,120.672658,28.00461,120.6752,4,175,0
794,2185,11.46712277,-30.78672582,27.96834,120.57402,27.97251,120.60263,8,10,0
972,2153,30.1004349,-11.97338239,27.94366,120.68317,27.91643,120.68875,-1,136,0
866,1511,42.25435398,34.38875817,27.97155,120.73972,27.97302,120.73654,10,16223,0
1794,2305,41.19386545,20.31050316,27.94302,120.67619,27.98543,120.73922,-1,2,0
420,2451,13.74550552,60.25518763,28.019477,120.715049,28.01596,120.72171,7,2571,0
1764,2790,-0.430077554,-45.56735395,27.96875,120.60619,27.99273,120.60679,8,47,0
734,2372,-14.96766997,-23.59341948,28.01097,120.60609,28.023805,120.597166,3,32,0
545,2353,12.51509682,-3.361330911,27.96676,120.65937,27.973777,120.682079,5,217,0
1215,1998,-2.512783271,-29.48500431,27.98702,120.60848,27.987217,120.623164,8,748,0
1692,2415,-41.91291981,-10.73561924,28.0404,120.64565,28.02,120.655,-1,25,0
1037,1061,43.72328949,-23.97546692,27.9231,120.70471,27.92415,120.70545,3,4761,0
624,2433,-24.27267146,33.31866485,28.01854,120.66394,28.02202,120.66394,3,225,0
2005,2325,44.62815602,-33.95725536,27.92325,120.6878,27.91782,120.69607,3,3440,0
790,2209,17.54699132,-7.468595869,27.95053,120.66517,27.96734,120.67106,5,8,0
1020,2786,12.60673814,37.24686858,28.00029,120.70357,28.00603,120.706387,7,160,0
572,1006,6.80818875,-56.9352299,27.99271,120.56614,27.99467,120.56692,8,735,0
1429,2938,-23.43774615,-25.82949954,28.019912,120.604277,28.02158,120.59654,3,32,0
384,439,-25.53096694,-2.639750528,28.01405,120.63301,28.02332,120.64816,-1,17,0
1112,2352,-44.00549629,-23.60658985,28.05274,120.62436,28.048507,120.618708,7,209,0
213,1969,-11.79311999,-5.903959598,28.01009,120.63564,28.00303,120.63895,3,6,0
1768,2722,68.96230169,14.01350982,27.87577,120.82258,27.8763,120.821,6,166,0
1257,2791,0.675687724,-36.56700139,27.97868,120.57877,27.99739,120.58551,8,36,0
269,870,44.90143615,11.77008538,27.96807,120.80604,27.99111,120.78113,-1,176,0
77,705,-14.85870218,-2.425873633,28.00743,120.64853,28.00227,120.63088,3,21,0
2398,2418,37.17974782,-7.868184965,27.923249,120.687804,27.93672,120.67951,-1,41,0
62,1999,34.25743141,-27.27735489,27.92028,120.70493,27.91395,120.70028,3,48,0
1618,1631,-12.86359303,-28.36083313,28.00977,120.60049,28.00741,120.59773,3,60,0
1422,2300,19.14500889,52.21646037,28.00506,120.71172,27.99832,120.72424,7,31,0
643,2197,-42.69011804,-17.6453235,28.04355,120.65147,28.04449,120.62163,7,4,0
57,2445,-0.631424007,-46.13257885,28.00954,120.61511,27.992515,120.595201,-1,58,0
436,1199,-15.37445381,51.05990657,28.01004,120.66769,28.009766,120.667542,3,253,0
560,568,12.08579009,62.38893518,28.016323,120.703784,28.017992,120.701917,7,684,0
813,1115,-24.70946628,-19.54553885,28.01833,120.607999,28.01941,120.61672,3,43,0
815,2960,-9.745898778,-37.04594598,28.022225,120.579329,28.017,120.583,9,79,0
287,956,1.54968836,-13.46631681,27.986822,120.630326,27.97159,120.65547,-1,0,0
1485,1789,-37.15173079,-52.52589862,28.07932,120.57283,28.09369,120.58816,9,11,0
2288,2632,13.80896309,53.96257483,28.014173,120.713536,28.0072,120.71529,7,251,0
438,1058,-56.20333926,-26.66331375,28.03933,120.62364,28.04752,120.63044,7,566,0
924,2879,-40.05000603,-11.61487567,28.03883,120.63972,28.040077,120.644167,7,41,0
253,1187,19.35187167,4.996601831,27.9787,120.6874,27.96331,120.66311,-1,0,0
330,1814,32.0902982,-50.34607245,27.8779,120.688,27.88108,120.671,3,38,0
11,404,22.90560448,34.98581282,27.99544,120.72251,28.00043,120.72422,7,37,0
162,1452,-36.30713512,18.9067551,28.014918,120.647761,28.01491,120.64805,3,10,0
191,2398,28.74219151,-32.59062453,27.96628,120.68116,27.923249,120.687804,-1,9,0
405,1935,12.563566,5.263638937,27.989232,120.680662,27.97505,120.67499,-1,63,0
1244,1939,-5.365547695,22.72184065,28.00503,120.67134,28.00197,120.68016,-1,122,0
447,1284,31.29426445,-1.927393823,27.99055,120.7118,27.94439,120.71319,-1,22,0
2433,2762,-26.42491837,39.00941311,28.02202,120.66394,28.01919,120.67036,3,3552,0
2116,2151,-44.23553536,-42.58938155,28.04925,120.60197,28.06452,120.61682,-1,371,0
426,876,-28.30449979,-4.186264955,28.025933,120.641498,28.01851,120.63892,-1,54,0
318,2220,-29.61115311,33.01704377,27.97271,120.64743,28.00312,120.65703,-1,40,0
2274,2649,75.47760964,8.182767038,27.87983,120.81482,27.88565,120.80804,6,892,0
871,2012,-44.3705797,18.71125309,28.02285,120.64607,28.02392,120.644412,3,212,0
846,2451,16.63862374,55.63945123,28.00453,120.74869,28.01596,120.72171,7,293,0
80,1433,-24.70221976,5.629176507,28.01143,120.62756,28.015196,120.648057,-1,10,0
862,2899,-36.12319514,8.751401254,28.023996,120.651156,28.02802,120.65472,7,31,0
799,2254,63.65137984,-7.556104324,27.93368,120.81563,27.923401,120.816621,6,275,0
1020,2556,22.96261322,50.29619756,28.00029,120.70357,28.00322,120.7122,7,53,0
502,2428,7.186438926,-16.86393619,27.975415,120.651576,27.98819,120.6531,5,305,0
786,1796,-53.47470264,-16.43499282,28.065163,120.642463,28.04071,120.63988,7,105,0
306,2307,19.27730881,-2.734782192,27.93177,120.67802,27.957377,120.682574,5,14,0
576,1078,-24.78030539,-11.19463812,28.02002,120.63138,28.015777,120.621944,-1,77,0
1683,1947,8.297959344,16.57983306,27.95708,120.67304,27.98803,120.67876,-1,4,0
885,1651,37.42003796,23.90219126,27.96805,120.74305,27.97707,120.74717,10,22,0
490,1285,-36.39109244,-28.5411604,28.00307,120.6298,28.04108,120.61641,-1,22,0
264,1515,-29.29260166,25.20251698,28.01535,120.66232,28.01034,120.65781,3,9,0
763,1852,36.39317187,27.5939348,27.97775,120.74248,27.96059,120.7497,10,125,0
61,2446,-3.659519566,21.87724372,28.00969,120.67408,27.98763,120.66308,-1,5,0
1098,1273,-54.50949941,-29.57599072,28.0475,120.62333,28.02347,120.61544,-1,285,0
11,1457,29.63370292,52.81873374,27.99544,120.72251,27.99566,120.715,7,4012,0
958,2568,-19.52498281,-57.9071286,28.04944,120.58116,28.04901,120.58582,9,2365,0
281,971,51.0822608,0.729093244,27.94397,120.77876,27.92205,120.80111,-1,93,0
874,923,-53.38261495,-16.05967213,28.04411,120.64767,28.06101,120.62576,7,69,0
299,1284,33.97093516,-0.383083266,27.968888,120.725833,27.94439,120.71319,10,11,0
72,1885,13.6404183,-45.406995,27.97367,120.59704,27.96887,120.61609,8,887,0
646,915,-24.02712099,40.18621991,28.02101,120.67872,28.024778,120.671965,3,741,0
421,1335,60.78078548,-14.43340546,27.91626,120.8268,27.92006,120.82563,6,11142,0
862,2528,-34.24233109,8.375665224,28.023996,120.651156,28.023744,120.653645,7,24,0
178,213,-22.97316623,0.737198698,28.01444,120.65108,28.01009,120.63564,3,14,0
1785,2887,-17.78838707,-56.92222521,28.043723,120.575415,28.04609,120.57533,9,610,0
614,1889,-22.18256091,13.16362727,28.0124,120.65063,28.01442,120.65841,3,27,0
6,874,-46.56534176,-14.10087255,28.0635,120.68056,28.04411,120.64767,7,14,0
415,871,-42.8626726,17.00530997,28.01975,120.65219,28.02285,120.64607,3,62,0
301,2399,16.27140846,-30.53007443,27.93112,120.5882,27.951096,120.598666,10,0,0
1273,1736,-51.41498459,-35.10298155,28.02347,120.61544,28.029592,120.6244,-1,2021,0
164,2176,15.87433323,-17.17472255,27.95724,120.65969,27.95843,120.65338,5,7352,0
623,1895,28.28531572,-1.635110411,27.94373,120.68649,27.96905,120.70307,-1,767,0
1177,1322,0.288944935,58.84830501,28.00586,120.69435,28.00798,120.69032,7,48,0
1111,1347,-21.56142469,3.491966587,28.02502,120.63963,28.01058,120.65406,-1,5,0
1969,2129,-11.03875119,0.173769579,28.00303,120.63895,27.98951,120.64774,-1,29,0
48,954,-27.84066883,43.70440485,28.01947,120.67661,28.018214,120.672196,3,11506,0
14,1628,-18.00003819,31.08513068,28.02496,120.66541,28.01497,120.68572,-1,44,0
1304,2963,3.333205679,-27.57376768,27.989339,120.608294,27.98802,120.61588,8,22,0
561,1510,-51.66561119,1.686397201,28.02374,120.641626,28.023269,120.632426,-1,59,0
182,1572,-25.34633056,-17.63843507,28.01939,120.61656,28.02693,120.60664,3,98,0
2766,2938,-19.23613339,-21.08676867,28.01412,120.606248,28.02158,120.59654,3,11,0
836,1429,-24.47866263,-25.04773213,28.02242,120.60801,28.019912,120.604277,3,992,0
369,2051,60.27175872,-11.90965036,27.9277,120.83323,27.91544,120.83871,6,834,0
189,1536,15.83288876,18.89988669,27.98396,120.69007,27.985,120.67851,4,83,0
929,2509,-16.73300085,-32.73055498,28.02505,120.60226,28.02225,120.60442,3,47,0
542,2157,8.382248231,41.97859562,28.00788,120.70268,28.01324,120.69695,7,26,0
1577,2887,-20.32102706,-54.96589131,28.04175,120.58651,28.04609,120.57533,9,177,0
627,2137,-69.89269096,6.420122942,28.0494,120.66193,28.04852,120.65349,7,4103,0
1639,1998,-2.390866124,-23.34292078,27.988119,120.628211,27.987217,120.623164,8,102,0
628,1218,60.55503507,-11.35118063,27.92742,120.82878,27.91539,120.8198,6,52,0
923,1501,-58.97906878,-18.39827948,28.06101,120.62576,28.05557,120.61784,7,1238,0
427,868,-15.97106491,50.73414809,28.005808,120.669146,28.01279,120.66871,3,134,0
1226,1289,-19.00630713,10.79950511,28.01039,120.65256,28.0114,120.65314,3,8,0
2,824,-15.08253264,-3.056313812,28.00506,120.63866,28.002956,120.643807,3,159,0
306,574,33.54592187,-11.71636226,27.93177,120.67802,27.93368,120.71241,-1,18,0
608,2190,9.69881252,19.10936704,27.99367,120.69233,27.98235,120.67423,-1,30,0
1019,1584,69.8053946,5.723324705,27.89391,120.81686,27.89209,120.81396,6,7408,0
1671,1987,-12.85790441,-8.149575013,28.00231,120.63401,28.007234,120.633055,3,15,0
1062,1642,24.06819777,17.08137964,28.07018,120.74169,28.073,120.719972,1,5,0
921,2778,-2.371633413,-11.44465446,27.9931,120.63688,27.99859,120.64039,-1,19,0
859,2209,25.44985321,-7.499259892,27.95386,120.68203,27.96734,120.67106,5,115,0
844,1803,-8.687257733,21.17013046,28.00813,120.67287,28.01235,120.66512,3,7,0
633,2282,13.82061353,25.68919368,27.98491,120.70392,27.99125,120.69051,4,2,0
1938,2117,-32.9073916,14.52033696,28.01832,120.65141,28.0167,120.6534,3,399,0
773,1255,0.572558833,18.97114913,27.989406,120.673557,27.9997,120.67055,-1,22,0
2243,2835,69.03081362,-10.34470532,27.94879,120.80808,27.94411,120.78597,2,161,0
627,1711,-51.48947975,-15.88678026,28.0494,120.66193,28.06516,120.64246,7,44,0
1255,2444,-9.266558535,45.89795108,27.9997,120.67055,27.99277,120.67775,-1,57,0
1888,2303,68.44467282,2.620488095,27.89882,120.82105,27.90821,120.80227,6,922,0
1089,2468,-44.80675722,19.93974997,28.02804,120.57818,28.022717,120.632107,-1,749,0
1054,2420,-4.601560736,-6.174318124,27.99918,120.641648,27.98362,120.61785,-1,83,0
799,2062,63.725583,-6.646255546,27.93368,120.81563,27.92961,120.81073,6,414,0
270,483,-24.41141617,45.75639516,28.01764,120.68649,28.015482,120.68332,-1,1531,0
2575,2653,-24.00137981,-42.34883772,28.02926,120.59028,28.03697,120.58917,9,1335,0
803,895,-60.2121224,12.14260282,28.02715,120.65114,28.03688,120.73858,7,21,0
19,2452,0.412056179,-1.747856185,27.98443,120.66958,28.0105,120.66068,-1,19,0
615,2061,-3.818324604,42.45733869,27.99109,120.67677,27.98839,120.68338,4,354,0
1692,2200,-61.82590441,3.165683026,28.0404,120.64565,28.03746,120.65611,7,75,0
1596,2622,-46.05561673,13.19077683,28.027266,120.655901,28.0547,120.64565,7,0,0
1895,2398,31.67218158,-33.68194325,27.96905,120.70307,27.923249,120.687804,-1,29,0
1071,2159,40.01642848,-15.2676241,27.92798,120.69488,27.9283,120.69546,3,273,0
178,1510,-27.66751064,-5.669185423,28.01444,120.65108,28.023269,120.632426,-1,25,0
138,1182,-15.61310895,32.59680244,28.04427,120.69476,28.02301,120.68076,-1,51,0
1267,2209,10.59567381,-1.708847343,27.969489,120.657672,27.96734,120.67106,5,109,0
621,1166,11.92455205,-39.70503779,27.98848,120.61075,27.95794,120.60138,-1,69,0
772,2948,-40.426166,-32.93783279,28.05187,120.61117,28.05192,120.60027,7,41,0
1742,2378,6.711677253,41.73487971,28.010383,120.6909,28.013795,120.696286,7,111,0
842,2537,66.58643684,-1.507801034,27.90945,120.81881,27.92328,120.80462,6,7,0
2,1127,-18.19997344,-8.490059776,28.00506,120.63866,28.01,120.62972,-1,77,0
1373,2510,-21.8734279,32.18514187,28.01793,120.66445,28.02204,120.66593,3,226,0
4,490,0.387403719,-26.05251172,27.98663,120.61963,28.00307,120.6298,-1,86,0
1600,2902,34.98646587,-28.82508528,27.92162,120.70502,27.92072,120.70621,3,39,0
817,1093,-11.83250371,-44.1831026,28.02382,120.58085,28.03228,120.58055,9,89,0
1933,2209,10.6749951,-5.754772266,27.9843,120.66116,27.96734,120.67106,-1,0,0
758,2597,-0.685726685,18.71890394,27.99542,120.68153,27.993358,120.671015,4,14,0
569,1969,-14.44528629,-6.836697622,28.006636,120.635923,28.00303,120.63895,3,114,0
460,807,19.43546144,36.52506298,27.996057,120.710262,27.994444,120.7075,7,28,0
82,1386,-2.819563089,46.46470031,27.99276,120.68048,27.98557,120.68544,4,94,0
775,1905,31.45047588,-46.08841855,27.9189,120.64478,27.86345,120.67392,3,51,0
1994,2220,-15.47520376,39.32077666,27.992378,120.669665,28.00312,120.65703,-1,372,0
1534,2952,-14.05224347,31.53280852,28.017189,120.678534,28.021681,120.670423,3,10,0
1577,2653,-22.75041332,-53.79443691,28.04175,120.58651,28.03697,120.58917,9,543,0
73,876,-25.27755883,-0.907766664,28.01003,120.63314,28.01851,120.63892,3,66,0
822,1961,-0.19408696,-25.61196956,27.98549,120.6218,27.98795,120.62329,8,166,0
542,2425,15.40152821,54.3208701,28.00788,120.70268,28.001305,120.717516,7,315,0
1888,2183,69.84872139,4.903301604,27.89882,120.82105,27.89444,120.81353,6,2271,0
1052,1950,28.79649801,28.81552415,27.97486,120.72843,27.99139,120.71952,-1,11,0
759,952,38.48339676,25.18627078,27.97238,120.74249,27.97169,120.76145,10,40,0
267,406,65.64364628,22.1362969,27.87206,120.80251,27.89033,120.77895,6,7,0
2160,2796,48.99033295,21.14865299,27.9668,120.7548,27.97189,120.75195,10,350,0
439,1082,-41.58268547,16.4909692,28.02332,120.64816,28.016688,120.655528,3,18,0
1527,1753,8.803899339,-8.545334611,27.97296,120.6485,27.96526,120.65283,5,31,0
1923,2715,-5.831857588,-5.74041146,27.99631,120.64437,27.99435,120.66326,-1,55,0
909,1582,12.18373233,-8.034393842,27.95992,120.64877,27.96936,120.67444,5,31,0
64,812,-40.26933674,30.16906492,28.01276,120.65434,28.01375,120.6551,3,342,0
1455,2506,-35.57289402,-16.31618702,28.03905,120.62757,28.02561,120.63825,7,4,0
2581,2614,-27.90797104,-9.368204177,28.020019,120.648575,28.01688,120.6293,-1,0,0
142,2513,-43.80742883,-25.50900579,28.07201,120.60483,28.060569,120.603702,-1,22,0
1736,2323,-61.31282624,2.425202912,28.029592,120.6244,28.02463,120.6447,7,68,0
447,1133,20.59628481,32.444927,27.99055,120.7118,27.97533,120.72453,-1,0,0
1338,2151,-42.23150368,-25.6660896,28.056963,120.625239,28.06452,120.61682,-1,113,0
1293,2571,52.83840101,-4.956395499,27.93743,120.83414,27.95427,120.8335,6,144,0
1969,2263,-12.29559161,6.285725382,28.00303,120.63895,28.00726,120.65848,3,16,0
1398,2921,-37.46861625,-29.28709327,28.02438,120.60303,28.04626,120.62812,-1,59,0
178,2493,-26.17276106,10.23025104,28.01444,120.65108,28.01736,120.65303,3,6,0
906,1759,-24.40815464,43.54072313,28.01211,120.69386,28.018481,120.682668,-1,214,0
1488,1555,-61.72743728,10.10032119,28.043371,120.655715,28.043798,120.657967,7,154,0
1761,2787,-4.327512779,33.51968463,27.99851,120.67952,28.00461,120.6752,4,81,0
1423,1587,-33.39636104,18.90335923,28.0149,120.64587,28.00917,120.64028,3,73,0
708,2021,32.88079572,-11.09646216,27.9343,120.7072,27.92043,120.68424,3,43,0
845,2547,-31.1407708,-51.64014056,28.06506,120.57549,28.077515,120.5896,9,33,0
619,2424,-9.16612578,20.45670014,28.01319,120.65921,28.01008,120.67058,3,0,0
2180,2870,-1.87563823,9.3260362,27.98333,120.65125,27.993073,120.660361,-1,10,0
649,2129,2.031279568,-9.786876554,27.981943,120.645555,27.98951,120.64774,5,23,0
727,2672,6.610896005,43.63326629,28.00933,120.69355,28.02026,120.69523,7,17,0
1103,1871,0.033034238,-16.56120193,27.97694,120.62826,27.96874,120.65488,-1,39,0
430,2924,1.254575689,59.84660242,28.00437,120.69558,28.0079,120.69401,7,233,0
149,1373,-40.70821128,39.70242752,28.01646,120.65935,28.01793,120.66445,3,1308,0
1706,2875,35.6956329,-23.91317048,27.9208,120.70586,27.92368,120.70347,3,23,0
234,1433,-29.12935535,-8.528741055,28.01828,120.62547,28.015196,120.648057,-1,4,0
142,2004,-33.90274262,-46.59467718,28.07201,120.60483,28.05469,120.58692,9,0,0
335,370,22.42629668,-18.39525826,27.93483,120.66784,27.95455,120.65292,5,129,0
2080,2099,-4.485203247,40.48553821,27.994449,120.671107,27.99084,120.68506,4,88,0
600,1388,-27.04041404,7.501433155,28.00892,120.64776,28.01822,120.64711,3,0,0
812,1596,-34.68586012,10.00745629,28.01375,120.6551,28.027266,120.655901,-1,4,0
1547,2661,-39.05830718,-55.99155992,28.07752,120.5896,28.079828,120.589546,9,619,0
1006,1487,-0.847580018,-39.99428708,27.99467,120.56692,27.9731,120.55136,8,14,0
1786,2496,46.48365804,-0.888923007,27.93645,120.80794,27.94412,120.76969,-1,54,0
775,2298,30.81563521,-40.96547814,27.9189,120.64478,27.92952,120.68107,-1,56,0
1315,2272,43.24869848,-33.93768312,27.91937,120.7061,27.91974,120.69145,3,931,0
1429,2365,-21.84918947,-23.88800768,28.019912,120.604277,28.01894,120.59618,3,56,0
669,1510,-50.834119,-3.155368584,28.01255,120.63174,28.023269,120.632426,-1,77,0
2471,2567,-2.814469027,6.062514259,28.00877,120.66836,27.992138,120.656444,-1,38,0
1782,2392,4.818580361,51.56640242,27.997236,120.700653,28.00878,120.68835,7,4,0
2408,2644,32.94990557,13.34392063,27.97638,120.75557,28.019199,120.784475,-1,4,0
1651,2516,45.89241362,32.27777849,27.97707,120.74717,27.97841,120.73883,10,2972,0
428,2318,-34.94470765,10.78225692,28.02544,120.64799,28.0217,120.647,-1,34,0
1958,2318,-35.08080606,12.665697,28.01842,120.65967,28.0217,120.647,3,185,0
2449,2826,72.02972275,15.40498228,27.8763,120.82073,27.86957,120.81322,6,432,0
1502,2229,-3.812266125,7.021461275,27.991292,120.664871,27.99852,120.65649,-1,60,0
2476,2750,14.44921977,34.76518929,27.99996,120.71136,28.00455,120.70115,7,8,0
1481,2853,12.26141551,-41.45779455,27.96111,120.6227,27.97599,120.59211,8,48,0
668,1650,-42.53825388,-6.086823591,28.0105,120.60976,28.020022,120.631375,-1,53,0
1690,2053,-42.74533205,-6.265883123,28.0188,120.62823,28.01003,120.63016,4,97,0
2670,2787,-0.267450603,29.856372,28.004123,120.680295,28.00461,120.6752,4,9,0
318,341,-2.612903701,-18.19528092,27.97271,120.64743,27.98975,120.64468,-1,301,0
918,2043,-38.94833938,21.27120148,28.0129,120.64233,28.01244,120.64342,3,15,0
1900,2192,-30.56238747,-53.29965134,28.06605,120.58485,28.05416,120.56057,9,61,0
1136,2167,-62.64096923,10.24516469,28.04624,120.66456,28.0438,120.65797,7,30,0
217,2483,-19.75615228,-25.11856935,28.01578,120.59444,28.02455,120.61196,3,0,0
382,2258,-26.65410356,22.17698639,28.01967,120.6623,28.01658,120.65764,3,202,0
2330,2445,2.202658059,-51.22915471,27.9967,120.60336,27.992515,120.595201,8,1548,0
388,500,21.08393011,50.01619528,28.002723,120.710296,27.99978,120.7112,7,39,0
2593,2788,19.94257644,-10.19066103,27.96314,120.66947,27.96243,120.65546,5,37,0
77,1249,-36.52267513,25.19674574,28.00743,120.64853,28.00533,120.6479,3,5845,0
1590,1695,-12.58017172,-45.29037699,28.02239,120.59436,28.02937,120.5775,-1,52,0
188,1792,-2.93965392,-22.76648751,27.97988,120.63103,27.985149,120.627224,8,108,0
1364,2481,10.11918882,-4.753333082,27.986295,120.662053,27.97265,120.66766,-1,67,0
717,1724,19.85708118,49.63164256,28.00547,120.71099,28.00258,120.70728,7,41,0
542,1422,12.50716238,52.90304452,28.00788,120.70268,28.00506,120.71172,7,255,0
545,1092,13.28302807,-16.62368704,27.96676,120.65937,27.96187,120.66042,5,7908,0
178,2323,-30.13113216,6.155591124,28.01444,120.65108,28.02463,120.6447,-1,31,0
961,1529,-32.44446015,-50.59415229,28.06451,120.58223,28.10206,120.54994,9,33,0
61,2424,-15.47528294,51.74821216,28.00969,120.67408,28.01008,120.67058,3,3285,0
1995,2817,9.071737992,-55.10463268,27.98625,120.5825,27.98271,120.56368,8,482,0
2127,2481,3.792870951,11.36267511,27.98869,120.6726,27.97265,120.66766,-1,47,0
831,2428,8.282227757,1.465477947,27.9762,120.668,27.98819,120.6531,5,60,0
1500,1934,-45.53125553,-22.98198736,28.05006,120.62061,28.046363,120.62567,7,243,0
1398,2840,-31.10698607,-36.47918668,28.02438,120.60303,28.04323,120.58656,-1,84,0
1394,1782,-2.324031853,32.98789214,27.99572,120.672658,27.997236,120.700653,-1,11,0
1103,1624,9.881928081,-44.21849624,27.97694,120.62826,27.971715,120.608414,8,671,0
1373,2456,-24.91338896,37.49279983,28.01793,120.66445,28.022125,120.670739,3,219,0
278,585,11.97641416,34.62450189,28.00309,120.69882,28.00115,120.70215,7,34,0
567,1061,39.18926692,-27.51923056,27.92073,120.70491,27.92415,120.70545,3,54,0
1723,2087,-15.86195977,22.68804056,28.01437,120.67295,28.02363,120.66164,3,50,0
606,841,-26.29831319,-1.789187441,28.004829,120.6409,28.0171,120.63698,3,18,0
1843,2190,13.5835481,16.15309844,27.983923,120.680378,27.98235,120.67423,-1,236,0
1322,2354,-1.231679374,56.92131841,28.00798,120.69032,28.005487,120.689347,-1,454,0
152,461,68.91525216,5.363755127,27.91139,120.82389,27.8974,120.81737,6,2716,0
422,1742,3.149085618,60.33225432,28.00525,120.70299,28.010383,120.6909,7,90,0
77,213,-22.16570772,1.234524687,28.00743,120.64853,28.01009,120.63564,3,43,0
1169,2365,-21.22255546,-25.00184084,28.01606,120.6036,28.01894,120.59618,3,141,0
1438,1449,4.948066843,62.32141323,28.014375,120.695302,28.01592,120.69364,7,106,0
191,599,5.035099744,-4.867860114,27.96628,120.68116,27.97321,120.72684,-1,2,0
2225,2690,11.71885841,45.52744311,28.01963,120.71371,28.00749,120.70643,7,10,0
159,1980,24.84298263,-13.29611742,27.94833,120.66804,27.9546,120.667,5,23101,0
609,1094,-29.01164067,-14.64031938,28.02096,120.62016,28.01845,120.59962,3,11,0
1697,2757,52.65255108,-9.800808927,27.93044,120.81856,27.95417,120.82421,6,17,0
996,2197,-49.17285732,-24.02530218,28.04161,120.62551,28.04449,120.62163,7,35,0
1194,2325,25.14363607,-8.839580299,27.9573,120.67705,27.91782,120.69607,-1,4,0
952,1709,46.40386611,17.02746331,27.97169,120.76145,27.97034,120.76311,10,5217,0
1998,2855,0.769800754,-23.02814195,27.987217,120.623164,27.986819,120.628986,8,29,0
958,2818,-19.79860867,-56.78536237,28.04944,120.58116,28.04104,120.58846,9,235,0
2180,2190,3.72292842,1.164716076,27.98333,120.65125,27.98235,120.67423,5,14,0
872,1256,-22.36038394,12.56680312,27.98477,120.64882,28.01222,120.65195,-1,13,0
1215,2549,1.245200539,-31.70040548,27.98702,120.60848,27.98841,120.58255,8,35,0
673,677,-53.83781231,-29.94757465,28.05464,120.60495,28.040628,120.619569,7,379,0
370,2022,19.13895325,-16.90623284,27.95455,120.65292,27.94096,120.64958,5,6024,0
487,1470,4.382782176,18.77019056,27.98776,120.67428,27.97225,120.68006,-1,79,0
541,794,14.23064616,-36.03902795,27.96193,120.60948,27.96834,120.57402,-1,78,0
111,1021,13.07259969,-27.52464902,27.95612,120.65155,27.96668,120.62461,-1,4,0
1650,2528,-30.24105452,-1.339785339,28.020022,120.631375,28.023744,120.653645,-1,11,0
477,2793,29.48561963,32.78223144,27.994763,120.731284,27.96841,120.73048,-1,6,0
13,176,-29.93793705,-25.03553339,28.02484,120.61133,28.02521,120.6105,3,4627,0
534,1194,23.13654533,-9.48251752,27.93767,120.66978,27.9573,120.67705,5,21,0
1877,2159,40.58400346,-14.24025049,27.928215,120.695478,27.9283,120.69546,3,1603,0
77,1433,-41.13314026,22.70317043,28.00743,120.64853,28.015196,120.648057,3,201,0
1149,1628,-11.46690061,28.77187373,28.02051,120.67683,28.01497,120.68572,-1,8,0
745,1711,-52.52165583,-15.92397541,28.04541,120.65027,28.06516,120.64246,7,35,0
585,1457,8.835108299,53.23966758,28.00115,120.70215,27.99566,120.715,7,22,0
353,1351,-39.31322038,-29.74568014,28.04744,120.60876,28.04387,120.63355,7,79,0
1246,2188,-40.41075342,-6.266816956,28.018796,120.628228,28.02031,120.62527,4,4,0
1386,1980,22.67774694,3.651565417,27.98557,120.68544,27.9546,120.667,-1,15,0
1679,2662,28.30115484,46.76353048,27.99338,120.70875,27.9944,120.7017,-1,129,0
1325,2135,-2.53320677,-12.35578471,27.99337,120.63718,27.99127,120.63834,8,24,0
1572,2888,-44.97955068,-32.79508432,28.02693,120.60664,28.05349,120.61286,-1,97,0
159,1582,23.94548987,-7.169292071,27.94833,120.66804,27.96936,120.67444,5,57,0
546,2298,35.28784832,-35.36169053,27.92076,120.68433,27.92952,120.68107,-1,18,0
698,1338,-41.45388741,-25.11472781,28.07126,120.60869,28.056963,120.625239,-1,20,0
166,1260,57.27800498,1.22305389,27.93672,120.83867,27.91444,120.83278,6,26,0
1939,2742,-5.86604114,49.8395654,28.00197,120.68016,27.99959,120.67971,4,138,0
544,2840,-20.07342694,-49.70491899,28.05007,120.58709,28.04323,120.58656,9,38,0
2057,2560,66.96825863,22.16246025,27.86515,120.79611,27.86448,120.80129,6,277,0
1053,2516,25.59139229,28.46347842,27.99068,120.7167,27.97841,120.73883,-1,30,0
35,1789,-36.90706133,-51.17599733,28.06905,120.57281,28.09369,120.58816,9,14,0
666,1592,-34.6681606,-58.96310099,28.07352,120.58467,28.04448,120.57033,9,212,0
844,2536,-4.125129273,30.02400969,28.00813,120.67287,28.00726,120.6775,-1,36,0
608,906,0.370160235,52.69700912,27.99367,120.69233,28.01211,120.69386,-1,66,0
1,1956,40.56763741,7.211542849,27.97014,120.75603,27.96946,120.72066,10,15,0
347,2142,34.78300925,45.95495884,27.98785,120.71681,27.98684,120.71242,7,26638,0
2111,2714,74.87343204,9.678812394,27.88503,120.79691,27.8832,120.80518,6,2928,0
328,1494,-61.52556919,-14.28591607,28.05929,120.65781,28.04977,120.64759,7,2202,0
259,1164,-67.09125225,4.775662765,28.05022,120.66531,28.04057,120.64705,7,316,0
692,1499,9.226002137,39.93617966,28.00622,120.6991,28.00636,120.69525,7,163,0
308,592,-34.40668222,-54.65157562,28.07118,120.58698,28.07596,120.58581,9,196,0
529,2557,-23.27763849,47.46922498,28.01174,120.68077,28.014329,120.680824,3,359,0
130,635,37.28137017,-44.82569363,27.90369,120.65562,27.91455,120.66062,3,171,0
1273,2746,-51.21629322,-35.88839072,28.02347,120.61544,28.03863,120.61579,-1,483,0
697,2332,46.01020809,-19.91663747,27.92414,120.70279,27.92441,120.70401,3,305,0
136,1958,-19.21237303,7.55405285,28.01434,120.65091,28.01842,120.65967,3,0,0
1587,2281,-15.99516565,-4.335958678,28.00917,120.64028,28.00143,120.63625,3,215,0
1378,2173,38.17272336,29.8946616,27.9833,120.74401,28.01765,120.74361,-1,40,0
3,1708,-14.96018821,-32.95466201,28.03927,120.5877,28.02381,120.59717,-1,0,0
159,2788,24.3288957,-13.76755519,27.94833,120.66804,27.96243,120.65546,5,752,0
729,1736,-32.74795403,-21.7056169,28.02336,120.60588,28.029592,120.6244,-1,9,0
2263,2294,-46.2426009,25.33652251,28.00726,120.65848,28.017358,120.65303,3,353,0
954,2044,-19.16750151,35.06043764,28.018214,120.672196,28.021,120.679,3,23,0
1238,1521,-31.18532447,30.66382951,28.00439,120.65275,28.00551,120.66263,3,71,0
2272,2325,44.13741565,-33.74595143,27.91974,120.69145,27.91782,120.69607,3,7916,0
1085,2168,-15.7439588,-33.65504457,28.0257,120.6129,28.02265,120.60445,3,68,0
317,382,-26.93118511,21.00189082,28.01994,120.655,28.01967,120.6623,3,107,0
1022,1549,18.43039437,28.67238226,27.99539,120.7173,27.98966,120.70619,7,8,0
1724,2084,13.68937968,39.88129607,28.00258,120.70728,28.00279,120.70613,7,28,0
15,2778,-2.294198332,-11.09050981,27.97664,120.63227,27.99859,120.64039,-1,26,0
361,2072,68.70836836,-10.43669141,27.95277,120.79908,27.93734,120.77936,2,182,0
2037,2713,56.21294787,-0.294340497,27.9208,120.84047,27.9236,120.82555,6,66,0
1082,1779,-23.86139779,14.01922939,28.016688,120.655528,28.01179,120.65261,3,107,0
430,2169,3.217485123,55.46440508,28.00437,120.69558,28.002851,120.698951,7,302,0
1259,1587,-13.53132366,8.352526639,28.00517,120.6494,28.00917,120.64028,3,42,0
347,2225,27.37948976,28.4226496,27.98785,120.71681,28.01963,120.71371,7,40,0
1852,2154,46.06470742,21.27203387,27.96059,120.7497,27.96748,120.75293,10,3853,0
2444,2597,-0.639346894,19.39571939,27.99277,120.67775,27.993358,120.671015,4,48,0
966,2904,49.60152461,2.864332827,27.918388,120.823666,27.95985,120.77797,-1,48,0
703,2853,5.170738498,-51.01771431,27.99417,120.59982,27.97599,120.59211,8,410,0
500,940,24.72894351,54.03582236,27.99978,120.7112,28.00288,120.71024,7,299,0
117,217,-12.01269099,-34.15202504,28.026108,120.592702,28.01578,120.59444,3,18,0
2258,2528,-32.69315726,9.380780512,28.01658,120.65764,28.023744,120.653645,-1,54,0
335,1811,29.74106331,-42.31405742,27.93483,120.66784,27.89896,120.665197,-1,91,0
1795,2686,-64.95166298,16.03652156,28.05247,120.66674,28.0508,120.683,7,201,0
665,1104,-8.163947453,50.79129917,27.9992,120.675,27.99923,120.67458,4,467,0
1605,2528,-30.25906847,-0.671856631,28.01353,120.6398,28.023744,120.653645,-1,31,0
603,1837,4.337945805,-38.43712724,27.97164,120.62661,27.98603,120.63754,8,133,0
2005,2302,33.72034795,-28.32074165,27.92325,120.6878,27.92002,120.70535,3,132,0
1054,2059,-5.809255893,-6.267579268,27.99918,120.641648,27.987233,120.614505,-1,6,0
841,1528,-49.04072995,5.583263403,28.0171,120.63698,28.01484,120.64575,3,318,0
1837,1969,-0.662181562,-9.783965291,27.98603,120.63754,28.00303,120.63895,-1,33,0
77,1515,-35.28277659,29.4428835,28.00743,120.64853,28.01034,120.65781,3,133,0
539,2087,-26.51195258,10.87160824,28.01516,120.65303,28.02363,120.66164,3,3,0
755,1563,47.27368292,-19.33060749,27.928,120.698,27.92204,120.69661,3,434,0
1164,1796,-65.22519956,2.677773982,28.04057,120.64705,28.04071,120.63988,7,9371,0
3,2116,-37.17300938,-39.62930641,28.03927,120.5877,28.04925,120.60197,-1,1128,0
1232,2012,-35.99506357,2.72991009,28.04357,120.651564,28.02392,120.644412,-1,5,0
1260,2805,58.64628461,0.977184351,27.91444,120.83278,27.92301,120.8262,6,40,0
1276,1704,-0.747896744,-39.46837304,28.00066,120.58221,27.97611,120.56109,8,67,0
172,1560,-44.04388731,-33.27628287,28.0428,120.62069,28.034241,120.588717,-1,28,0
1885,2849,10.68831011,-37.09220378,27.96887,120.61609,27.92064,120.57853,-1,0,0
677,2888,-51.33150485,-29.40326334,28.040628,120.619569,28.05349,120.61286,7,148,0
422,940,13.71929605,49.71486135,28.00525,120.70299,28.00288,120.71024,7,66,0
895,1759,-61.60294946,14.00814587,28.03688,120.73858,28.018481,120.682668,-1,0,0
578,675,37.67195588,-37.40316909,27.91219,120.68358,27.91318,120.6689,3,148,0
870,1302,46.57491429,11.82805191,27.99111,120.78113,27.96848,120.78369,-1,503,0
1377,2168,-22.19274931,-32.76772869,28.02627,120.60094,28.02265,120.60445,3,38,0
449,2886,40.04188154,-12.34929784,27.93173,120.70133,27.937481,120.703179,3,232,0
862,2012,-36.57277685,10.12269299,28.023996,120.651156,28.02392,120.644412,-1,31,0
1255,2263,-8.376944896,9.967416098,27.9997,120.67055,28.00726,120.65848,3,12,0
511,1030,-43.07545927,10.97699594,28.02464,120.66076,28.02341,120.66131,3,57,0
303,1760,-32.94105466,20.47825286,28.01193,120.64947,28.01143,120.64969,3,7,0
1351,2816,-58.95794132,-14.10595061,28.04387,120.63355,28.04411,120.63996,7,13217,0
952,2414,44.99554707,18.2732744,27.97169,120.76145,27.96391,120.75937,10,91,0
1391,2298,36.83358025,-9.288302611,27.95467,120.69939,27.92952,120.68107,-1,546,0
331,2085,-35.69616994,-36.15439494,28.03958,120.62042,28.04973,120.58807,-1,7,0
219,418,4.14451088,-4.247781305,27.92298,120.70731,27.925833,120.705277,3,12,0
204,724,-0.731753994,-12.74250505,27.99015,120.62566,27.99279,120.64931,-1,9,0
2420,2963,4.774600756,-45.37163455,27.98362,120.61785,27.98802,120.61588,8,4565,0
2124,2361,10.00739464,69.6261513,28.0048,120.764,28.03623,120.76776,10,126,0
1316,1386,29.25605077,5.919737816,27.97332,120.71019,27.98557,120.68544,-1,0,0
672,2185,12.23473687,-47.46930744,27.96719,120.59359,27.97251,120.60263,8,4674,0
1713,2188,-51.41515632,-7.036493136,28.01567,120.62619,28.02031,120.62527,4,829,0
697,2144,41.99115837,-22.82994257,27.92414,120.70279,27.92809,120.70577,3,131,0
1515,1891,-27.75006069,26.50867711,28.01034,120.65781,28.01081,120.65992,3,65,0
1315,2021,36.54372351,-30.72703335,27.91937,120.7061,27.92043,120.68424,3,140,0
673,1294,-36.62703157,-45.20149952,28.05464,120.60495,28.06952,120.58518,-1,38,0
2023,2094,9.431960284,-41.29013742,27.97172,120.61373,27.992,120.60987,8,7,0
1718,1782,8.837294359,52.81780278,28.001831,120.717278,27.997236,120.700653,7,22,0
835,2058,33.87972003,-51.1075208,27.87789,120.68776,27.87238,120.65735,3,454,0
429,2658,-30.3831327,3.412977047,28.02382,120.65288,28.023438,120.62652,7,27,0
912,1839,48.49531245,30.06609315,27.98324,120.72334,27.97706,120.75192,10,180,0
1515,1673,-37.27284252,32.36306868,28.01034,120.65781,28.00217,120.64577,3,30,0
2142,2265,25.49080972,40.60826838,27.98684,120.71242,27.99418,120.70931,7,49,0
2370,2515,-34.38088129,-49.04759611,28.08375,120.59178,28.06853,120.60201,9,3,0
1939,2626,7.652651292,30.33366723,28.00197,120.68016,28.00254,120.695427,-1,31,0
772,2725,-35.78359101,-47.62641324,28.05187,120.61117,28.08578,120.59077,-1,6,0
82,2512,-3.390891002,45.76496639,27.99276,120.68048,27.99935,120.67604,4,52,0
994,2744,-41.15661565,26.30623635,28.01318,120.65352,28.0132,120.654,3,388,0
46,2542,-42.92474452,-33.28940813,28.04917,120.61056,28.01903,120.61189,-1,9,0
2307,2508,21.15389448,-2.809026056,27.957377,120.682574,27.96724,120.66561,5,147,0
77,341,-4.369680126,-12.36610412,28.00743,120.64853,27.98975,120.64468,-1,27,0
1764,2096,9.788791025,-45.76061063,27.96875,120.60619,27.97745,120.61375,8,1224,0
259,2065,-60.23326959,10.2536274,28.05022,120.66531,28.03893,120.65902,7,126,0
573,1700,-10.82351165,30.78343279,28.014374,120.672952,28.01007,120.66068,3,27,0
2323,2581,-36.47538115,12.19696791,28.02463,120.6447,28.020019,120.648575,-1,85,0
147,1913,-20.35138903,-26.5375034,28.01625,120.60085,28.02588,120.60418,3,316,0
1455,1500,-54.64802668,-27.05799338,28.03905,120.62757,28.05006,120.62061,7,280,0
691,2542,-30.24138318,-18.61330974,28.05782,120.58736,28.01903,120.61189,-1,17,0
2422,2498,53.90810094,-3.132428719,27.93079,120.82979,27.93632,120.80837,6,63,0
646,1443,-24.3116202,40.29550783,28.02101,120.67872,28.02212,120.67074,3,1174,0
1054,1774,-8.617782782,-13.1462647,27.99918,120.641648,27.99094,120.65242,-1,490,0
773,2508,3.936188863,16.38470992,27.989406,120.673557,27.96724,120.66561,-1,17,0
257,1112,-38.44995146,-46.85908259,28.076984,120.602335,28.05274,120.62436,-1,7,0
1204,2539,13.85228088,-38.24200477,27.94777,120.6125,27.97231,120.62724,-1,21,0
515,1885,16.94023023,-21.91733051,27.96781,120.62801,27.96887,120.61609,8,2978,0
361,2422,68.67952958,-9.999421009,27.95277,120.79908,27.93079,120.82979,-1,15,0
2472,2826,70.46786666,18.4815695,27.86229,120.80734,27.86957,120.81322,6,288,0
553,2620,-14.82881681,40.52219503,27.999,120.66,28.005401,120.667985,3,28,0
534,623,25.5630383,-20.49791999,27.93767,120.66978,27.94373,120.68649,5,44,0
952,1878,46.14891706,16.33756731,27.97169,120.76145,27.97253,120.76819,10,389,0
1039,1506,-51.06980308,19.34722241,28.02432,120.66314,28.02799,120.66168,-1,108,0
482,2761,37.51864676,28.25427759,27.97359,120.74776,27.98027,120.73911,10,21,0
1012,1737,-15.84960981,-55.23092029,28.04376,120.56894,28.03968,120.57291,9,70,0
916,1648,-38.73164066,32.44479609,28.01381,120.65692,28.01215,120.65684,3,752,0
846,1795,-60.40303788,15.6705784,28.00453,120.74869,28.05247,120.66674,7,15,0
846,1392,35.36071679,13.66384742,28.00453,120.74869,28.00462,120.76392,-1,11,0
1027,1196,-39.6133796,-54.89351929,28.08394,120.58605,28.08475,120.58984,9,423,0
384,740,-47.06087347,-5.815996231,28.01405,120.63301,28.011421,120.622423,4,158,0
912,2798,27.8746934,26.07121165,27.98324,120.72334,27.96855,120.72659,10,8,0
599,2241,36.63343316,37.245005,27.97321,120.72684,27.98751,120.72346,-1,325,0
182,1078,-25.13471499,-14.71874868,28.01939,120.61656,28.015777,120.621944,-1,28,0
2396,2614,-30.6322945,-9.174506478,28.03985,120.62173,28.01688,120.6293,-1,4,0
2847,2938,-14.31586418,-33.80498288,28.041041,120.588459,28.02158,120.59654,-1,34,0
367,446,1.199733461,-47.74995361,27.99233,120.60381,27.98581,120.61459,8,126,0
1308,2848,18.60330951,10.1698852,27.98404,120.68203,27.965369,120.686131,-1,75,0
1535,2914,-54.79813272,0.463419789,28.03768,120.63277,28.01922,120.64427,-1,6,0
1668,2930,13.04238288,43.17202055,28.014884,120.718151,28.021655,120.71483,7,61,0
1983,2570,72.48504501,8.500187739,27.88689,120.80628,27.8882,120.80334,6,439,0
341,2385,3.270151397,-16.23928503,27.98975,120.64468,27.998,120.672205,-1,0,0
284,2075,36.17945973,-10.33453797,27.92764,120.69437,27.94054,120.69195,-1,3344,0
1311,2103,7.396615099,-51.89007053,27.98966,120.57449,27.98211,120.59701,8,446,0
1094,1713,-27.25415858,-12.14548397,28.01845,120.59962,28.01567,120.62619,-1,33,0
1108,1454,47.05547368,-26.7698021,27.924685,120.69711,27.92271,120.7068,3,633,0
992,2717,-19.53314082,26.60568145,28.02084,120.66124,28.024111,120.656361,3,2,0
1078,1432,-17.16719237,-12.60092815,28.015777,120.621944,28.00892,120.62295,4,132,0
708,1061,46.69780383,-23.61477638,27.9343,120.7072,27.92415,120.70545,3,2373,0
954,1742,-16.40379502,33.53101133,28.018214,120.672196,28.010383,120.6909,-1,57,0
886,2272,40.98099163,-20.06774012,27.92484,120.70451,27.91974,120.69145,3,51,0
347,1052,25.10454659,25.57168231,27.98785,120.71681,27.97486,120.72843,-1,124,0
9,204,-2.830353632,-13.85981664,27.99378,120.6501,27.99015,120.62566,-1,15,0
867,2955,-17.601679,26.78258502,28.02368,120.66461,28.02188,120.66555,3,22,0
1460,2855,1.386958178,-21.74877509,27.985304,120.632788,27.986819,120.628986,8,21,0
960,2617,-31.88846024,7.953748571,28.021679,120.650433,28.02136,120.65561,3,5,0
181,935,21.45536766,8.31803964,27.97517,120.69185,27.97987,120.68111,-1,308,0
37,1187,6.903242703,-0.124078528,27.97486,120.66789,27.96331,120.66311,5,33,0
221,333,17.31907912,52.39580625,28.00742,120.71768,28.00769,120.71887,7,73,0
2581,2801,-33.26486084,26.04954553,28.020019,120.648575,28.01569,120.65545,3,35,0
328,1443,-20.7899473,35.34609336,28.05929,120.65781,28.02212,120.67074,-1,26,0
1620,2188,-51.93487435,-7.06755234,28.01578,120.62194,28.02031,120.62527,4,960,0
1860,2366,22.21073484,9.025699001,27.97729,120.68651,27.97973,120.67677,-1,303,0
646,2200,-37.79585089,6.256047563,28.02101,120.67872,28.03746,120.65611,-1,6,0
1723,2621,-27.78507882,46.72366697,28.01437,120.67295,28.01036,120.67777,-1,112,0
534,2021,35.81151314,-34.37801724,27.93767,120.66978,27.92043,120.68424,-1,193,0
530,1724,15.9622604,37.79894794,28.001624,120.691201,28.00258,120.70728,-1,47,0
287,2778,4.063681304,-22.60216919,27.986822,120.630326,27.99859,120.64039,-1,12,0
802,2762,-13.13255935,30.03949109,28.01624,120.67802,28.01919,120.67036,3,3,0
1331,1572,-41.80450396,-37.74366373,28.07361,120.61293,28.02693,120.60664,-1,47,0
1933,2131,4.676756032,-2.646389725,27.9843,120.66116,27.97509,120.65593,-1,27,0
446,1764,8.171292912,-45.61630181,27.98581,120.61459,27.96875,120.60619,8,100,0
2543,2758,10.9403515,6.840133215,27.978448,120.671401,27.98519,120.67735,-1,189,0
874,1310,-40.55964301,-20.44729148,28.04411,120.64767,28.0436,120.62548,7,44,0
415,2617,-45.72766811,28.10633068,28.01975,120.65219,28.02136,120.65561,3,1068,0
2373,2452,-9.415497532,9.472204048,27.99672,120.65264,28.0105,120.66068,3,4,0
925,2446,-13.08948516,39.6193372,28.00554,120.66603,27.98763,120.66308,-1,12,0
972,1794,30.30990338,-10.00880752,27.94366,120.68317,27.94302,120.67619,5,19735,0
318,1753,9.314944419,-17.16438602,27.97271,120.64743,27.96526,120.65283,5,3168,0
2269,2580,-12.19728129,11.80398024,28.0054,120.65452,28.00603,120.65454,3,24,0
423,2571,51.60032763,-7.977712902,27.962446,120.822852,27.95427,120.8335,6,18,0
797,2326,43.16911783,27.76165995,27.97373,120.74409,27.97597,120.7509,10,238,0
911,2496,72.83360045,-10.73075018,27.96141,120.73461,27.94412,120.76969,10,26,0
560,2881,13.69220582,35.98188152,28.016323,120.703784,28.00606,120.714808,7,33,0
519,638,-1.909171075,-11.29356228,27.98972,120.63892,27.99736,120.62159,8,4,0
15,1446,1.207737099,-19.11540871,27.97664,120.63227,27.98015,120.60519,8,43,0
2743,2784,-46.53886459,-28.11507808,28.049957,120.622963,28.05184,120.61542,7,146,0
1563,1655,45.48903771,-20.63852869,27.92204,120.69661,27.92826,120.70156,3,471,0
111,335,21.85821955,-17.39356162,27.95612,120.65155,27.93483,120.66784,5,579,0
1380,1782,1.72699633,28.80195023,28.00675,120.68244,27.997236,120.700653,-1,2,0
793,829,-11.28233784,-18.05643689,28.10014,120.65736,28.10838,120.66712,9,53,0
2099,2597,0.953745397,19.89145113,27.99084,120.68506,27.993358,120.671015,4,88,0
779,1285,-35.43461509,-34.55137113,28.03387,120.594038,28.04108,120.61641,-1,10,0
1215,1841,5.750251327,-48.3616361,27.98702,120.60848,27.980151,120.605199,8,1107,0
25,1308,14.7665292,10.64992681,27.976204,120.667973,27.98404,120.68203,-1,50,0
1173,1932,-20.98553863,15.11971479,28.01246,120.65751,28.01062,120.65932,3,20,0
2352,2784,-54.54365316,-30.95145665,28.048507,120.618708,28.05184,120.61542,7,396,0
164,2089,10.01992315,-16.80607194,27.95724,120.65969,27.970224,120.651685,5,718,0
842,863,56.32307857,5.740867548,27.90945,120.81881,27.91319,120.81612,6,12,0
1020,2756,25.07324903,46.16456175,28.00029,120.70357,27.98645,120.68772,-1,20,0
644,1840,-15.15172102,9.377960186,28.01278,120.65944,27.9981,120.6541,3,27,0
31,2053,-27.32246767,-5.245659931,28.02343,120.63235,28.01003,120.63016,-1,0,0
775,1869,38.7684717,-48.80015566,27.9189,120.64478,27.89644,120.63496,3,5766,0
951,966,64.05940515,-13.3115171,27.90882,120.83189,27.918388,120.823666,6,190,0
836,1169,-20.37549525,-24.16336027,28.02242,120.60801,28.01606,120.6036,3,173,0
201,1078,-22.85132053,-11.85485017,28.0203,120.625,28.015777,120.621944,4,39,0
2050,2186,25.39032146,37.35743201,27.99268,120.71424,27.99188,120.7165,7,81,0
1115,2509,-26.17450864,-12.54573338,28.01941,120.61672,28.02225,120.60442,3,0,0
653,1900,-34.52481286,-58.78882072,28.03924,120.56603,28.06605,120.58485,9,75,0
2744,2939,-20.79168871,7.780453232,28.0132,120.654,28.011397,120.653141,3,8,0
1761,2392,-0.256185382,32.74780205,27.99851,120.67952,28.00878,120.68835,-1,20,0
1727,1888,66.83331858,7.377019301,27.91218,120.83617,27.89882,120.82105,6,15,0
176,2847,-32.36420268,-38.0267216,28.02521,120.6105,28.041041,120.588459,-1,6,0
1698,2298,26.55850963,-18.0187104,27.95861,120.665556,27.92952,120.68107,5,12,0
709,1644,39.37525063,35.22258873,27.97153,120.73361,27.97549,120.72917,10,309,0
1369,1569,12.06961029,13.81771277,27.98473,120.6773,27.984146,120.678225,-1,17,0
2360,2425,17.25085668,42.9315207,27.97589,120.75072,28.001305,120.717516,-1,16,0
573,1506,-13.92921088,26.28137664,28.014374,120.672952,28.02799,120.66168,-1,67,0
746,2008,23.02523385,-15.48693769,27.94545,120.66986,27.94461,120.67066,5,861,0
1939,2366,2.212920407,30.58157645,28.00197,120.68016,27.97973,120.67677,-1,85,0
1572,1732,-29.02539783,-34.02690047,28.02693,120.60664,28.027103,120.600906,3,210,0
306,741,20.36254437,-19.29964529,27.93177,120.67802,27.95095,120.65688,5,121,0
1239,1870,-0.508512258,8.778171611,27.87124,120.64996,27.99576,120.6574,3,42,0
2535,2952,-15.03401239,28.18200191,28.01377,120.68309,28.021681,120.670423,3,3,0
911,1223,43.66661557,2.36044062,27.96141,120.73461,27.960593,120.741204,10,45,0
574,1602,32.15888978,-26.10644498,27.93368,120.71241,27.91457,120.70609,3,15,0
1123,1848,11.39874997,-18.64537367,27.96552,120.64757,27.96164,120.66747,5,25,0
878,2259,1.968820784,55.88485016,28.000355,120.697765,28.00154,120.69636,7,954,0
954,1443,-24.83843597,40.24953215,28.018214,120.672196,28.02212,120.67074,3,1067,0
1230,1958,-37.5617173,7.900321083,28.02816,120.65689,28.01842,120.65967,-1,12,0
257,2840,-34.17653623,-48.04564609,28.076984,120.602335,28.04323,120.58656,9,6,0
454,1698,8.669968497,11.90803553,27.98,120.66708,27.95861,120.665556,5,13,0
133,1360,21.66481613,2.0169794,27.9535,120.69621,27.993854,120.698744,-1,0,0
42,1259,-12.26424021,5.954595703,28.0014,120.65569,28.00517,120.6494,3,84,0
600,2215,-33.60305957,20.59683446,28.00892,120.64776,28.01028,120.64503,3,102,0
145,955,-60.91185831,8.470271256,28.044045,120.652283,28.04133,120.65311,7,228,0
682,1565,-56.23684189,-1.70508972,28.0412,120.629,28.03749,120.6251,7,86,0
1239,2298,28.09929702,-46.34749956,27.87124,120.64996,27.92952,120.68107,-1,64,0
1308,2481,14.45887281,15.57741422,27.98404,120.68203,27.97265,120.66766,-1,10,0
677,1232,-34.95548777,-20.52213968,28.040628,120.619569,28.04357,120.651564,7,31,0
529,919,-11.14373395,23.96412923,28.01174,120.68077,28.01517,120.66789,3,31,0
1428,1752,-53.63836749,-3.187308988,28.02259,120.62662,28.0312,120.63393,7,0,0
583,761,-32.9284053,2.619305272,28.023258,120.644214,28.02569,120.64175,-1,49,0
58,1948,37.58250708,21.92000742,27.97969,120.74181,27.96583,120.74971,10,31,0
631,2549,8.818271165,-54.95014974,27.98274,120.56357,27.98841,120.58255,8,904,0
740,766,-17.21352256,-14.13278684,28.011421,120.622423,28.00726,120.61292,4,147,0
936,2323,-59.61206646,4.780130227,28.02145,120.63334,28.02463,120.6447,-1,131,0
279,693,36.0766478,32.22811913,27.98465,120.73383,27.97736,120.73532,10,128,0
585,1013,6.333008041,51.94047706,28.00115,120.70215,28.00165,120.701,7,104,0
1547,2004,-35.7174988,-45.99199428,28.07752,120.5896,28.05469,120.58692,9,24,0
606,1943,-16.93908013,-2.63732448,28.004829,120.6409,28.0048,120.643,3,444,0
1726,2778,-14.11249875,-0.115292572,28.000738,120.643235,27.99859,120.64039,3,76,0
1522,1526,25.67869577,36.12117147,27.987423,120.723357,27.98884,120.71605,7,88,0
264,291,-26.4912193,23.38085466,28.01535,120.66232,28.023257,120.659016,3,23,0
1416,2767,-32.85740968,21.44849166,28.01137,120.64581,28.00293,120.64916,3,97,0
460,1445,32.82354289,50.02125155,27.996057,120.710262,27.99263,120.7145,7,92,0
109,1981,-48.16849526,-37.26588053,28.03316,120.59087,28.04382,120.61146,-1,457,0
1015,2778,-7.279067542,-4.731505543,28.02245,120.61239,27.99859,120.64039,3,6,0
955,1535,-38.81878607,-14.62315569,28.04133,120.65311,28.03768,120.63277,7,104,0
761,1484,-57.03888029,-0.104326221,28.02569,120.64175,28.024192,120.638141,7,296,0
633,2279,30.10166689,44.49890005,27.98491,120.70392,27.98388,120.70501,4,968,0
919,992,-18.03712968,22.84807565,28.01517,120.66789,28.02084,120.66124,3,43,0
1482,2456,-21.70262752,35.77934584,28.02168,120.67042,28.022125,120.670739,3,59,0
353,1510,-35.53861881,-8.442367323,28.04744,120.60876,28.023269,120.632426,7,2,0
279,943,42.77872826,38.56577783,27.98465,120.73383,27.98369,120.71502,-1,49,0
2294,2323,-42.05645959,15.27242562,28.017358,120.65303,28.02463,120.6447,-1,278,0
1308,2533,12.61979096,19.22990725,27.98404,120.68203,27.98533,120.68503,4,85,0
149,644,-41.91888413,36.91336265,28.01646,120.65935,28.01278,120.65944,3,1412,0
1787,1965,19.28366059,-34.18665131,27.90939,120.56294,27.94943,120.58007,10,54,0
1821,1911,47.89268973,29.23458562,27.98011,120.74803,27.97773,120.72673,10,128,0
599,1430,36.74396381,-0.017507625,27.97321,120.72684,27.9498,120.72544,10,268,0
1940,2515,-44.91983702,-46.27673749,28.05756,120.60725,28.06853,120.60201,-1,1297,0
599,1360,19.63204366,1.711487436,27.97321,120.72684,27.993854,120.698744,-1,5,0
1667,2319,14.28713846,-39.08926881,27.93583,120.61337,27.97631,120.60491,8,38,0
305,762,-16.40799066,-13.73610618,28.008511,120.618079,28.012025,120.618869,4,62,0
273,2012,-51.64255412,8.016549244,28.02613,120.64691,28.02392,120.644412,-1,1764,0
405,1848,12.16418335,17.07304778,27.989232,120.680662,27.96164,120.66747,-1,3,0
15,2319,1.590310594,-19.10776739,27.97664,120.63227,27.97631,120.60491,8,83,0
966,2678,62.61911193,2.52381881,27.918388,120.823666,27.911388,120.823888,6,53,0
254,1429,-24.90335329,-28.11769203,28.023933,120.596926,28.019912,120.604277,3,276,0
2294,2493,-44.47720144,26.02273514,28.017358,120.65303,28.01736,120.65303,3,140,0
1557,1983,60.71528131,11.11238192,27.90165,120.81193,27.88689,120.80628,6,109,0
1900,2004,-25.95039477,-58.85521738,28.06605,120.58485,28.05469,120.58692,9,1347,0
2241,2793,35.60963562,35.57283827,27.98751,120.72346,27.96841,120.73048,-1,321,0
291,2333,-21.33275354,30.87510903,28.023257,120.659016,28.02407,120.66508,3,20,0
1534,2113,-11.38692747,25.56150072,28.017189,120.678534,28.016667,120.67753,3,9,0
1398,2614,-29.38582382,-11.01049226,28.02438,120.60303,28.01688,120.6293,-1,0,0
635,2021,32.93424701,-40.98234548,27.91455,120.66062,27.92043,120.68424,3,29,0
770,1216,32.68708521,-26.02399342,27.921591,120.704296,27.91978,120.70622,3,31,0
431,2392,2.457064517,28.59491216,28.00412,120.6803,28.00878,120.68835,-1,7,0
841,1689,-49.61498895,8.767358577,28.0171,120.63698,28.02095,120.64389,3,2833,0
692,2169,4.153743226,58.41910765,28.00622,120.6991,28.002851,120.698951,7,360,0
824,2767,-16.5194967,-1.91993199,28.002956,120.643807,28.00293,120.64916,3,674,0
46,1273,-49.32149153,-37.86332932,28.04917,120.61056,28.02347,120.61544,-1,465,0
72,1103,6.427511844,-41.44493278,27.97367,120.59704,27.97694,120.62826,8,312,0
927,1679,23.40178121,31.95765916,27.99224,120.72085,27.99338,120.70875,7,52,0
343,803,-41.11675777,4.810766413,28.03943,120.62365,28.02715,120.65114,7,8,0
308,2575,-30.99026349,-48.96425328,28.07118,120.58698,28.02926,120.59028,9,7,0
520,2303,53.16020896,6.884256674,27.88953,120.79251,27.90821,120.80227,6,113,0
547,2720,11.55040505,11.7233794,27.98521,120.67877,27.97853,120.684,4,10,0
283,1427,45.09921799,14.22895324,27.98338,120.744,27.98011,120.74983,10,475,0
1502,2281,-0.50560251,10.02130598,27.991292,120.664871,28.00143,120.63625,-1,21,0
539,1160,-29.15886337,17.22781502,28.01516,120.65303,28.01525,120.66252,3,44,0
182,2614,-28.83313726,-10.14956579,28.01939,120.61656,28.01688,120.6293,-1,15,0
773,850,-6.706843849,43.0847014,27.989406,120.673557,27.99186,120.67498,4,4425,0
202,1958,-26.73354043,17.46765198,28.0087,120.65515,28.01842,120.65967,3,103,0
761,1736,-58.73399924,-3.497137076,28.02569,120.64175,28.029592,120.6244,7,177,0
179,298,28.81367702,-24.75355938,27.92748,120.69689,27.92054,120.70164,3,33,0
1256,2968,-30.1638047,26.34864951,28.01222,120.65195,28.02802,120.6546,-1,0,0
878,906,3.010396035,54.19364868,28.000355,120.697765,28.01211,120.69386,7,35,0
1699,2153,13.50569016,6.132406824,27.97659,120.67899,27.91643,120.68875,-1,33,0
1159,1424,-23.42508743,-28.84428675,28.02791,120.59925,28.02108,120.60101,3,898,0
682,2729,-56.52506535,-13.63308751,28.0412,120.629,28.05359,120.63947,7,114,0
1865,2663,29.57500793,33.52255187,27.97506,120.73909,27.99627,120.72691,-1,59,0
2684,2906,-0.735410133,-3.664503798,28.09082,120.54809,28.08007,120.56796,9,30,0
312,2539,3.564677519,-13.54999791,27.97483,120.67456,27.97231,120.62724,-1,3,0
228,439,-43.09121525,15.06377536,28.024509,120.644121,28.02332,120.64816,3,205,0
77,2452,-30.00426389,27.66276383,28.00743,120.64853,28.0105,120.66068,3,54,0
1428,2092,-51.85849182,-4.728564709,28.02259,120.62662,28.0195,120.63455,-1,600,0
739,1543,27.58409841,18.45419574,28.0287,120.8004,28.03307,120.79284,2,6167,0
677,1565,-34.79340742,-20.98884125,28.040628,120.619569,28.03749,120.6251,7,4,0
2150,2827,-40.91332104,-32.66039738,27.99711,120.58895,28.05657,120.60001,-1,31,0
231,497,20.1799428,32.09559905,27.995464,120.7078,27.99143,120.70763,7,13,0
408,2890,-55.60161382,-3.016961517,28.05042,120.6339,28.02424,120.6348,-1,54,0
461,2779,66.52924695,6.369378938,27.8974,120.81737,27.9069,120.82629,6,224,0
1440,2064,50.88603896,-0.489654496,27.92653,120.78661,27.889525,120.804362,6,13,0
534,2961,16.6406327,-9.921016893,27.93767,120.66978,27.94751,120.66136,5,28,0
609,2379,-44.01800599,-18.16495539,28.02096,120.62016,28.04982,120.6511,-1,5,0
135,2963,-2.508492347,-45.92077951,27.9974,120.622,27.98802,120.61588,-1,8,0
1947,2385,3.008074998,20.51853207,27.98803,120.67876,27.998,120.672205,4,14,0
14,2200,-63.03317915,11.61219025,28.02496,120.66541,28.03746,120.65611,-1,27,0
409,442,56.40173116,-5.199800951,27.95855,120.75661,27.92124,120.83163,-1,138,0
1999,2405,16.4843844,-0.605011188,27.91395,120.70028,27.96984,120.68551,-1,68,0
881,2041,61.8651984,10.45321578,27.894444,120.813527,27.896075,120.819675,6,16,0
912,1635,21.61286544,38.50432065,27.98324,120.72334,27.999841,120.721011,-1,25,0
794,1885,11.70422481,-27.21222555,27.96834,120.57402,27.96887,120.61609,8,19,0
191,312,11.87645158,1.152157148,27.96628,120.68116,27.97483,120.67456,5,20,0
936,2745,-54.66393697,-4.990335838,28.02145,120.63334,28.02921,120.62987,-1,177,0
955,2213,-58.45598961,7.294401509,28.04133,120.65311,28.0397,120.63304,7,127,0
682,924,-59.33841972,1.747926948,28.0412,120.629,28.03883,120.63972,7,92,0
814,1112,-56.4421532,-31.60028275,28.06065,120.61145,28.05274,120.62436,7,1984,0
1506,1788,-50.71664812,16.75378175,28.02799,120.66168,28.02779,120.65438,7,25,0
1956,2405,21.01734508,-5.639533244,27.96946,120.72066,27.96984,120.68551,-1,13,0
1184,1998,3.575804055,-23.49685198,27.982012,120.645724,27.987217,120.623164,-1,9,0
1293,2171,55.37035241,-6.551662961,27.93743,120.83414,27.91955,120.83809,6,146,0
871,2323,-37.24296235,12.78590964,28.02285,120.64607,28.02463,120.6447,-1,39,0
357,2840,-18.25181156,-48.56458377,28.03643,120.57447,28.04323,120.58656,9,35,0
2064,2560,62.42033709,16.79383994,27.889525,120.804362,27.86448,120.80129,6,44,0
292,2200,-54.5120799,16.32143141,28.02857,120.65898,28.03746,120.65611,7,299,0
818,2298,25.31265556,-19.05020539,27.94749,120.64401,27.92952,120.68107,5,16,0
842,1155,58.53369159,5.093905169,27.90945,120.81881,27.9164,120.82583,6,25,0
1900,2840,-36.00702385,-59.40136842,28.06605,120.58485,28.04323,120.58656,9,223,0
762,2639,-17.22784051,-14.32964068,28.012025,120.618869,28.000749,120.652321,4,99,0
1308,1386,1.173894787,42.74499285,27.98404,120.68203,27.98557,120.68544,4,3513,0
1503,2150,-36.44472853,-33.32561787,28.0363,120.5857,27.99711,120.58895,-1,56,0
226,1929,37.95531413,-45.26430519,27.918611,120.6444,27.91255,120.63921,3,145,0
442,2347,58.04310157,5.522659958,27.92124,120.83163,27.91091,120.81602,6,34,0
2146,2515,-40.51241317,-45.20591018,28.051431,120.600469,28.06853,120.60201,-1,124,0
335,1391,24.277022,-8.635808674,27.93483,120.66784,27.95467,120.69939,-1,2,0
1058,1650,-43.91479197,-3.544940819,28.04752,120.63044,28.020022,120.631375,-1,2,0
48,2424,-8.590004925,21.92240444,28.01947,120.67661,28.01008,120.67058,3,13,0
1129,2678,62.27086417,2.778961567,27.91593,120.8267,27.911388,120.823888,6,108,0
1837,1916,-1.730204165,-22.6683866,27.98603,120.63754,27.988443,120.627578,8,192,0
1009,2391,28.58320406,13.70887251,28.029342,120.785869,28.034242,120.80361,2,76,0
304,1061,37.0953329,-21.29908582,27.9225,120.70667,27.92415,120.70545,3,21,0
1446,2083,14.06304258,-40.24808971,27.98015,120.60519,27.95887,120.60962,-1,1737,0
1052,1133,39.66500506,37.01630075,27.97486,120.72843,27.97533,120.72453,10,9323,0
1572,2150,-29.65346972,-34.68969943,28.02693,120.60664,27.99711,120.58895,3,252,0
318,464,10.18881805,-20.85418509,27.97271,120.64743,27.9659,120.64111,-1,159,0
457,477,11.64522366,45.72829583,28.01851,120.70462,27.994763,120.731284,7,0,0
1456,2408,45.20459414,13.46462596,27.9905,120.76564,27.97638,120.75557,10,872,0
2211,2465,37.80042564,-48.18232242,27.90973,120.63455,27.88796,120.64935,3,559,0
1569,2366,16.09650379,12.59541427,27.984146,120.678225,27.97973,120.67677,5,542,0
1251,1257,1.301263212,-38.71180017,27.97825,120.55286,27.97868,120.57877,8,25,0
852,1388,-37.14106711,17.59738277,28.013741,120.650393,28.01822,120.64711,3,4,0
464,2083,13.29583991,-28.68374127,27.9659,120.64111,27.95887,120.60962,-1,29,0
422,488,12.46384889,51.90078208,28.00525,120.70299,28.01171,120.71924,7,63,0
702,2793,36.31435698,-1.178964636,27.94104,120.72061,27.96841,120.73048,10,22,0
552,911,39.7281068,0.256652694,27.96536,120.74141,27.96141,120.73461,10,10713,0
1112,1899,-44.32809919,-26.58381396,28.05274,120.62436,28.06248,120.60338,-1,67,0
1868,2627,29.67977213,18.15945622,28.019447,120.796853,28.01826,120.7953,2,2096,0
982,1993,65.06987917,19.48090813,27.87452,120.79789,27.8714,120.79231,6,142,0
621,1276,3.455570407,-54.85331977,27.98848,120.61075,28.00066,120.58221,8,1480,0
112,209,-18.61754246,-16.66674057,28.01472,120.61007,28.01202,120.61381,3,121,0
176,924,-58.12054813,4.467115354,28.02521,120.6105,28.03883,120.63972,-1,20,0
906,2355,-20.34463903,30.29389562,28.01211,120.69386,28.02099,120.66672,-1,21,0
1457,2162,20.93969596,53.80379635,27.99566,120.715,27.99836,120.72046,7,79,0
1506,1692,-58.53871406,5.776842258,28.02799,120.66168,28.0404,120.64565,7,39,0
780,1712,-11.36211269,29.3272141,28.01006,120.68043,28.01389,120.6779,-1,8,0
467,970,-11.79533436,34.24791608,28.012398,120.68848,28.014998,120.674961,-1,81,0
154,2539,9.617387585,-30.90133248,27.9473,120.56566,27.97231,120.62724,-1,22,0
181,1067,21.17558773,6.928070418,27.97517,120.69185,27.974212,120.684207,-1,196,0
1845,2556,21.75114081,35.47143002,27.99406,120.72557,28.00322,120.7122,7,15,0
1099,1763,53.81214464,1.769885194,27.92578,120.79581,27.92159,120.82161,6,33,0
673,1506,-40.00543661,-11.08386339,28.05464,120.60495,28.02799,120.66168,7,0,0
1098,2840,-33.81771463,-31.0434672,28.0475,120.62333,28.04323,120.58656,-1,2,0
1321,2392,0.185360898,53.33098198,27.99863,120.68954,28.00878,120.68835,-1,21,0
1053,1445,30.3978495,49.93763228,27.99068,120.7167,27.99263,120.7145,7,2941,0
339,2650,-21.32754452,36.56020492,28.022694,120.675534,28.024386,120.675309,3,43,0
475,1837,4.073297966,-41.47280274,27.98226,120.62389,27.98603,120.63754,8,1574,0
911,1996,39.86398448,33.0309964,27.96141,120.73461,27.96722,120.73585,10,229,0
73,1510,-32.39584637,-7.368740321,28.01003,120.63314,28.023269,120.632426,-1,12,0
1238,1416,-34.23192766,30.99710675,28.00439,120.65275,28.01137,120.64581,3,21,0
561,2890,-50.52481351,3.84014854,28.02374,120.641626,28.02424,120.6348,3,304,0
46,1737,-41.83973093,-30.69655757,28.04917,120.61056,28.03968,120.57291,-1,0,0
1582,2593,23.42064062,-4.362499181,27.96936,120.67444,27.96314,120.66947,5,1419,0
2451,2663,29.52688906,33.76096627,28.01596,120.72171,27.99627,120.72691,7,18,0
976,2200,-41.88298881,-14.37016257,28.044851,120.648285,28.03746,120.65611,7,12,0
288,1037,40.01357682,-24.11249023,27.92329,120.7048,27.9231,120.70471,3,118,0
1007,2901,24.86932325,0.071983264,27.96558,120.68672,27.97339,120.7071,-1,304,0
112,2926,-37.57059382,-25.1694746,28.01472,120.61007,28.04361,120.61806,-1,11,0
547,858,14.47685118,14.89953106,27.98521,120.67877,27.985,120.676,4,180,0
1638,2236,-7.976454344,44.37092205,27.99258,120.67111,27.9946,120.674,4,1516,0
972,1999,30.7600324,-11.74820859,27.94366,120.68317,27.91395,120.70028,-1,320,0
675,2298,34.05889401,-38.10667902,27.91318,120.6689,27.92952,120.68107,-1,155,0
2433,2622,-18.3289686,27.22393681,28.02202,120.66394,28.0547,120.64565,-1,8,0
2509,2669,-26.94089446,-30.5761705,28.02225,120.60442,28.02459,120.60332,3,803,0
2009,2208,-50.93138503,-15.55289061,28.04976,120.647462,28.047396,120.656783,7,34,0
487,2099,-1.912071359,44.38125021,27.98776,120.67428,27.99084,120.68506,4,1683,0
675,1570,31.34505832,-36.47276548,27.91318,120.6689,27.91065,120.6401,3,0,0
556,2344,-6.079556748,-12.23431915,27.99014,120.62903,28.000843,120.64058,-1,22,0
229,1260,53.87524012,0.288316816,27.93122,120.80706,27.91444,120.83278,6,14,0
142,2827,-44.07269486,-46.50415961,28.07201,120.60483,28.05657,120.60001,-1,333,0
923,1285,-38.74992676,-23.82779559,28.06101,120.62576,28.04108,120.61641,7,159,0
647,872,0.150529004,-14.83546353,27.9749,120.63133,27.98477,120.64882,-1,57,0
194,1991,0.365167361,24.24422806,28.0005,120.67726,28.00104,120.67237,-1,27,0
956,2446,5.998178723,4.596949529,27.97159,120.65547,27.98763,120.66308,-1,298,0
1316,1950,30.20480547,6.969097833,27.97332,120.71019,27.99139,120.71952,-1,0,0
388,422,15.39337313,39.71616898,28.002723,120.710296,28.00525,120.70299,7,48,0
88,2433,-26.83908277,35.89776641,28.02363,120.66334,28.02202,120.66394,3,1953,0
1136,1964,-67.12613925,15.66106252,28.04624,120.66456,28.05262,120.666572,7,336,0
874,2304,-51.22206528,-17.88619291,28.04411,120.64767,28.04617,120.63678,7,48,0
2703,2848,-1.593197304,-12.38505698,27.99103,120.63464,27.965369,120.686131,-1,0,0
378,2644,30.62670992,16.18783088,27.96458,120.79525,28.019199,120.784475,2,53,0
492,2125,15.81062032,39.4240756,27.99261,120.71419,28.005059,120.711717,7,6,0
2197,2352,-47.7899191,-26.73000998,28.04449,120.62163,28.048507,120.618708,7,21,0
392,1660,1.166063376,-2.293438075,27.90266,120.80723,27.91134,120.80988,6,51,0
447,1522,26.26745186,36.29379783,27.99055,120.7118,27.987423,120.723357,7,191,0
152,2254,64.42207293,1.020764639,27.91139,120.82389,27.923401,120.816621,6,247,0
25,2539,27.86939071,-14.12961402,27.976204,120.667973,27.97231,120.62724,-1,0,0
176,2156,-21.53426387,-35.36464595,28.02521,120.6105,28.02454,120.591434,3,17,0
1306,2539,6.706397071,-32.86118446,27.99383,120.62833,27.97231,120.62724,8,33,0
2149,2519,2.997282826,48.52518793,27.98472,120.69611,27.99715,120.70087,-1,425,0
2040,2309,64.11257103,-7.466808047,27.92457,120.81572,27.92657,120.81725,6,243,0
849,1687,-20.46102262,6.985980551,28.01215,120.65165,28.0134,120.65344,3,46,0
935,989,3.304879211,9.204319914,27.97987,120.68111,27.987092,120.667981,4,5,0
1082,2894,-17.79700993,8.157876282,28.016688,120.655528,28.01941,120.67004,3,12,0
73,1987,-18.32061814,-8.226190669,28.01003,120.63314,28.007234,120.633055,3,163,0
703,1684,1.444089588,-47.42488711,27.99417,120.59982,27.98796,120.61592,8,112,0
2223,2625,62.08429738,9.269597351,27.922663,120.824735,27.89938,120.82864,6,77,0
2208,2213,-40.70938685,-18.20297099,28.047396,120.656783,28.0397,120.63304,7,73,0
688,1742,4.025683973,32.04594472,28.008405,120.68283,28.010383,120.6909,-1,136,0
332,1579,8.297904322,31.84799966,28.00341,120.68731,28.00642,120.69411,-1,8,0
1020,1904,9.51486285,34.88009493,28.00029,120.70357,28.01361,120.68305,7,0,0
1285,2197,-54.11771138,-31.35194167,28.04108,120.61641,28.04449,120.62163,7,4622,0
27,1068,11.85851017,44.66804445,28.00949,120.71444,28.04759,120.69334,7,6,0
1912,2197,-39.82797106,-22.46770349,28.05972,120.64548,28.04449,120.62163,7,56,0
803,1608,-63.02225112,11.96930553,28.02715,120.65114,28.0453,120.65749,7,136,0
865,1198,-22.41138988,-40.0682547,28.0464,120.604,28.0332,120.591,-1,12,0
727,1047,0.028559202,58.24280348,28.00933,120.69355,28.00475,120.69418,7,216,0
127,1061,30.94486804,-24.77315385,27.9207,120.68866,27.92415,120.70545,3,22,0
1956,2398,30.63885597,-34.21979444,27.96946,120.72066,27.923249,120.687804,-1,2,0
439,1736,-32.53375685,4.683400788,28.02332,120.64816,28.029592,120.6244,-1,2,0
973,2298,31.23328143,-20.06530353,27.93169,120.70193,27.92952,120.68107,-1,11,0
1693,2490,30.78520432,-52.6505472,27.85534,120.66953,27.88534,120.6674,3,323,0
1578,2853,11.50968711,-50.42559252,27.97058,120.5853,27.97599,120.59211,8,4181,0
1446,1876,19.51571343,-44.43244365,27.98015,120.60519,27.954186,120.587915,-1,560,0
2196,2433,-21.67470019,31.49271588,28.0176,120.6671,28.02202,120.66394,3,183,0
1992,2263,-34.16219468,33.67449516,28.00371,120.66093,28.00726,120.65848,3,217,0
1687,2294,-42.64813474,27.43487501,28.0134,120.65344,28.017358,120.65303,3,101,0
1833,1992,-14.24698513,40.56563743,28.004724,120.662825,28.00371,120.66093,3,11,0
748,1284,35.09153332,-17.45072683,27.9266,120.711,27.94439,120.71319,-1,16,0
1262,2446,5.280168252,5.671578835,27.98453,120.66027,27.98763,120.66308,4,6993,0
1308,1994,5.507977958,20.4725538,27.98404,120.68203,27.992378,120.669665,4,109,0
1651,2864,44.51552512,20.16136029,27.97707,120.74717,27.9665,120.76112,10,214,0
1306,2330,9.11567534,-32.79208358,27.99383,120.62833,27.9967,120.60336,8,5,0
1347,2894,-17.60425997,7.560592197,28.01058,120.65406,28.01941,120.67004,3,72,0
1321,2540,2.804287323,46.64869209,27.99863,120.68954,27.991878,120.694119,4,44,0
1599,2718,14.97296203,-31.21321865,27.955208,120.625696,27.94477,120.59481,-1,42,0
1263,2651,-19.14687777,34.07855021,28.02077,120.6738,28.0228,120.67335,3,66,0
2660,2891,35.01712307,10.5813635,27.9602,120.81638,27.99425,120.83053,-1,18,0
1311,2096,6.921093615,-37.00548302,27.98966,120.57449,27.97745,120.61375,8,29,0
2258,2452,-16.98321457,17.73725955,28.01658,120.65764,28.0105,120.66068,3,11,0
2007,2173,36.60553151,14.46811704,27.99715,120.77526,28.01765,120.74361,-1,82,0
419,442,60.92947742,-12.67680079,27.92169,120.82665,27.92124,120.83163,6,123,0
1600,1655,33.29416347,-23.947383,27.92162,120.70502,27.92826,120.70156,3,36,0
1643,2791,3.504066436,-29.09709631,27.98054,120.61279,27.99739,120.58551,8,21,0
638,1819,-0.104945884,-43.35558275,27.99736,120.62159,27.996696,120.603355,8,196,0
1129,1557,61.96196332,2.739149439,27.91593,120.8267,27.90165,120.81193,6,88,0
1082,2349,-19.96238699,18.87227895,28.016688,120.655528,28.01461,120.65761,3,21,0
482,2873,27.76531176,33.72236201,27.97359,120.74776,28.000323,120.727524,-1,10,0
1276,2549,5.814469708,-54.17979024,28.00066,120.58221,27.98841,120.58255,8,537,0
668,1428,-44.51542904,-4.881376803,28.0105,120.60976,28.02259,120.62662,-1,31,0
669,1078,-22.49077412,-6.023457516,28.01255,120.63174,28.015777,120.621944,4,28,0
1624,1885,10.28903767,-43.5259844,27.971715,120.608414,27.96887,120.61609,8,958,0
1198,2067,-19.28944874,-40.8342698,28.0332,120.591,28.028224,120.587166,9,29,0
17,1860,15.11042274,6.593015104,27.97886,120.67718,27.97729,120.68651,-1,46,0
227,2213,-56.59324285,-21.49523961,28.05333,120.63083,28.0397,120.63304,7,266,0
502,1194,5.671409364,-9.411580295,27.975415,120.651576,27.9573,120.67705,5,11,0
91,482,42.69328149,29.9483026,27.97831,120.74149,27.97359,120.74776,10,158,0
198,1855,1.661135955,20.8761202,27.99428,120.679324,27.98606,120.67631,4,0,0
1460,1797,3.100141903,-25.55965327,27.985304,120.632788,27.98643,120.62096,8,0,0
563,1736,-39.74863223,-14.19123849,28.03956,120.65442,28.029592,120.6244,7,5,0
111,1698,16.52707857,-15.58487268,27.95612,120.65155,27.95861,120.665556,5,169,0
430,1386,9.974945775,37.76159649,28.00437,120.69558,27.98557,120.68544,-1,2,0
1676,2080,-9.503777101,41.74954305,27.99435,120.67119,27.994449,120.671107,4,249,0
291,646,-20.59119975,36.49591397,28.023257,120.659016,28.02101,120.67872,3,7,0
306,1563,31.44109649,-18.79220177,27.93177,120.67802,27.92204,120.69661,-1,57,0
539,2658,-29.32808649,6.231301258,28.01516,120.65303,28.023438,120.62652,-1,11,0
874,2745,-38.85211409,-10.29868024,28.04411,120.64767,28.02921,120.62987,7,15,0
79,811,41.65910666,-17.32557864,27.921889,120.696181,27.92878,120.69672,3,693,0
297,819,63.20406489,-2.358718683,27.92911,120.80675,27.91736,120.79806,6,31,0
1930,2512,0.550607649,24.012346,27.99704,120.68015,27.99935,120.67604,4,61,0
801,2181,30.82721106,-45.61293983,27.87582,120.66951,27.895193,120.668359,3,60,0
449,2405,28.06183775,-23.5300896,27.93173,120.70133,27.96984,120.68551,-1,3,0
627,1912,-51.70266925,-16.79800883,28.0494,120.66193,28.05972,120.64548,7,23,0
869,966,50.8583336,4.365214234,27.94864,120.77547,27.918388,120.823666,-1,30,0
1394,2903,8.717213178,18.20007796,27.99572,120.672658,27.98648,120.68189,4,15,0
1457,2959,19.43522302,37.25403661,27.99566,120.715,27.996193,120.708797,7,108,0
1076,2958,32.0432173,12.70688327,28.03881,120.82892,28.01508,120.78821,2,56,0
2233,2449,68.918814,14.92445164,27.86543,120.81525,27.8763,120.82073,6,119,0
477,2479,35.93409775,0.176427767,27.994763,120.731284,27.95756,120.72822,-1,4,0
1719,2828,-6.457936225,27.8032865,28.01159,120.67568,28.01051,120.67617,-1,93,0
2185,2260,6.091152544,-36.16882447,27.97251,120.60263,27.97853,120.62639,8,131,0
595,1606,-27.30591577,44.97220508,28.01681,120.67808,28.01492,120.67488,3,2676,0
82,2061,-1.788314432,38.88051664,27.99276,120.68048,27.98839,120.68338,4,31,0
2757,2913,52.35162498,-6.778083575,27.95417,120.82421,27.92081,120.81459,6,80,0
331,860,-38.10173055,-9.799639383,28.03958,120.62042,28.03044,120.64309,7,5,0
358,1430,38.47893762,-0.472328936,27.96854,120.74135,27.9498,120.72544,10,400,0
1385,1528,-43.01666628,-0.887301491,28.05153,120.62762,28.01484,120.64575,-1,2,0
1840,2428,-0.038425109,2.285762686,27.9981,120.6541,27.98819,120.6531,-1,1219,0
609,872,-39.71743285,-6.197663954,28.02096,120.62016,27.98477,120.64882,-1,0,0
1481,1698,10.33482721,-33.60600562,27.96111,120.6227,27.95861,120.665556,-1,2,0
1053,1679,30.06370626,49.76229621,27.99068,120.7167,27.99338,120.70875,7,3051,0
2120,2767,-33.23590226,33.37811274,28.00312,120.65388,28.00293,120.64916,3,7633,0
1804,2790,-15.84858097,-17.39202852,28.00502,120.61628,27.99273,120.60679,-1,211,0
915,1628,-20.43101444,46.45258029,28.024778,120.671965,28.01497,120.68572,-1,8,0
1638,2385,-7.629876922,43.90638312,27.99258,120.67111,27.998,120.672205,4,85,0
181,1805,17.44510047,2.261163517,27.97517,120.69185,27.970239,120.685696,-1,6,0
86,1241,-26.58733101,11.60257579,28.01563,120.65181,28.01972,120.656976,3,2,0
502,1262,5.329205642,2.648371951,27.975415,120.651576,27.98453,120.66027,-1,176,0
234,1503,-11.78894267,-23.47029879,28.01828,120.62547,28.0363,120.5857,-1,24,0
2003,2424,-5.28521849,26.76157866,28.00191,120.67862,28.01008,120.67058,-1,41,0
47,2124,44.93072348,13.18570573,27.97433,120.75967,28.0048,120.764,10,664,0
2033,2303,65.20456797,-3.331306427,27.9196,120.81824,27.90821,120.80227,6,71,0
273,1949,-59.06828055,0.057225343,28.02613,120.64691,28.02608,120.646,7,274,0
978,1920,4.865585001,-1.828789048,27.975277,120.668055,27.97507,120.66847,5,9,0
916,2421,-20.85698193,16.45829241,28.01381,120.65692,28.014321,120.650131,3,16,0
178,761,-32.91096424,12.28496095,28.01444,120.65108,28.02569,120.64175,-1,93,0
623,1386,19.79883503,1.427754415,27.94373,120.68649,27.98557,120.68544,-1,4,0
550,1448,17.80367863,42.39020514,28.0076,120.72365,27.99567,120.715,7,5,0
652,2775,75.03653217,8.992980416,27.88623,120.80236,27.88321,120.80518,6,2647,0
803,991,-53.07851622,16.95974418,28.02715,120.65114,28.02726,120.65732,7,173,0
79,1408,34.37539662,-22.8927858,27.921889,120.696181,27.92298,120.7071,3,63,0
155,1019,66.05535307,7.015720324,27.90066,120.82456,27.89391,120.81686,6,113,0
174,761,-55.42864792,0.944784586,28.04894,120.64323,28.02569,120.64175,7,61,0
1439,1679,25.89074075,46.85549381,28.005515,120.719495,27.99338,120.70875,7,114,0
1335,2338,60.96723389,1.587423421,27.92006,120.82563,27.91182,120.82248,6,189,0
441,1157,-33.62935023,-52.81775776,28.102055,120.549944,28.10471,120.55387,9,121,0
15,1453,-2.697467514,-11.66278192,27.97664,120.63227,27.99832,120.6366,-1,17,0
1578,1995,9.251939513,-52.67990593,27.97058,120.5853,27.98625,120.5825,8,463,0
1262,2481,10.19071423,2.561008262,27.98453,120.66027,27.97265,120.66766,-1,760,0
1092,2793,19.12643096,-8.098690631,27.96187,120.66042,27.96841,120.73048,-1,56,0
312,1855,11.26836717,14.00913406,27.97483,120.67456,27.98606,120.67631,-1,122,0
437,893,-2.47943329,13.58985915,27.98847,120.666286,28.00209,120.66254,-1,0,0
1628,2456,-23.26259822,37.51424855,28.01497,120.68572,28.022125,120.670739,-1,34,0
2274,2779,70.42818286,13.50596884,27.87983,120.81482,27.9069,120.82629,6,43,0
1166,2185,14.90503026,-44.20618621,27.95794,120.60138,27.97251,120.60263,-1,373,0
467,2632,9.62335026,44.50098607,28.012398,120.68848,28.0072,120.71529,7,2,0
599,2405,25.95449733,-3.690751723,27.97321,120.72684,27.96984,120.68551,-1,22,0
19,341,2.251239101,-15.78333424,27.98443,120.66958,27.98975,120.64468,-1,44,0
1498,1543,26.94598037,18.96592023,28.02468,120.77976,28.03307,120.79284,2,628,0
211,1424,-12.50786742,-33.5512743,28.01211,120.58988,28.02108,120.60101,-1,23,0
913,916,-28.84742669,26.70947281,28.01042,120.65885,28.01381,120.65692,3,8,0
89,1535,-38.46125716,-11.0674322,28.0164,120.65703,28.03768,120.63277,-1,2,0
672,1311,7.886647836,-53.08566615,27.96719,120.59359,27.98966,120.57449,8,122,0
1460,2319,5.332279223,-20.85716882,27.985304,120.632788,27.97631,120.60491,8,11,0
2137,2729,-60.80277927,-16.18047154,28.04852,120.65349,28.05359,120.63947,7,465,0
1944,2228,17.78158083,-33.54733865,27.97112,120.57378,27.94986,120.5872,-1,75,0
1244,2628,-7.682895006,27.11732597,28.00503,120.67134,28.01511,120.67465,3,61,0
213,415,-30.3675872,8.731760955,28.01009,120.63564,28.01975,120.65219,3,54,0
364,2177,-9.478839693,-37.42699492,28.01704,120.5833,28.024786,120.575538,9,58,0
1178,2756,1.028998402,48.21837791,27.99689,120.69531,27.98645,120.68772,4,47,0
1169,2168,-22.48045339,-25.22804159,28.01606,120.6036,28.02265,120.60445,3,891,0
850,1262,2.372862832,14.9162084,27.99186,120.67498,27.98453,120.66027,4,3,0
341,2567,-4.345400998,-18.32733695,27.98975,120.64468,27.992138,120.656444,-1,152,0
534,2405,19.98736347,-7.556651178,27.93767,120.66978,27.96984,120.68551,5,0,0
357,1512,-15.48347342,-52.08427097,28.03643,120.57447,28.04225,120.58748,9,19,0
1025,1290,1.378447245,55.13934427,27.992,120.69598,28.003203,120.691994,-1,169,0
420,1556,11.45187182,44.81774232,28.019477,120.715049,28.02193,120.71323,7,17,0
2318,2656,-43.47723931,14.66192771,28.0217,120.647,28.024797,120.649708,-1,88,0
42,1255,-14.65857408,43.06949381,28.0014,120.65569,27.9997,120.67055,3,109,0
111,752,19.29875136,-17.11885273,27.95612,120.65155,27.9454,120.65697,5,3200,0
677,745,-35.18258062,-20.73749184,28.040628,120.619569,28.04541,120.65027,7,54,0
720,2516,45.41104736,32.49218174,27.97976,120.74186,27.97841,120.73883,10,5424,0
1,1430,41.22529061,4.848665116,27.97014,120.75603,27.9498,120.72544,10,6,0
176,1429,-23.45031286,-21.95495195,28.02521,120.6105,28.019912,120.604277,3,36,0
237,813,-14.13601546,-37.48987117,28.023421,120.592786,28.01833,120.607999,3,18,0
2672,2930,9.14093825,45.2062267,28.02026,120.69523,28.021655,120.71483,7,4,0
627,2507,-65.16404123,13.07124576,28.0494,120.66193,28.02519,120.66642,-1,203,0
26,2380,29.14509137,-41.08606785,27.91714,120.66023,27.87032,120.66347,3,55,0
502,2778,-0.258575251,-9.743631333,27.975415,120.651576,27.99859,120.64039,-1,65,0
741,959,-10.24257024,8.375055778,27.95095,120.65688,28.009115,120.657413,-1,15,0
2,1943,-9.661830863,-3.493142702,28.00506,120.63866,28.0048,120.643,3,51,0
745,1506,-60.48042404,2.944184704,28.04541,120.65027,28.02799,120.66168,7,58,0
905,1287,63.10951356,14.22888925,27.86954,120.80506,27.8766,120.82074,6,48,0
860,1535,-39.35990387,1.716564776,28.03044,120.64309,28.03768,120.63277,7,0,0
1722,2832,73.84794568,10.56540993,27.87744,120.7991,27.8881,120.80006,6,658,0
475,2778,3.835562788,-22.81585531,27.98226,120.62389,27.99859,120.64039,-1,21,0
1260,2496,48.39577898,2.875972317,27.91444,120.83278,27.94412,120.76969,-1,26,0
389,766,-19.85569892,-13.90817977,28.01058,120.62116,28.00726,120.61292,4,1294,0
1935,2341,8.747621452,22.35790256,27.97505,120.67499,27.98923,120.68066,-1,8,0
1706,2447,30.41676367,-42.94401726,27.9208,120.70586,27.907332,120.673448,3,0,0
1989,2062,54.29790828,-0.719516528,27.93336,120.81773,27.92961,120.81073,6,19,0
2219,2465,37.01327901,-50.3667093,27.88424,120.6382,27.88796,120.64935,3,6114,0
1293,2051,58.48700771,-9.502009525,27.93743,120.83414,27.91544,120.83871,6,514,0
1922,2560,72.34623353,21.18706247,27.85558,120.80096,27.86448,120.80129,6,2071,0
1133,2241,35.89709917,36.94986281,27.97533,120.72453,27.98751,120.72346,-1,415,0
804,2043,-39.56056742,21.54031836,28.012923,120.642857,28.01244,120.64342,3,266,0
522,2445,3.748094806,-48.99752702,27.95536,120.60011,27.992515,120.595201,-1,72,0
803,1145,-47.93409664,15.05578624,28.02715,120.65114,28.024208,120.653538,7,1769,0
1606,2621,-25.76480288,45.96775687,28.01492,120.67488,28.01036,120.67777,-1,82,0
864,2807,-13.01800873,-59.34924258,28.03948,120.56891,28.04065,120.56778,9,335,0
2274,2625,73.24303349,14.10443238,27.87983,120.81482,27.89938,120.82864,6,70,0
394,2087,-17.93287496,-38.9692402,28.029211,120.593311,28.02363,120.66164,3,305,0
1134,2281,-7.434116907,-13.60408329,27.99644,120.63354,28.00143,120.63625,-1,132,0
1347,1605,-22.08928865,1.568068159,28.01058,120.65406,28.01353,120.6398,3,41,0
1020,1973,17.16764118,37.70976578,28.00029,120.70357,27.99978,120.70721,7,89,0
135,1637,-19.45585332,-13.53788201,27.9974,120.622,28.007347,120.618907,4,178,0
1576,1914,11.35925692,-37.76872229,27.970529,120.613192,27.968664,120.609359,8,120,0
1006,1749,7.802519392,-56.41674056,27.99467,120.56692,27.97581,120.57281,8,5,0
972,2159,39.30107043,-13.24257291,27.94366,120.68317,27.9283,120.69546,-1,458,0
482,693,34.9403689,28.99260679,27.97359,120.74776,27.97736,120.73532,10,114,0
2729,2921,-59.53213841,-18.74256411,28.05359,120.63947,28.04626,120.62812,7,467,0
1982,2279,30.60081252,45.36472429,27.98851,120.70899,27.98388,120.70501,-1,106,0
152,2678,64.25816179,2.482420118,27.91139,120.82389,27.911388,120.823888,6,1148,0
975,2236,-14.28625444,52.55996708,28.00397,120.67029,27.9946,120.674,-1,59,0
270,2672,-13.33417057,33.54977635,28.01764,120.68649,28.02026,120.69523,7,71,0
666,2517,-38.08104629,-57.96940903,28.07352,120.58467,28.08227,120.59052,9,1455,0
1605,2899,-34.68157197,5.937778573,28.01353,120.6398,28.02802,120.65472,-1,18,0
2263,2939,-35.29421502,31.18342762,28.00726,120.65848,28.011397,120.653141,3,333,0
461,2051,63.59956589,11.2305082,27.8974,120.81737,27.91544,120.83871,6,108,0
1717,1995,-1.233594453,-36.05770133,27.99375,120.61713,27.98625,120.5825,8,45,0
943,2154,39.33668599,21.6265933,27.98369,120.71502,27.96748,120.75293,-1,81,0
285,951,58.10470551,4.875360484,27.90175,120.80936,27.90882,120.83189,6,0,0
2033,2625,53.91817646,0.730657659,27.9196,120.81824,27.89938,120.82864,6,9,0
1285,2840,-48.75548274,-33.37337105,28.04108,120.61641,28.04323,120.58656,-1,42,0
560,2632,12.88712956,56.76275727,28.016323,120.703784,28.0072,120.71529,7,305,0
1254,1308,21.35681898,9.516453191,27.97964,120.68734,27.98404,120.68203,4,148,0
343,668,-50.03972755,-24.67249178,28.03943,120.62365,28.0105,120.60976,-1,0,0
874,1596,-52.90887493,13.86666819,28.04411,120.64767,28.027266,120.655901,7,55,0
1943,1969,-14.01109284,-3.009046401,28.0048,120.643,28.00303,120.63895,3,39,0
1103,1667,6.472073609,-41.69409801,27.97694,120.62826,27.93583,120.61337,8,211,0
1017,1105,-13.16936009,10.13006301,28.00901,120.65414,28.00791,120.64843,3,15,0
213,2281,-22.8191825,-3.274859384,28.01009,120.63564,28.00143,120.63625,3,37,0
797,2496,46.60313796,3.348041621,27.97373,120.74409,27.94412,120.76969,10,0,0
143,2650,-65.65746238,12.51580581,28.04546,120.65895,28.024386,120.675309,-1,31,0
188,1410,-3.044825954,-21.11047801,27.97988,120.63103,27.98002,120.63239,8,3294,0
539,1082,-43.37271099,29.74594202,28.01516,120.65303,28.016688,120.655528,3,4887,0
763,2937,41.46003738,31.48579468,27.97775,120.74248,27.97398,120.7324,10,365,0
779,1737,-15.45329088,-49.51356326,28.03387,120.594038,28.03968,120.57291,9,13,0
1938,2379,-32.10437853,13.59192108,28.01832,120.65141,28.04982,120.6511,-1,18,0
1099,1727,61.24031209,-3.003688082,27.92578,120.79581,27.91218,120.83617,6,10,0
300,552,44.30757432,19.08882098,27.9685,120.75992,27.96536,120.74141,10,254,0
752,2176,13.77655999,-11.66977858,27.9454,120.65697,27.95843,120.65338,5,108,0
2127,2655,2.532619763,15.7209926,27.98869,120.6726,27.986872,120.673376,4,47,0
1136,2433,-19.26794336,30.92802874,28.04624,120.66456,28.02202,120.66394,-1,20,0
337,2670,0.231844934,31.30210787,28.00383,120.68205,28.004123,120.680295,4,5,0
1385,1500,-58.42981222,-22.13871608,28.05153,120.62762,28.05006,120.62061,7,1573,0
1528,2344,-26.21134554,6.246493717,28.01484,120.64575,28.000843,120.64058,3,2,0
803,2318,-46.05835345,16.50882461,28.02715,120.65114,28.0217,120.647,-1,211,0
4,2023,9.575739352,-38.96293714,27.98663,120.61963,27.97172,120.61373,8,22,0
2539,2593,12.16183761,-24.32471792,27.97231,120.62724,27.96314,120.66947,-1,26,0
1284,2564,38.3453649,-2.770982488,27.94439,120.71319,27.96169,120.70433,10,1465,0
217,394,-18.00786582,-38.14413309,28.01578,120.59444,28.029211,120.593311,3,2,0
382,1628,-19.75036758,26.31147016,28.01967,120.6623,28.01497,120.68572,-1,11,0
515,911,43.47277647,0.58141669,27.96781,120.62801,27.96141,120.73461,-1,14,0
1503,2847,-24.49728428,-54.33043517,28.0363,120.5857,28.041041,120.588459,9,4549,0
1232,2137,-67.99698187,6.258323423,28.04357,120.651564,28.04852,120.65349,7,2341,0
1129,1625,60.15338029,-5.331176299,27.91593,120.8267,27.91671,120.81301,6,99,0
656,1995,19.45276942,-42.93488963,27.96161,120.59217,27.98625,120.5825,-1,14,0
1304,1684,2.825103412,-31.00804596,27.989339,120.608294,27.98796,120.61592,8,8,0
1215,2185,5.237752386,-48.69732077,27.98702,120.60848,27.97251,120.60263,8,344,0
380,2123,36.66784418,-36.78368926,27.92086,120.68299,27.92383,120.67387,3,56,0
152,1660,63.09063834,1.826444396,27.91139,120.82389,27.91134,120.80988,6,344,0
609,1351,-53.78864866,2.11345721,28.02096,120.62016,28.04387,120.63355,-1,116,0
715,983,7.354188402,-12.89543221,27.970689,120.65028,27.97699,120.64991,5,197,0
202,1588,-30.03680854,31.02675717,28.0087,120.65515,28.00248,120.65588,3,111,0
314,2119,37.94477029,27.42747468,27.97965,120.74458,27.97513,120.74591,10,25,0
390,1005,-12.6226723,11.35569639,28.00489,120.65665,28.00628,120.65332,3,6,0
994,2122,-40.53553213,28.94500817,28.01318,120.65352,28.01469,120.65426,3,163,0
284,2069,32.12900417,-22.91824174,27.92764,120.69437,27.92095,120.70407,3,69,0
1015,1398,-27.76116421,-28.83155221,28.02245,120.61239,28.02438,120.60303,3,4581,0
1605,2092,-48.67655907,2.601314089,28.01353,120.6398,28.0195,120.63455,3,895,0
347,797,33.34750835,26.87271432,27.98785,120.71681,27.97373,120.74409,-1,36,0
2040,2422,54.37310697,-3.0288571,27.92457,120.81572,27.93079,120.82979,6,0,0
1717,2550,0.813491507,-26.99296218,27.99375,120.61713,27.98622,120.61752,8,212,0
477,1365,39.72391798,43.02491297,27.994763,120.731284,27.982061,120.727042,7,585,0
852,1416,-39.22050114,26.32901011,28.013741,120.650393,28.01137,120.64581,3,223,0
2010,2915,5.787654775,22.74306174,27.99742,120.68104,27.98732,120.68157,4,65,0
11,1769,22.87920077,44.30947351,27.99544,120.72251,27.998722,120.707177,7,243,0
138,457,10.36479343,64.62921116,28.04427,120.69476,28.01851,120.70462,7,25,0
868,1606,-7.045994857,28.17919264,28.01279,120.66871,28.01492,120.67488,3,28,0
697,708,44.92869675,-21.95307029,27.92414,120.70279,27.9343,120.7072,3,272,0
1535,1927,-59.72979816,-8.988238352,28.03768,120.63277,28.04626,120.62785,7,129,0
866,2342,47.40098944,24.20725948,27.97155,120.73972,27.96902,120.74658,10,24171,0
601,2347,61.62196398,3.783750413,27.91157,120.83255,27.91091,120.81602,6,18,0
1322,2672,8.114391036,62.72043873,28.00798,120.69032,28.02026,120.69523,7,65,0
328,1435,-43.83302649,-19.34722317,28.05929,120.65781,28.046174,120.636789,7,48,0
292,2792,-26.1405177,40.19866608,28.02857,120.65898,28.02302,120.66759,-1,520,0
307,1256,-23.677735,16.94784679,28.01573,120.65876,28.01222,120.65195,3,109,0
621,1995,1.836428737,-41.78663554,27.98848,120.61075,27.98625,120.5825,8,224,0
1053,2476,22.66994009,46.19985623,27.99068,120.7167,27.99996,120.71136,7,16,0
1764,2103,15.38075542,-44.85428176,27.96875,120.60619,27.98211,120.59701,8,892,0
231,2662,28.06664304,46.54183313,27.995464,120.7078,27.9944,120.7017,-1,25,0
1496,1683,23.03300772,3.39270759,27.97767,120.70127,27.95708,120.67304,-1,7,0
1419,1528,-45.36873731,-1.20003508,28.01125,120.62553,28.01484,120.64575,-1,12,0
464,1576,12.76097623,-25.15607881,27.9659,120.64111,27.970529,120.613192,8,51,0
224,264,-37.29725945,40.69506999,28.01492,120.66976,28.01535,120.66232,3,436,0
2089,2539,10.77260519,-20.87990346,27.970224,120.651685,27.97231,120.62724,-1,8,0
1360,1724,24.44467947,45.14517906,27.993854,120.698744,28.00258,120.70728,-1,27,0
1289,2542,-19.97723138,5.369745344,28.0114,120.65314,28.01903,120.61189,3,0,0
113,2899,-22.95451026,-2.949878291,28.01211,120.63736,28.02802,120.65472,-1,0,0
2568,2845,-22.12672663,-57.11131974,28.04901,120.58582,28.04787,120.5854,9,2236,0
189,2341,9.212032776,21.82972162,27.98396,120.69007,27.98923,120.68066,4,9,0
1094,1560,-20.02553007,-39.45518507,28.01845,120.59962,28.034241,120.588717,-1,126,0
14,328,-24.08641743,36.72600852,28.02496,120.66541,28.05929,120.65781,-1,44,0
1994,2061,6.45736458,20.08983218,27.992378,120.669665,27.98839,120.68338,4,44,0
820,1020,11.17119266,40.022091,28.00789,120.70721,28.00029,120.70357,7,5,0
1799,2099,-1.94751595,45.61697816,27.99461,120.68409,27.99084,120.68506,4,8538,0
1889,1938,-41.39336488,30.75221485,28.01442,120.65841,28.01832,120.65141,3,49,0
50,2233,65.29208676,15.91389684,27.86632,120.78925,27.86543,120.81525,6,26,0
691,1085,-48.08633573,-32.11516772,28.05782,120.58736,28.0257,120.6129,-1,50,0
515,2481,12.59041512,-25.94495964,27.96781,120.62801,27.97265,120.66766,-1,142,0
1542,2377,22.90934711,37.20702832,27.99711,120.71331,27.9934,120.719,7,16,0
312,623,23.03832773,-6.913893725,27.97483,120.67456,27.94373,120.68649,5,56,0
931,2408,37.25472103,26.45346226,27.96517,120.7458,27.97638,120.75557,10,31,0
1173,1256,-17.30114037,13.77853568,28.01246,120.65751,28.01222,120.65195,3,19,0
1590,2568,-25.24166687,-49.67438762,28.02239,120.59436,28.04901,120.58582,-1,47,0
986,1940,-39.95589804,-45.78543339,28.077531,120.587363,28.05756,120.60725,-1,21,0
500,2476,24.43325692,53.15130053,27.99978,120.7112,27.99996,120.71136,7,1441,0
211,237,-9.928556483,-30.32743439,28.01211,120.58988,28.023421,120.592786,-1,6,0
214,1127,-19.20012661,-10.16243549,28.01125,120.625528,28.01,120.62972,4,216,0
1399,2542,-26.47315491,-24.87175712,28.024487,120.608733,28.01903,120.61189,3,629,0
638,1407,-1.520991824,-13.48228604,27.99736,120.62159,27.97235,120.62717,8,0,0
697,1284,44.04560717,-21.39475751,27.92414,120.70279,27.94439,120.71319,-1,5,0
1164,1385,-41.6186705,-12.19786891,28.04057,120.64705,28.05153,120.62762,7,41,0
386,2080,0.078190619,20.55676342,27.99487,120.67969,27.994449,120.671107,4,95,0
309,2970,19.25082258,-45.54257163,27.95804,120.59516,27.9567,120.57364,10,43,0
801,1869,37.67648217,-49.84382566,27.87582,120.66951,27.89644,120.63496,3,4301,0
822,1998,-1.208926203,-26.09536871,27.98549,120.6218,27.987217,120.623164,8,30,0
943,1818,22.92160299,30.49831685,27.98369,120.71502,27.98955,120.71298,7,55,0
73,80,-48.19471844,-6.774600102,28.01003,120.63314,28.01143,120.62756,-1,582,0
916,1605,-16.94908126,16.19397009,28.01381,120.65692,28.01353,120.6398,3,13,0
623,1651,31.76357086,-6.249364994,27.94373,120.68649,27.97707,120.74717,-1,12,0
195,1455,-56.59227763,-25.7008634,28.041109,120.62863,28.03905,120.62757,7,753,0
868,1373,-35.51417295,42.08613662,28.01279,120.66871,28.01793,120.66445,3,1037,0
1879,2239,-5.084634115,52.56175799,27.999526,120.680665,28.00222,120.68192,4,230,0
2187,2966,59.84070362,9.870162766,27.89058,120.80958,27.90319,120.81717,6,88,0
1938,2581,-45.05779081,23.85206215,28.01832,120.65141,28.020019,120.648575,3,2847,0
697,2824,46.54095681,-19.5996683,27.92414,120.70279,27.92444,120.70304,3,1458,0
2241,2279,24.50244781,42.92280409,27.98751,120.72346,27.98388,120.70501,-1,10,0
2290,2834,-10.10283424,-27.68254575,28.01109,120.5954,28.00969,120.59728,3,4451,0
685,1749,14.18367969,-52.21547614,27.97822,120.56591,27.97581,120.57281,8,31361,0
761,1236,-57.34034025,-0.927213273,28.02569,120.64175,28.02581,120.63956,7,435,0
1497,1503,-22.30408972,-53.67773389,28.042251,120.587483,28.0363,120.5857,9,235,0
2604,2670,-0.793187994,55.10502208,28.00339,120.6913,28.004123,120.680295,-1,0,0
347,1386,21.43517419,23.97792541,27.98785,120.71681,27.98557,120.68544,-1,54,0
328,678,-43.34101198,-16.24069074,28.05929,120.65781,28.04554,120.65654,7,27,0
1195,2632,15.0740019,46.50753197,28.008888,120.709166,28.0072,120.71529,7,23,0
574,648,31.57121883,-23.12285155,27.93368,120.71241,27.92779,120.69413,3,2,0
1515,1870,-14.54369369,14.63635826,28.01034,120.65781,27.99576,120.6574,3,8,0
468,2199,-24.79665385,-37.26856843,28.02464,120.59155,28.026587,120.594413,3,2908,0
195,343,-56.19792653,-25.95876398,28.041109,120.62863,28.03943,120.62365,7,53,0
1164,2686,-42.03393261,5.178075139,28.04057,120.64705,28.0508,120.683,7,57,0
1273,2576,-34.48042239,-36.28060784,28.02347,120.61544,28.02963,120.5999,3,61,0
499,1112,-46.53757179,-22.69618586,28.04339,120.62726,28.05274,120.62436,7,36,0
228,1689,-34.44538889,2.639632494,28.024509,120.644121,28.02095,120.64389,3,121,0
2621,2762,-6.911126285,31.62377474,28.01036,120.67777,28.01919,120.67036,-1,99,0
220,2549,5.684541588,-53.76387487,27.9974,120.58543,27.98841,120.58255,8,413,0
1989,2726,61.15447631,-3.736243248,27.93336,120.81773,27.9296,120.80677,6,61,0
779,879,-22.82653405,-40.344529,28.03387,120.594038,28.03093,120.59305,9,82,0
259,2197,-42.25027465,-18.16127845,28.05022,120.66531,28.04449,120.62163,7,36,0
1865,2154,38.69564512,21.73791631,27.97506,120.73909,27.96748,120.75293,10,14,0
57,1130,-31.72586689,-5.80396728,28.00954,120.61511,28.02327,120.63423,-1,24,0
1455,2483,-48.3731547,-33.42739561,28.03905,120.62757,28.02455,120.61196,-1,54,0
1098,1927,-57.51236693,-24.14002537,28.0475,120.62333,28.04626,120.62785,7,26961,0
966,2691,56.74203234,2.361834918,27.918388,120.823666,27.93204,120.83665,6,148,0
357,1093,-13.25550518,-48.13795043,28.03643,120.57447,28.03228,120.58055,9,169,0
2624,2643,25.31607949,26.36378864,27.97603,120.71773,27.98611,120.71722,-1,23,0
680,2430,52.20467224,-8.804745339,27.95109,120.83505,27.96011,120.81628,6,86,0
2433,2943,-15.44868723,23.51201802,28.02202,120.66394,28.02187,120.6698,3,19,0
535,680,50.50851882,-5.767398619,27.96456,120.79906,27.95109,120.83505,-1,43,0
599,1110,28.69651149,-4.801873672,27.97321,120.72684,27.946867,120.69923,-1,98,0
379,2775,74.09265473,14.37710289,27.87831,120.82092,27.88321,120.80518,6,140,0
402,1160,-39.7332446,38.57683563,28.01188,120.66205,28.01525,120.66252,3,440,0
997,1380,2.989884041,27.57825826,28.00958,120.67769,28.00675,120.68244,4,22,0
496,1306,-7.408584629,-14.77865579,27.993833,120.628333,27.99383,120.62833,8,546,0
2381,2507,-24.17497018,34.94524461,28.02682,120.66634,28.02519,120.66642,3,307,0
727,2621,6.542660077,40.11499621,28.00933,120.69355,28.01036,120.67777,-1,94,0
857,2933,68.60707005,-7.391182541,27.93632,120.80777,27.93377,120.80323,6,362,0
279,1950,41.31435922,41.29951961,27.98465,120.73383,27.99139,120.71952,-1,60,0
15,1848,-0.21366817,-15.14038739,27.97664,120.63227,27.96164,120.66747,-1,2,0
391,2890,-28.60832562,4.806948728,28.02273,120.64301,28.02424,120.6348,3,24,0
2499,2581,-36.91391373,16.09888525,28.01676,120.64573,28.020019,120.648575,3,171,0
1991,2255,-1.056070355,27.13718355,28.00104,120.67237,27.99861,120.67972,-1,27,0
204,638,-4.575501096,-21.00431157,27.99015,120.62566,27.99736,120.62159,8,294,0
1124,1260,57.88508747,0.42639095,27.92529,120.82185,27.91444,120.83278,6,8,0
27,846,8.722532556,67.44708761,28.00949,120.71444,28.00453,120.74869,7,27,0
1769,2186,25.13103542,34.64625747,27.998722,120.707177,27.99188,120.7165,7,32,0
566,2354,5.762254705,-7.758990324,28.0085,120.68531,28.005487,120.689347,4,28,0
468,2067,-15.96452875,-39.65875706,28.02464,120.59155,28.028224,120.587166,-1,4,0
489,2099,-3.443664982,44.2358373,27.99167,120.67799,27.99084,120.68506,4,540,0
89,384,-36.43903213,16.72754489,28.0164,120.65703,28.01405,120.63301,-1,39,0
224,529,-23.18899304,47.15787773,28.01492,120.66976,28.01174,120.68077,3,252,0
1818,1950,26.8017756,30.3382354,27.98955,120.71298,27.99139,120.71952,7,34,0
914,2033,63.87935423,-4.348666834,27.93088,120.80284,27.9196,120.81824,6,2,0
1673,2373,-11.4049654,2.062367257,28.00217,120.64577,27.99672,120.65264,3,21,0
86,812,-41.98206363,27.81587759,28.01563,120.65181,28.01375,120.6551,3,1012,0
951,1705,64.52787275,-14.77698854,27.90882,120.83189,27.90977,120.83609,6,4011,0
1839,2793,48.04480645,27.5297349,27.97706,120.75192,27.96841,120.73048,10,392,0
189,1496,25.15844321,4.886025065,27.98396,120.69007,27.97767,120.70127,4,1352,0
292,2762,-39.23823691,9.302849138,28.02857,120.65898,28.01919,120.67036,-1,124,0
1870,2344,-5.3215278,-3.927540127,27.99576,120.6574,28.000843,120.64058,3,0,0
912,1747,42.3774975,38.71387782,27.98324,120.72334,27.978667,120.735061,10,847,0
213,273,-24.20632039,-3.316647076,28.01009,120.63564,28.02613,120.64691,-1,59,0
370,2961,14.34510664,-11.64829441,27.95455,120.65292,27.94751,120.66136,5,496,0
252,2360,42.44969801,16.03047428,27.9874,120.73534,27.97589,120.75072,10,61,0
191,2075,17.39470551,-1.75888305,27.96628,120.68116,27.94054,120.69195,5,169,0
520,2649,72.02906782,8.99513117,27.88953,120.79251,27.88565,120.80804,6,164,0
415,2012,-44.39471274,18.09774556,28.01975,120.65219,28.02392,120.644412,3,229,0
1431,1982,27.03412854,40.3405804,27.9917,120.70786,27.98851,120.70899,7,49,0
1386,2670,-1.69580533,54.9438859,27.98557,120.68544,28.004123,120.680295,4,0,0
17,1007,13.54775299,5.608171922,27.97886,120.67718,27.96558,120.68672,5,21,0
1830,2440,-16.47829505,-46.19300762,28.0362,120.58118,28.043033,120.586455,9,8,0
2031,2890,-30.71248796,-3.75967026,28.024044,120.64407,28.02424,120.6348,3,32,0
269,680,51.91041823,-10.17947986,27.96807,120.80604,27.95109,120.83505,-1,436,0
982,1055,69.55588339,9.638475316,27.87452,120.79789,27.89321,120.79688,6,122,0
2229,2281,-31.53661044,35.20594622,27.99852,120.65649,28.00143,120.63625,3,43,0
1046,2758,10.25300935,13.35688507,27.984567,120.677031,27.98519,120.67735,4,6,0
919,1866,-35.12776306,41.56232897,28.01517,120.66789,28.01517,120.66503,3,454,0
291,1388,-42.75307111,20.57263947,28.023257,120.659016,28.01822,120.64711,3,158,0
961,1695,-15.6329709,-45.20380997,28.06451,120.58223,28.02937,120.5775,9,0,0
1749,1965,18.8184805,-45.91311049,27.97581,120.57281,27.94943,120.58007,-1,162,0
405,2341,0.126579466,41.7924897,27.989232,120.680662,27.98923,120.68066,4,345,0
1093,1695,-11.06040493,-45.83210997,28.03228,120.58055,28.02937,120.5775,9,15693,0
1321,2626,4.98480275,35.27175888,27.99863,120.68954,28.00254,120.695427,-1,51,0
1186,1726,-9.229110076,-1.484831693,28.00302,120.64575,28.000738,120.643235,3,26,0
1470,2080,-0.199879066,20.64266101,27.97225,120.68006,27.994449,120.671107,-1,21,0
129,2694,7.798115249,51.71520765,28.0053,120.703,28.00118,120.70197,7,84,0
1453,2428,-4.803202656,-6.951470177,27.99832,120.6366,27.98819,120.6531,-1,24,0
1416,2511,-24.29544118,6.614131112,28.01137,120.64581,28.015241,120.649988,3,65,0
1535,1807,-59.2878105,1.245007212,28.03768,120.63277,28.040568,120.63282,7,113,0
32,1101,33.84402618,13.79607913,28.02917,120.77439,28.008865,120.778256,2,4,0
1499,1879,5.601525369,32.3126996,28.00636,120.69525,27.999526,120.680665,-1,0,0
1112,2407,-56.17512753,-17.96540155,28.05274,120.62436,28.06561,120.63194,7,159,0
935,1843,15.97372886,17.18604518,27.97987,120.68111,27.983923,120.680378,4,516,0
84,1926,-22.76544141,45.39907206,28.01988,120.68913,28.01239,120.67322,-1,21,0
449,1755,39.94722671,-32.68631459,27.93173,120.70133,27.916499,120.696973,3,123,0
1821,2119,45.63670132,28.19670224,27.98011,120.74803,27.97513,120.74591,10,530,0
423,2962,51.31287446,-11.32314967,27.962446,120.822852,27.95764,120.82445,6,2048,0
319,2153,23.57626844,-9.17579912,27.93831,120.66539,27.91643,120.68875,-1,0,0
46,2292,-38.06264883,-31.18098418,28.04917,120.61056,28.04572,120.58643,-1,0,0
1149,2952,-24.81893853,43.09621854,28.02051,120.67683,28.021681,120.670423,3,0,0
820,2288,12.81238369,53.5919726,28.00789,120.70721,28.014173,120.713536,7,56,0
1391,2005,36.63056861,-10.11670567,27.95467,120.69939,27.92325,120.6878,-1,353,0
1684,2402,-1.975191942,-45.32568671,27.98796,120.61592,27.996821,120.606522,8,27,0
640,1936,-25.86077949,19.36189414,28.01677,120.65806,28.0164,120.657,3,34,0
1506,2792,-25.59277146,38.35697495,28.02799,120.66168,28.02302,120.66759,-1,762,0
160,2441,36.09566305,36.16316264,27.97864,120.71467,27.98416,120.72974,10,10,0
426,1111,-39.74216607,-0.002911763,28.025933,120.641498,28.02502,120.63963,7,4,0
521,2080,-12.31132646,44.1392381,27.99979,120.66739,27.994449,120.671107,-1,1047,0
2453,2921,-45.26908298,-21.33406294,28.04644,120.60417,28.04626,120.62812,7,11,0
77,1605,-22.8881951,1.897106807,28.00743,120.64853,28.01353,120.6398,3,40,0
174,2921,-58.34914699,-13.47442404,28.04894,120.64323,28.04626,120.62812,7,53,0
966,2347,71.23039995,-0.278970515,27.918388,120.823666,27.91091,120.81602,6,3157,0
421,722,57.54456716,0.253426994,27.91626,120.8268,27.92889,120.82314,6,110,0
1752,2666,-57.00977646,-3.066931526,28.0312,120.63393,28.04116,120.62863,7,6,0
2532,2781,25.20329567,18.91275762,28.03232,120.78261,28.04723,120.76804,2,1189,0
273,1828,-61.51536858,4.196474918,28.02613,120.64691,28.039716,120.651201,7,268,0
1338,1703,-43.63727006,-26.87786743,28.056963,120.625239,28.0483,120.62027,7,8,0
2816,2827,-40.67670677,-16.56316507,28.04411,120.63996,28.05657,120.60001,7,30,0
176,1051,-35.30221971,-34.93043181,28.02521,120.6105,28.04252,120.60963,-1,0,0
2013,2542,-14.43012346,-22.36459629,28.01344,120.6076,28.01903,120.61189,3,4,0
687,2856,0.527755341,59.69737665,28.006318,120.696659,28.00877,120.69668,7,177,0
1563,1872,42.43785082,-17.72139089,27.92204,120.69661,27.92834,120.69922,3,194,0
135,691,-14.36566966,-12.82140314,27.9974,120.622,28.05782,120.58736,-1,0,0
655,1068,9.258388269,45.4864747,28.03962,120.71918,28.04759,120.69334,7,8,0
1111,2617,-26.65613671,-2.961689385,28.02502,120.63963,28.02136,120.65561,-1,0,0
2302,2375,36.19169463,-27.7758754,27.92002,120.70535,27.91276,120.70931,3,71,0
359,2767,-27.79569096,27.27178499,28.0113,120.6614,28.00293,120.64916,3,0,0
1164,2656,-42.37212312,5.397775063,28.04057,120.64705,28.024797,120.649708,7,24,0
89,2468,-35.19778433,11.70051028,28.0164,120.65703,28.022717,120.632107,3,75,0
160,1747,36.63836341,33.13333869,27.97864,120.71467,27.978667,120.735061,10,504,0
909,2353,2.724803978,-1.253249498,27.95992,120.64877,27.973777,120.682079,5,16,0
1992,2120,-33.50819436,33.83516223,28.00371,120.66093,28.00312,120.65388,3,272,0
1900,2151,-34.88037027,-45.75751598,28.06605,120.58485,28.06452,120.61682,9,25,0
50,2336,65.88594673,22.94711158,27.86632,120.78925,27.87937,120.8036,6,308,0
180,747,-37.6456763,35.78294297,28.011953,120.659948,28.01175,120.66003,3,5,0
1699,1848,15.74097347,-3.310613304,27.97659,120.67899,27.96164,120.66747,5,16,0
332,1020,-0.998964881,53.03636927,28.00341,120.68731,28.00029,120.70357,-1,114,0
1391,1582,26.60270299,-1.943268486,27.95467,120.69939,27.96936,120.67444,-1,89,0
994,2136,-22.05903293,14.22453492,28.01318,120.65352,28.01201,120.65481,3,100,0
1534,1723,-26.51543272,45.32710315,28.017189,120.678534,28.01437,120.67295,3,484,0
1764,1841,9.35476291,-46.89671389,27.96875,120.60619,27.980151,120.605199,8,142,0
1325,2778,-5.656355577,-13.61921145,27.99337,120.63718,27.99859,120.64039,-1,7,0
306,1284,32.48422282,-5.984072574,27.93177,120.67802,27.94439,120.71319,-1,21,0
521,975,-13.52105738,45.04008946,27.99979,120.66739,28.00397,120.67029,3,778,0
1433,1452,-42.96498566,22.29176789,28.015196,120.648057,28.01491,120.64805,3,2583,0
499,1501,-40.78005932,-24.69760843,28.04339,120.62726,28.05557,120.61784,7,35,0
1679,1746,22.51334426,46.94137201,27.99338,120.70875,27.99484,120.70984,7,47,0
464,1481,13.38054903,-42.17212884,27.9659,120.64111,27.96111,120.6227,8,427,0
1602,2331,30.69006117,-33.70523465,27.91457,120.70609,27.92645,120.67635,3,6,0
1723,1803,-34.08269442,40.96669987,28.01437,120.67295,28.01235,120.66512,3,92,0
269,1456,44.91117318,12.31555083,27.96807,120.80604,27.9905,120.76564,-1,285,0
1166,2023,10.8945778,-39.89667389,27.95794,120.60138,27.97172,120.61373,-1,48,0
1362,2274,67.29950919,12.04620269,27.89369,120.80917,27.87983,120.81482,6,35,0
2510,2955,-24.59617471,37.33249803,28.02204,120.66593,28.02188,120.66555,3,124,0
12,2449,70.99112456,14.77732111,27.8751,120.81027,27.8763,120.82073,6,331,0
621,672,4.586679916,-34.5463466,27.98848,120.61075,27.96719,120.59359,8,26,0
832,2687,-64.29794336,16.65896202,28.05231,120.68005,28.0443,120.70804,7,96,0
599,1956,38.59283828,1.282291014,27.97321,120.72684,27.96946,120.72066,10,15267,0
1415,1958,-23.81766365,2.954925579,28.01447,120.64201,28.01842,120.65967,3,12,0
1948,2241,29.59256421,28.13616479,27.96583,120.74971,27.98751,120.72346,-1,3,0
2272,2398,43.78325701,-34.08808128,27.91974,120.69145,27.923249,120.687804,3,1725,0
666,1915,-31.08958746,-54.75646843,28.07352,120.58467,28.04515,120.55602,9,135,0
148,2183,64.90109806,11.76273897,27.87141,120.8205,27.89444,120.81353,6,4,0
2046,2064,73.17137826,5.854503223,27.88702,120.81085,27.889525,120.804362,6,5250,0
916,1175,-21.1571618,15.83089953,28.01381,120.65692,28.00978,120.65422,3,23,0
1112,2200,-40.72740156,-10.95024473,28.05274,120.62436,28.03746,120.65611,7,65,0
2058,2368,27.98511164,-52.6376597,27.87238,120.65735,27.86075,120.6532,3,691,0
1706,1999,42.12846444,-31.98075604,27.9208,120.70586,27.91395,120.70028,3,7591,0
1123,2182,12.0388114,-28.79064361,27.96552,120.64757,27.96515,120.61124,-1,35,0
943,972,26.81807158,27.32533843,27.98369,120.71502,27.94366,120.68317,-1,4,0
1347,1433,-38.78052594,23.32336496,28.01058,120.65406,28.015196,120.648057,3,222,0
16,2453,-40.56909306,-30.93279821,28.07646,120.62205,28.04644,120.60417,-1,59,0
1689,2499,-37.48702838,16.1851094,28.02095,120.64389,28.01676,120.64573,3,486,0
740,2188,-23.70871168,-10.98048958,28.011421,120.622423,28.02031,120.62527,4,38,0
556,2790,-1.348558196,-46.22601609,27.99014,120.62903,27.99273,120.60679,8,73,0
1052,2564,29.52100727,-2.681957935,27.97486,120.72843,27.96169,120.70433,10,43,0
1698,2182,9.486903256,-32.64329751,27.95861,120.665556,27.96515,120.61124,-1,0,0
1723,2392,-9.497554625,34.76321107,28.01437,120.67295,28.00878,120.68835,-1,0,0
341,2319,1.590622572,-18.63552127,27.98975,120.64468,27.97631,120.60491,8,5,0
1486,1668,15.98671847,48.35596227,28.008255,120.719639,28.014884,120.718151,7,19,0
317,331,-26.42197258,-6.82334212,28.01994,120.655,28.03958,120.62042,-1,0,0
464,2185,10.85006803,-34.72702266,27.9659,120.64111,27.97251,120.60263,8,25,0
273,1608,-68.11175757,4.231997574,28.02613,120.64691,28.0453,120.65749,7,87,0
1401,2617,-45.82667458,29.40059898,28.01999,120.65209,28.02136,120.65561,3,592,0
1308,1935,15.46637202,9.342399607,27.98404,120.68203,27.97505,120.67499,-1,78,0
850,2597,0.09304122,18.12331526,27.99186,120.67498,27.993358,120.671015,4,72,0
563,1385,-40.22092826,-13.57824448,28.03956,120.65442,28.05153,120.62762,7,0,0
651,1357,-41.56606832,-41.63725551,28.05562,120.60146,28.05143,120.60047,7,676,0
895,2065,-61.95054444,11.31759242,28.03688,120.73858,28.03893,120.65902,7,47,0
447,2142,32.98722923,47.60500218,27.99055,120.7118,27.98684,120.71242,7,5571,0
343,2642,-38.84593214,-15.68380125,28.03943,120.62365,28.03965,120.64593,7,27,0
150,223,-2.921538545,0.576849814,27.8537,120.5556,27.87287,120.55053,0,833,0
136,1689,-33.44411986,17.98647369,28.01434,120.65091,28.02095,120.64389,3,37,0
567,1412,33.84131592,-27.78756362,27.92073,120.70491,27.92129,120.70489,3,42,0
1308,1939,-2.328160841,51.6317878,27.98404,120.68203,28.00197,120.68016,4,137,0
2110,2696,36.32368241,-23.32208041,27.92408,120.70403,27.92345,120.70485,3,11,0
408,1285,-57.47544481,-19.80834872,28.05042,120.6339,28.04108,120.61641,7,434,0
1331,2450,-41.96705974,-23.57379333,28.07361,120.61293,28.04901,120.63968,-1,62,0
408,2743,-54.4194007,-19.36051879,28.05042,120.6339,28.049957,120.622963,7,330,0
1293,2100,59.02740577,-9.676739586,27.93743,120.83414,27.93118,120.82472,6,62,0
1054,1837,-5.315613668,-8.144907818,27.99918,120.641648,27.98603,120.63754,-1,29,0
68,2890,-34.98366511,-9.177283173,28.02467,120.61708,28.02424,120.6348,3,10,0
415,1796,-41.20880529,-10.17492257,28.01975,120.65219,28.04071,120.63988,-1,4,0
450,1204,15.09630403,-32.93442362,27.96474,120.57156,27.94777,120.6125,-1,25,0
618,979,-22.9728741,-39.64996505,28.03155,120.59436,28.02921,120.59331,9,79,0
2119,2822,39.51765017,28.65057477,27.97513,120.74591,27.97743,120.73394,10,78,0
1605,2152,-46.01949808,1.112381979,28.01353,120.6398,28.02159,120.63532,3,86,0
365,1134,-2.21515594,-8.315336802,27.98328,120.65734,27.99644,120.63354,-1,95,0
77,2280,-23.0844891,9.700382809,28.00743,120.64853,28.01549,120.64822,3,22,0
773,2405,3.631839892,17.9161751,27.989406,120.673557,27.96984,120.68551,-1,58,0
1022,2959,27.74296577,51.38125977,27.99539,120.7173,27.996193,120.708797,7,334,0
608,2846,4.340090166,27.56225446,27.99367,120.69233,28.00084,120.68266,4,15,0
312,1502,7.906493254,5.341275436,27.97483,120.67456,27.991292,120.664871,-1,80,0
25,1848,27.734598,-11.25952138,27.976204,120.667973,27.96164,120.66747,5,194,0
1496,1805,17.86290579,1.418784913,27.97767,120.70127,27.970239,120.685696,-1,0,0
485,644,-19.70407524,17.31755646,28.013032,120.66081,28.01278,120.65944,3,47,0
638,1094,-12.50247802,-12.32094779,27.99736,120.62159,28.01845,120.59962,-1,4,0
954,2341,8.035242503,21.93475787,28.018214,120.672196,27.98923,120.68066,-1,6,0
1789,2906,-37.03037282,-52.13331949,28.09369,120.58816,28.08007,120.56796,9,38,0
629,1543,-0.736929117,-4.242261897,28.0608,120.676028,28.03307,120.79284,-1,4,0
2483,2602,-34.72545876,-35.07827395,28.02455,120.61196,28.041463,120.586511,-1,14,0
550,2632,19.821119,57.13131339,28.0076,120.72365,28.0072,120.71529,7,201,0
273,1385,-55.83647384,3.766019486,28.02613,120.64691,28.05153,120.62762,7,62,0
720,866,43.53660421,32.35577124,27.97976,120.74186,27.97155,120.73972,10,692,0
857,1305,67.03588076,-7.409551919,27.93632,120.80777,27.92668,120.81126,6,923,0
2046,2865,61.38314522,9.664508534,27.88702,120.81085,27.90471,120.82127,6,15,0
477,1448,29.20159139,54.1031464,27.994763,120.731284,27.99567,120.715,7,90,0
961,1896,-28.55163362,-53.48505848,28.06451,120.58223,28.10296,120.57827,9,58,0
2301,2641,3.343705535,-5.139545406,27.97211,120.77582,28.00624,120.82807,-1,0,0
1141,2021,23.08197377,-18.094336,27.933084,120.674452,27.92043,120.68424,-1,535,0
195,1164,-48.61213192,-21.00733034,28.041109,120.62863,28.04057,120.64705,7,39,0
1136,2379,-43.93577898,-15.74927238,28.04624,120.66456,28.04982,120.6511,7,0,0
2625,2865,65.72736402,5.934340451,27.89938,120.82864,27.90471,120.82127,6,449,0
164,741,16.59715163,-17.39201498,27.95724,120.65969,27.95095,120.65688,5,18159,0
229,1305,63.91248545,-5.526562164,27.93122,120.80706,27.92668,120.81126,6,118,0
600,1969,-21.57956445,8.633968708,28.00892,120.64776,28.00303,120.63895,3,6,0
400,1441,-60.55048244,11.32766247,28.03874,120.658,28.04381,120.65767,7,92,0
234,677,-44.32258487,-8.539137183,28.01828,120.62547,28.040628,120.619569,-1,16,0
15,125,2.539610718,-23.28775897,27.97664,120.63227,27.98925,120.62584,8,10,0
812,1045,-28.57076403,16.32677988,28.01375,120.6551,28.0167,120.656,3,139,0
462,1061,37.3714059,-26.0264619,27.92121,120.70312,27.92415,120.70545,3,38,0
1037,1116,40.63163592,-22.13803734,27.9231,120.70471,27.92366,120.70449,3,511,0
2116,2887,-18.57869674,-55.58854229,28.04925,120.60197,28.04609,120.57533,-1,99,0
636,1496,30.17194662,43.26285067,27.98612,120.70958,27.97767,120.70127,-1,396,0
1428,1807,-41.12969211,-3.407271873,28.02259,120.62662,28.040568,120.63282,7,4,0
2144,2721,39.48149697,-23.84878929,27.92809,120.70577,27.92299,120.70473,3,39,0
1591,2232,24.90945578,52.71146022,28.00528,120.70899,27.99607,120.71016,7,356,0
1329,2762,-15.12179133,24.04017534,28.02655,120.65947,28.01919,120.67036,-1,37,0
912,2873,17.09368895,49.283475,27.98324,120.72334,28.000323,120.727524,-1,123,0
42,2120,-33.16281984,34.30091109,28.0014,120.65569,28.00312,120.65388,3,5925,0
982,2770,61.50595161,15.76664765,27.87452,120.79789,27.85916,120.78527,6,2,0
109,468,-25.06916214,-40.76735038,28.03316,120.59087,28.02464,120.59155,-1,2283,0
1085,1772,-31.14018419,-27.77089579,28.0257,120.6129,28.02618,120.60498,3,25,0
920,2420,10.21934629,-32.93457379,27.94553,120.6091,27.98362,120.61785,-1,10,0
174,1385,-55.31171241,-14.12804462,28.04894,120.64323,28.05153,120.62762,7,60,0
160,720,37.04484003,27.34761472,27.97864,120.71467,27.97976,120.74186,10,23,0
686,2847,-14.06283486,-54.23589323,28.035763,120.57132,28.041041,120.588459,9,143,0
475,1717,7.544173939,-40.53432902,27.98226,120.62389,27.99375,120.61713,8,170,0
726,1969,-14.88313476,-0.866338744,28.00074,120.64324,28.00303,120.63895,3,26,0
73,1736,-40.20127553,-5.864173365,28.01003,120.63314,28.029592,120.6244,-1,6,0
1129,2422,59.24240864,-13.26907527,27.91593,120.8267,27.93079,120.82979,6,341,0
42,2344,-9.42366644,2.606876317,28.0014,120.65569,28.000843,120.64058,3,134,0
449,2153,31.07187356,-18.11618848,27.93173,120.70133,27.91643,120.68875,3,61,0
415,1958,-46.58941999,31.00616417,28.01975,120.65219,28.01842,120.65967,3,656,0
515,1774,7.324372917,-28.54330303,27.96781,120.62801,27.99094,120.65242,-1,2,0
2227,2778,3.98865288,-7.697642556,27.98375,120.66578,27.99859,120.64039,-1,0,0
2488,2586,25.66762609,11.71868259,28.01749,120.80122,28.02241,120.81161,2,3278,0
675,1755,31.08967911,-34.59974684,27.91318,120.6689,27.916499,120.696973,3,41,0
246,2214,20.57504276,-3.783432759,27.95634,120.66596,27.9598,120.68203,5,196,0
567,2362,44.10709132,-29.10370065,27.92073,120.70491,27.92159,120.70412,3,1264,0
831,1187,7.381901472,0.260432265,27.9762,120.668,27.96331,120.66311,5,48,0
883,1696,28.99930864,33.91832834,27.99238,120.73064,28.00178,120.72121,7,14,0
994,2294,-42.87558643,27.65588657,28.01318,120.65352,28.017358,120.65303,3,394,0
475,1306,-4.884555912,-25.51114473,27.98226,120.62389,27.99383,120.62833,8,166,0
1455,1703,-44.27282099,-23.16449046,28.03905,120.62757,28.0483,120.62027,7,22,0
508,1351,-45.10069146,-16.95480206,28.04337,120.65572,28.04387,120.63355,7,14,0
442,1584,61.71181029,9.474889519,27.92124,120.83163,27.89209,120.81396,6,12,0
281,1469,69.58085458,-8.297462657,27.94397,120.77876,27.93568,120.7957,-1,185,0
1643,2185,7.109186452,-47.59012789,27.98054,120.61279,27.97251,120.60263,8,789,0
79,1655,30.55221903,-25.4106773,27.921889,120.696181,27.92826,120.70156,3,9,0
84,832,-63.5103702,13.85631049,28.01988,120.68913,28.05231,120.68005,7,0,0
181,2593,14.47516664,-1.94403026,27.97517,120.69185,27.96314,120.66947,-1,3,0
2908,2917,9.926120935,12.26127468,27.98585,120.6777,27.98585,120.67889,4,54,0
476,2297,41.6931793,-30.38895066,27.92198,120.70229,27.92659,120.71116,3,99,0
1187,2021,32.79515151,-33.46509468,27.96331,120.66311,27.92043,120.68424,-1,18,0
1643,2083,11.30795297,-32.28952697,27.98054,120.61279,27.95887,120.60962,-1,126,0
138,2225,9.678313899,64.1998594,28.04427,120.69476,28.01963,120.71371,7,21,0
341,2420,-4.468960056,-19.27284661,27.98975,120.64468,27.98362,120.61785,8,161,0
1108,1470,27.84816128,-26.78812201,27.924685,120.69711,27.97225,120.68006,-1,8,0
1717,2083,11.74866811,-37.14640333,27.99375,120.61713,27.95887,120.60962,-1,5,0
1708,2900,-25.26061365,-34.75104101,28.02381,120.59717,28.02464,120.59964,3,2076,0
189,1935,16.38919318,5.51910504,27.98396,120.69007,27.97505,120.67499,-1,44,0
347,1472,15.60483056,27.5320071,27.98785,120.71681,27.99188,120.69412,-1,5,0
1470,2331,29.15629836,-33.97556095,27.97225,120.68006,27.92645,120.67635,-1,18,0
1952,2657,-38.73039856,16.15226154,28.01814,120.64798,28.02002,120.64857,3,145,0
534,1980,23.69450578,-15.0259198,27.93767,120.66978,27.9546,120.667,5,23,0
2067,2602,-20.0683034,-42.01859779,28.028224,120.587166,28.041463,120.586511,9,6,0
1058,2029,-53.20135301,-22.60207071,28.04752,120.63044,28.0414,120.62359,7,33,0
1624,1764,9.842646803,-46.17861402,27.971715,120.608414,27.96875,120.60619,8,17461,0
1239,1295,35.38579536,-51.27684215,27.87124,120.64996,27.87791,120.67133,3,2161,0
1651,2802,47.03964966,33.12821835,27.97707,120.74717,27.98055,120.72944,10,297,0
2531,2567,-6.504969625,-7.798987773,27.99591,120.64416,27.992138,120.656444,-1,44,0
1262,1794,22.48295574,-8.758338379,27.98453,120.66027,27.94302,120.67619,-1,2,0
112,2542,-23.06505076,-20.67629318,28.01472,120.61007,28.01903,120.61189,3,17576,0
515,2209,15.01837697,-24.29085675,27.96781,120.62801,27.96734,120.67106,-1,58,0
682,2816,-63.73155668,-1.881549438,28.0412,120.629,28.04411,120.63996,7,1928,0
763,2516,44.20911439,31.78696934,27.97775,120.74248,27.97841,120.73883,10,139,0
691,2575,-19.74791768,-36.82892008,28.05782,120.58736,28.02926,120.59028,9,23,0
1698,1871,10.34909794,-16.0679286,27.95861,120.665556,27.96874,120.65488,5,790,0
1019,1041,60.37197459,5.355480588,27.89391,120.81686,27.909,120.82147,6,20,0
975,2682,-0.114284581,-1.618504762,28.00397,120.67029,27.99605,120.64769,3,13,0
968,1071,29.72605678,-28.79313354,27.92497,120.69109,27.92798,120.69488,3,94,0
399,2650,-16.28201683,31.72898892,28.02201,120.67908,28.024386,120.675309,3,10,0
212,281,49.2249059,-1.974771617,27.95491,120.7872,27.94397,120.77876,2,54,0
306,823,21.25754055,-13.04643,27.93177,120.67802,27.9511,120.66043,5,46,0
57,1909,-17.9702495,-15.01609003,28.00954,120.61511,28.012021,120.613808,4,35,0
1273,1506,-36.70766599,-17.66519438,28.02347,120.61544,28.02799,120.66168,-1,36,0
477,1053,31.18521574,37.21578151,27.994763,120.731284,27.99068,120.7167,7,70,0
1718,1821,18.25849569,46.91662783,28.001831,120.717278,27.98011,120.74803,-1,76,0
1689,2180,-44.51846189,4.380446089,28.02095,120.64389,27.98333,120.65125,-1,40,0
5,2456,-23.97106778,37.64869407,28.05615,120.67115,28.022125,120.670739,-1,62,0
1905,2211,31.42170821,-44.26245462,27.86345,120.67392,27.90973,120.63455,3,157,0
1515,2180,-17.25830548,13.03770448,28.01034,120.65781,27.98333,120.65125,-1,0,0
670,2847,-33.22846201,-35.95982684,28.026927,120.60664,28.041041,120.588459,-1,2,0
560,895,11.35450985,68.22426576,28.016323,120.703784,28.03688,120.73858,7,802,0
19,741,4.965690604,0.195712907,27.98443,120.66958,27.95095,120.65688,-1,26,0
1602,2123,31.5537204,-35.98316914,27.91457,120.70609,27.92383,120.67387,3,7,0
986,2116,-37.03146239,-44.93601205,28.077531,120.587363,28.04925,120.60197,-1,18,0
522,2849,19.64007576,-39.50582825,27.95536,120.60011,27.92064,120.57853,10,55,0
831,1871,7.603208019,1.60783639,27.9762,120.668,27.96874,120.65488,5,147,0
972,2131,21.27822111,-9.081487773,27.94366,120.68317,27.97509,120.65593,5,0,0
1051,2594,-35.28652621,-26.39707352,28.04252,120.60963,28.08581,120.59066,-1,0,0
1090,2351,15.98957021,-31.94001114,27.92639,120.56111,27.95215,120.60432,10,7,0
909,1698,12.67213749,-17.71348559,27.95992,120.64877,27.95861,120.665556,5,106,0
2460,2510,-22.41124524,35.20893589,28.021791,120.665431,28.02204,120.66593,3,31,0
1094,2316,-22.89033148,-28.40481657,28.01845,120.59962,28.0271,120.60091,3,4370,0
409,2713,56.38616916,2.455251904,27.95855,120.75661,27.9236,120.82555,-1,76,0
464,2096,7.762364084,-38.562438,27.9659,120.64111,27.97745,120.61375,8,10,0
281,1099,70.52226735,-8.781202772,27.94397,120.77876,27.92578,120.79581,-1,572,0
1198,2085,-19.949906,-46.93183939,28.0332,120.591,28.04973,120.58807,9,8,0
105,1901,3.9402661,-57.6108444,27.9972,120.56436,28.00515,120.56955,8,1587,0
741,2114,21.58546241,-15.86543192,27.95095,120.65688,27.94806,120.66035,5,1977,0
552,2405,18.81320782,-6.878266039,27.96536,120.74141,27.96984,120.68551,-1,0,0
1021,1166,14.84779656,-42.36411188,27.96668,120.62461,27.95794,120.60138,-1,672,0
331,1115,-28.3790521,-14.50194639,28.03958,120.62042,28.01941,120.61672,-1,8,0
48,1723,-29.0157115,43.81407209,28.01947,120.67661,28.01437,120.67295,3,525,0
595,954,-27.79565564,43.3969429,28.01681,120.67808,28.018214,120.672196,3,3066,0
1399,1708,-24.03229968,-28.9839725,28.024487,120.608733,28.02381,120.59717,3,24,0
1232,1285,-42.98282137,-16.68630394,28.04357,120.651564,28.04108,120.61641,7,53,0
1242,2083,14.47093072,-39.95076971,27.94889,120.61987,27.95887,120.60962,-1,141,0
916,1017,-10.63699216,25.58360057,28.01381,120.65692,28.00901,120.65414,3,0,0
1555,2507,-64.63014187,11.44734234,28.043798,120.657967,28.02519,120.66642,-1,23,0
1651,2624,29.30580597,25.18979133,27.97707,120.74717,27.97603,120.71773,10,26,0
1981,2588,-44.03080708,-33.02346681,28.04382,120.61146,28.02213,120.5743,-1,15,0
382,2456,-18.51757161,25.57454762,28.01967,120.6623,28.022125,120.670739,3,46,0
621,794,2.406079979,-35.55287245,27.98848,120.61075,27.96834,120.57402,8,14,0
497,2142,30.28919495,45.83638757,27.99143,120.70763,27.98684,120.71242,7,54,0
1053,1133,26.47549724,30.35906997,27.99068,120.7167,27.97533,120.72453,-1,80,0
1428,1650,-52.50810437,-6.454137948,28.02259,120.62662,28.020022,120.631375,-1,3775,0
523,1015,-19.26202172,-32.50688781,28.01991,120.60428,28.02245,120.61239,3,15,0
1447,2392,-6.084196818,55.20674973,28.0035,120.6833,28.00878,120.68835,-1,36,0
476,1061,35.44249888,-23.55763419,27.92198,120.70229,27.92415,120.70545,3,7,0
293,860,-36.56252618,-11.68469514,28.02476,120.635142,28.03044,120.64309,-1,4,0
298,1633,40.19627963,-30.63788366,27.92054,120.70164,27.921943,120.703398,3,173,0
1806,2160,47.71026038,18.04784452,27.971111,120.759166,27.9668,120.7548,10,17260,0
1622,2353,1.77713094,32.43789329,28.00126,120.6875,27.973777,120.682079,-1,2,0
1129,2223,60.86958712,-13.51208772,27.91593,120.8267,27.922663,120.824735,6,1894,0
761,1752,-36.97302159,-5.258323078,28.02569,120.64175,28.0312,120.63393,7,2,0
1455,1510,-54.41799979,-1.343187506,28.03905,120.62757,28.023269,120.632426,7,39,0
1740,2037,59.9039965,-10.54698184,27.9275,120.83694,27.9208,120.84047,6,324,0
454,1308,14.52272421,13.5468121,27.98,120.66708,27.98404,120.68203,-1,155,0
328,2137,-70.21466507,8.09053513,28.05929,120.65781,28.04852,120.65349,7,4702,0
149,1162,-18.65727007,21.31214221,28.01646,120.65935,28.01597,120.66415,3,90,0
1989,2537,52.85885269,-0.074997572,27.93336,120.81773,27.92328,120.80462,6,5,0
35,1331,-35.76069254,-47.02672606,28.06905,120.57281,28.07361,120.61293,9,0,0
331,876,-38.42887217,-1.905072623,28.03958,120.62042,28.01851,120.63892,-1,5,0
1409,2318,-34.24712255,6.739768824,28.02498,120.65306,28.0217,120.647,-1,66,0
688,904,-7.58967391,55.27870535,28.008405,120.68283,28.006121,120.686436,4,62,0
1622,2896,5.394613363,30.98249887,28.00126,120.6875,28.00594,120.69008,-1,5,0
422,2060,11.15114212,35.49387542,28.00525,120.70299,28.00115,120.70351,7,76,0
176,1772,-32.29439939,-29.94423264,28.02521,120.6105,28.02618,120.60498,3,21,0
556,2420,-4.203937394,-25.99018034,27.99014,120.62903,27.98362,120.61785,8,222,0
273,2258,-35.93873216,11.62655503,28.02613,120.64691,28.01658,120.65764,-1,8,0
259,2686,-65.01082516,14.86940188,28.05022,120.66531,28.0508,120.683,7,330,0
585,1386,24.90597203,44.87450145,28.00115,120.70215,27.98557,120.68544,-1,2,0
2353,2543,10.3096621,4.846773798,27.973777,120.682079,27.978448,120.671401,5,467,0
600,1415,-24.60206483,4.921820005,28.00892,120.64776,28.01447,120.64201,3,55,0
812,2528,-41.86835565,15.31856842,28.01375,120.6551,28.023744,120.653645,-1,45,0
221,1665,14.93001485,52.77764129,28.00742,120.71768,28.008214,120.715624,7,141,0
84,221,14.24325007,47.92588746,28.01988,120.68913,28.00742,120.71768,7,153,0
1005,1587,-13.68328286,5.699037738,28.00628,120.65332,28.00917,120.64028,3,88,0
431,1447,-1.284336087,31.61945989,28.00412,120.6803,28.0035,120.6833,4,54,0
1054,1717,-4.677192808,-7.27300647,27.99918,120.641648,27.99375,120.61713,-1,34,0
1285,2588,-43.94624736,-32.10676706,28.04108,120.61641,28.02213,120.5743,-1,15,0
1035,1603,19.31147475,-39.00832848,27.95025,120.60263,27.94403,120.59556,10,149,0
189,633,28.59807709,44.39542645,27.98396,120.69007,27.98491,120.70392,4,94,0
1021,2131,10.53514359,-22.88098821,27.96668,120.62461,27.97509,120.65593,-1,0,0
213,1620,-47.56127607,-5.822174357,28.01009,120.63564,28.01578,120.62194,-1,38,0
573,2621,-10.63489991,33.55761078,28.014374,120.672952,28.01036,120.67777,-1,14,0
1742,2670,-0.345483401,56.24199491,28.010383,120.6909,28.004123,120.680295,-1,53,0
690,906,4.388666292,34.43730709,28.0021,120.68989,28.01211,120.69386,-1,2,0
515,1848,11.55178452,-19.27265481,27.96781,120.62801,27.96164,120.66747,-1,69,0
603,2668,18.34484547,-36.92441103,27.97164,120.62661,27.94903,120.59549,-1,50,0
1905,2380,31.73243902,-52.85640297,27.86345,120.67392,27.87032,120.66347,3,1240,0
1053,1839,26.98175173,22.8346209,27.99068,120.7167,27.97706,120.75192,-1,20,0
2232,2540,16.74351808,34.67112482,27.99607,120.71016,27.991878,120.694119,-1,22,0
42,2129,-11.89484433,3.3148641,28.0014,120.65569,27.98951,120.64774,-1,76,0
1541,2021,31.69524731,-31.12503691,27.9252,120.6899,27.92043,120.68424,3,95,0
1765,1995,8.237910844,-54.24857018,27.9931,120.58597,27.98625,120.5825,8,706,0
292,1329,-53.11991022,17.56267218,28.02857,120.65898,28.02655,120.65947,7,2635,0
550,2469,18.08259195,54.59055125,28.0076,120.72365,28.00923,120.72917,7,97,0
434,1385,-43.06306526,-24.56021374,28.07246,120.62056,28.05153,120.62762,-1,40,0
2009,2213,-57.41787459,-12.83933365,28.04976,120.647462,28.0397,120.63304,7,238,0
2433,2809,-23.17533528,36.43001052,28.02202,120.66394,28.022802,120.673347,3,425,0
133,2508,27.15023089,1.031568199,27.9535,120.69621,27.96724,120.66561,5,84,0
911,2214,30.42185798,-2.180383559,27.96141,120.73461,27.9598,120.68203,-1,35,0
2618,2687,8.776515595,45.34050805,28.016323,120.704,28.0443,120.70804,7,30,0
1622,2409,0.991976807,30.50812514,28.00126,120.6875,28.001286,120.679136,4,61,0
889,1587,-22.76119714,-0.250513592,28.01038,120.64104,28.00917,120.64028,3,152,0
522,2182,16.60387995,-41.99194941,27.95536,120.60011,27.96515,120.61124,-1,548,0
328,1338,-49.2773094,-14.84001202,28.05929,120.65781,28.056963,120.625239,7,43,0
866,2300,23.8279315,31.53527069,27.97155,120.73972,27.99832,120.72424,-1,59,0
305,812,-37.80090065,18.17807241,28.008511,120.618079,28.01375,120.6551,-1,6,0
310,2452,-14.59220385,16.20720435,28.01428,120.65834,28.0105,120.66068,3,4,0
5,560,8.330917147,45.40723017,28.05615,120.67115,28.016323,120.703784,7,0,0
343,408,-54.65113603,-26.32206048,28.03943,120.62365,28.05042,120.6339,7,371,0
1133,1511,40.66880551,35.65788143,27.97533,120.72453,27.97302,120.73654,10,316,0
1306,1998,-5.36867076,-26.62809236,27.99383,120.62833,27.987217,120.623164,8,5997,0
457,1668,13.61910892,47.42218274,28.01851,120.70462,28.014884,120.718151,7,63,0
1767,2373,-0.575257511,2.620017934,27.97914,120.65482,27.99672,120.65264,-1,495,0
1526,1818,26.19431204,36.81769364,27.98884,120.71605,27.98955,120.71298,7,25,0
1433,2703,-33.71352855,16.96567247,28.015196,120.648057,27.99103,120.63464,-1,7,0
839,942,31.81358668,14.21889364,28.02525,120.77112,28.021266,120.794656,-1,0,0
941,1950,25.94325897,30.26956704,27.99057,120.71338,27.99139,120.71952,7,8,0
1736,2914,-44.41815372,1.042981975,28.029592,120.6244,28.01922,120.64427,-1,142,0
1823,2840,-21.44496938,-56.29503151,28.037123,120.578514,28.04323,120.58656,9,1041,0
447,1950,31.65408761,47.90425821,27.99055,120.7118,27.99139,120.71952,7,279,0
999,1407,12.55430154,-23.04672469,27.95989,120.64875,27.97235,120.62717,-1,76,0
968,2398,44.14269449,-34.81769731,27.92497,120.69109,27.923249,120.687804,3,875,0
174,1167,-38.44861099,-9.9996418,28.04894,120.64323,28.03274,120.64129,7,18,0
2123,2325,39.48240775,-38.09840354,27.92383,120.67387,27.91782,120.69607,3,606,0
1549,2366,18.52601092,26.6551549,27.98966,120.70619,27.97973,120.67677,-1,4,0
1099,1810,71.86280125,-6.449132291,27.92578,120.79581,27.934862,120.767714,-1,128,0
295,2640,-10.46898952,-42.37222399,28.02333,120.57606,28.02725,120.57841,9,177,0
2150,2197,-39.04301203,-29.94994418,27.99711,120.58895,28.04449,120.62163,-1,38,0
409,2154,43.72892129,21.48536217,27.95855,120.75661,27.96748,120.75293,10,245,0
535,2028,50.72082684,1.690391086,27.96456,120.79906,27.92122,120.80887,-1,27,0
1790,2444,-8.299048782,46.95000654,28.00243,120.67766,27.99277,120.67775,4,14,0
1610,2653,-39.24370815,-32.85808858,28.05249,120.60567,28.03697,120.58917,-1,10,0
1037,2000,42.14872301,-24.54725331,27.9231,120.70471,27.92247,120.70628,3,215,0
202,2715,1.91224249,12.36974834,28.0087,120.65515,27.99435,120.66326,-1,22,0
1057,2635,-5.464919762,29.02364827,28.00859,120.67718,28.008642,120.675617,3,72,0
1522,2802,30.4482002,27.97905702,27.987423,120.723357,27.98055,120.72944,-1,0,0
2,2767,-11.58650415,1.509812812,28.00506,120.63866,28.00293,120.64916,3,100,0
1286,1289,-38.49164558,23.77901689,28.01117,120.65006,28.0114,120.65314,3,116,0
454,1870,0.243410164,12.31773216,27.98,120.66708,27.99576,120.6574,-1,27,0
844,975,-14.43686486,50.50337255,28.00813,120.67287,28.00397,120.67029,3,336,0
76,1290,11.86577041,31.86307967,27.99619,120.71034,28.003203,120.691994,7,35,0
1506,2333,-25.38255376,36.22786012,28.02799,120.66168,28.02407,120.66508,-1,518,0
2211,2335,35.54492834,-45.82062764,27.90973,120.63455,27.86624,120.66547,3,29,0
1460,2682,0.156837767,-10.43321114,27.985304,120.632788,27.99605,120.64769,-1,40,0
761,876,-50.84655185,6.408724024,28.02569,120.64175,28.01851,120.63892,-1,920,0
521,1081,-14.40599532,43.95760876,27.99979,120.66739,27.997963,120.659738,3,219,0
1089,2168,-13.09797425,-43.11195867,28.02804,120.57818,28.02265,120.60445,-1,57,0
1288,2902,31.26470393,-25.04870022,27.91607,120.69654,27.92072,120.70621,3,20,0
26,1869,39.51972735,-48.06760131,27.91714,120.66023,27.89644,120.63496,3,9278,0
1058,1555,-63.62632293,7.01752918,28.04752,120.63044,28.043798,120.657967,7,83,0
224,310,-14.4708077,17.08119935,28.01492,120.66976,28.01428,120.65834,3,0,0
1279,2211,35.56694203,-45.16530465,27.89941,120.63473,27.90973,120.63455,3,322,0
188,1134,-5.587357756,-21.4941943,27.97988,120.63103,27.99644,120.63354,8,142,0
291,2614,-29.35805936,-10.13124715,28.023257,120.659016,28.01688,120.6293,-1,30,0
1105,1347,-38.19413073,28.20992792,28.00791,120.64843,28.01058,120.65406,3,2080,0
755,1755,31.43236219,-24.41812206,27.928,120.698,27.916499,120.696973,3,28,0
883,1365,32.50089036,36.15721686,27.99238,120.73064,27.982061,120.727042,7,197,0
115,369,55.58046621,-11.16219218,27.94565,120.83188,27.9277,120.83323,6,766,0
775,972,31.06318058,-41.87954757,27.9189,120.64478,27.94366,120.68317,-1,13,0
1727,2865,61.87194217,4.739358191,27.91218,120.83617,27.90471,120.82127,6,108,0
593,2171,62.38485684,-13.88422326,27.91758,120.83739,27.91955,120.83809,6,472,0
1508,2649,64.74589972,13.54227709,27.87711,120.81099,27.88565,120.80804,6,27,0
862,2318,-35.31188005,9.834021214,28.023996,120.651156,28.0217,120.647,-1,19,0
566,687,7.232822256,32.56813661,28.0085,120.68531,28.006318,120.696659,-1,61,0
1728,2368,28.37873658,-53.03335206,27.85412,120.66711,27.86075,120.6532,3,2103,0
1321,1322,-1.684982939,56.45559727,27.99863,120.68954,28.00798,120.69032,-1,20,0
450,2185,11.1542523,-30.5288317,27.96474,120.57156,27.97251,120.60263,8,18,0
1239,2715,-11.19971269,40.58507147,27.87124,120.64996,27.99435,120.66326,-1,189,0
1522,2419,35.80194605,36.40536004,27.987423,120.723357,27.980722,120.721813,-1,92,0
1563,2069,42.69704166,-29.07859752,27.92204,120.69661,27.92095,120.70407,3,151,0
308,1560,-35.32455814,-58.07782135,28.07118,120.58698,28.034241,120.588717,9,73,0
2159,2362,30.13433477,-24.37645433,27.9283,120.69546,27.92159,120.70412,3,30,0
689,1724,24.54217634,51.5195061,28.001145,120.705368,28.00258,120.70728,7,92,0
1433,1958,-39.01922485,17.02889219,28.015196,120.648057,28.01842,120.65967,3,78,0
868,2427,-17.06498196,51.58408298,28.01279,120.66871,28.0086,120.6772,-1,122,0
107,1331,-42.13020492,-26.47444292,28.06205,120.61584,28.07361,120.61293,9,100,0
405,1799,-1.675772464,45.34075464,27.989232,120.680662,27.99461,120.68409,4,1130,0
402,2294,-17.18384379,15.11988014,28.01188,120.66205,28.017358,120.65303,3,22,0
1673,2942,-7.001666419,-1.857138066,28.00217,120.64577,27.99994,120.64617,3,15,0
488,2618,11.51250817,46.78203681,28.01171,120.71924,28.016323,120.704,7,73,0
2190,2217,9.438095973,3.272188057,27.98235,120.67423,27.97587,120.67071,5,272,0
702,1999,30.35663838,-15.96420077,27.94104,120.72061,27.91395,120.70028,-1,0,0
865,1338,-43.65985756,-34.34222506,28.0464,120.604,28.056963,120.625239,7,165,0
1848,1956,20.14511034,-5.97533522,27.96164,120.66747,27.96946,120.72066,-1,8,0
77,1134,-6.723038447,8.006672914,28.00743,120.64853,27.99644,120.63354,-1,12,0
2009,2921,-58.75726233,-13.0876005,28.04976,120.647462,28.04626,120.62812,7,17,0
797,2241,34.12834807,35.02283814,27.97373,120.74409,27.98751,120.72346,-1,182,0
1351,1554,-47.69204298,-23.73224449,28.04387,120.63355,28.04552,120.62169,7,158,0
1273,2729,-41.37344534,-20.46982471,28.02347,120.61544,28.05359,120.63947,-1,132,0
1256,1988,-24.09059705,7.568766865,28.01222,120.65195,28.01854,120.63879,3,0,0
109,394,-25.39839904,-41.03251328,28.03316,120.59087,28.029211,120.593311,-1,6194,0
678,874,-61.32741804,7.975195082,28.04554,120.65654,28.04411,120.64767,7,262,0
695,2086,-20.2359013,-53.13760925,28.054694,120.586916,28.03771,120.57585,9,7,0
1864,1958,-21.61954526,29.60215144,28.019861,120.664669,28.01842,120.65967,3,8,0
2033,2835,50.13685602,3.688705296,27.9196,120.81824,27.94411,120.78597,-1,58,0
801,2380,32.20114948,-53.39200527,27.87582,120.66951,27.87032,120.66347,3,30179,0
1151,2048,-38.65506691,-56.28919672,28.082463,120.58878,28.07875,120.58356,9,10019,0
1624,1837,7.479450577,-42.75894366,27.971715,120.608414,27.98603,120.63754,8,140,0
87,284,29.10607177,-26.03501071,27.92144,120.6877,27.92764,120.69437,3,5,0
449,1563,48.54901593,-21.03799095,27.93173,120.70133,27.92204,120.69661,3,1162,0
112,1618,-18.5526851,-21.27144733,28.01472,120.61007,28.00977,120.60049,3,262,0
307,2263,-23.04061995,18.68054982,28.01573,120.65876,28.00726,120.65848,3,72,0
487,1782,2.914607518,30.79090779,27.98776,120.67428,27.997236,120.700653,-1,25,0
1958,2899,-45.92861536,33.21329244,28.01842,120.65967,28.02802,120.65472,-1,150,0
1400,2199,-23.98636712,-17.05483607,28.01833,120.60806,28.026587,120.594413,3,5,0
409,2564,29.88988911,0.577220801,27.95855,120.75661,27.96169,120.70433,10,16,0
868,1506,-16.98125615,22.85777877,28.01279,120.66871,28.02799,120.66168,-1,0,0
331,387,-13.80780762,-36.24398157,28.03958,120.62042,28.0246,120.58292,-1,17,0
2354,2896,-2.344434419,57.21269436,28.005487,120.689347,28.00594,120.69008,-1,557,0
1608,2642,-63.10502877,6.268522387,28.0453,120.65749,28.03965,120.64593,7,156,0
534,1470,20.42822871,-7.708056022,27.93767,120.66978,27.97225,120.68006,5,0,0
836,2653,-16.23094737,-36.23695703,28.02242,120.60801,28.03697,120.58917,-1,24,0
284,2613,33.19057943,-28.22432417,27.92764,120.69437,27.916821,120.696911,3,92,0
623,1108,31.49772386,-9.469871895,27.94373,120.68649,27.924685,120.69711,-1,75,0
643,2836,-44.56331383,-13.732395,28.04355,120.65147,28.040311,120.646407,7,36,0
1510,2483,-42.95273783,-3.589900147,28.023269,120.632426,28.02455,120.61196,-1,19,0
1679,1911,29.48984471,46.71087274,27.99338,120.70875,27.97773,120.72673,-1,37,0
1588,1659,-30.13273132,32.40437078,28.00248,120.65588,28.00263,120.65655,3,49,0
1455,2745,-56.68802075,-3.851852101,28.03905,120.62757,28.02921,120.62987,7,54,0
174,2200,-62.59284535,5.268083079,28.04894,120.64323,28.03746,120.65611,7,103,0
1455,1610,-49.48637303,-25.82642525,28.03905,120.62757,28.05249,120.60567,7,32,0
52,2028,66.89140765,-4.768901806,27.93816,120.80145,27.92122,120.80887,6,383,0
1399,1772,-28.27865773,-30.68907575,28.024487,120.608733,28.02618,120.60498,3,248,0
621,2963,3.493185625,-46.14404281,27.98848,120.61075,27.98802,120.61588,8,9680,0
844,2452,0.180818588,-1.657980027,28.00813,120.67287,28.0105,120.66068,3,18,0
2079,2373,-5.171335669,-16.74606198,27.99015,120.64099,27.99672,120.65264,3,17,0
2557,2621,-10.22884961,27.35929833,28.014329,120.680824,28.01036,120.67777,-1,9,0
2,726,-12.62612595,-0.656351602,28.00506,120.63866,28.00074,120.64324,3,15,0
1271,2304,-53.81580387,-19.03134501,28.047627,120.634779,28.04617,120.63678,7,181,0
1373,2899,-39.68745994,40.23522082,28.01793,120.66445,28.02802,120.65472,-1,28,0
761,1230,-35.78092039,5.553452274,28.02569,120.64175,28.02816,120.65689,7,16,0
2120,2129,-10.84472846,3.007061445,28.00312,120.65388,27.98951,120.64774,-1,38,0
421,1118,59.63205694,3.102059793,27.91626,120.8268,27.91208,120.83609,6,52,0
843,1076,28.71555596,11.91749265,28.0398,120.8304,28.03881,120.82892,2,221,0
2568,2784,-40.02293367,-32.77498172,28.04901,120.58582,28.05184,120.61542,-1,7,0
9,2529,-3.098475028,8.202177287,27.99378,120.6501,27.99373,120.65937,-1,58,0
407,1778,-8.455258467,-43.1548384,28.026727,120.58226,28.024885,120.580733,9,73,0
1455,2653,-35.68760644,-30.08775367,28.03905,120.62757,28.03697,120.58917,-1,4,0
1017,1347,-19.16453022,12.49865621,28.00901,120.65414,28.01058,120.65406,3,40,0
1338,2746,-38.48267047,-21.10523307,28.056963,120.625239,28.03863,120.61579,7,18,0
689,1370,23.04448555,48.90746434,28.001145,120.705368,28.00092,120.7074,7,18,0
145,1796,-43.7727239,-11.44980285,28.044045,120.652283,28.04071,120.63988,7,93,0
1441,2642,-66.11980056,7.922423518,28.04381,120.65767,28.03965,120.64593,7,106,0
172,772,-53.12152444,-30.33175936,28.0428,120.62069,28.05187,120.61117,7,187,0
1092,2508,15.49134176,-16.99244885,27.96187,120.66042,27.96724,120.66561,5,1347,0
1393,1814,34.15864432,-52.33359744,27.88797,120.67287,27.88108,120.671,3,12263,0
1706,1872,32.66628195,-24.92475041,27.9208,120.70586,27.92834,120.69922,3,71,0
759,1865,41.35700847,26.57100953,27.97238,120.74249,27.97506,120.73909,10,30,0
2440,2653,-23.50238202,-46.05480205,28.043033,120.586455,28.03697,120.58917,9,46,0
358,1878,43.12409499,18.72065467,27.96854,120.74135,27.97253,120.76819,10,0,0
1758,1977,-6.157780633,38.63080032,27.99447,120.68038,27.99753,120.67522,4,40,0
1819,2103,1.06378231,-45.06418268,27.996696,120.603355,27.98211,120.59701,8,168,0
1620,2840,-40.71234927,-5.731604003,28.01578,120.62194,28.04323,120.58656,-1,3,0
1656,1682,41.56562922,3.596599728,27.94263,120.73736,27.96568,120.73665,10,4,0
794,2823,18.02259783,-48.91902094,27.96834,120.57402,27.94947,120.55856,-1,629,0
257,1500,-47.0566067,-28.88551121,28.076984,120.602335,28.05006,120.62061,-1,11,0
1945,2324,72.13293788,17.35578078,27.872196,120.826598,27.8722,120.8266,6,144,0
1821,2232,20.1743005,41.01330778,27.98011,120.74803,27.99607,120.71016,-1,4,0
2422,2805,56.26186566,1.559847719,27.93079,120.82979,27.92301,120.8262,6,31,0
48,149,-13.65715224,31.44180669,28.01947,120.67661,28.01646,120.65935,3,38,0
422,1820,13.93107042,50.00229361,28.00525,120.70299,28.00416,120.70748,7,86,0
486,2802,44.78940682,30.92913211,27.97508,120.74612,27.98055,120.72944,10,264,0
258,638,2.577574961,-30.74642774,27.986706,120.608952,27.99736,120.62159,8,5,0
951,2865,62.95094179,4.311214722,27.90882,120.83189,27.90471,120.82127,6,207,0
405,1843,12.9600064,16.65530875,27.989232,120.680662,27.983923,120.680378,4,194,0
909,2539,14.85011625,-20.94718698,27.95992,120.64877,27.97231,120.62724,-1,104,0
372,2385,-6.980071632,46.97496581,27.99629,120.68028,27.998,120.672205,4,540,0
956,1582,10.63096676,0.659026464,27.97159,120.65547,27.96936,120.67444,5,95,0
111,370,17.24094744,-17.56206565,27.95612,120.65155,27.95455,120.65292,5,19293,0
1052,1644,40.02906058,37.10816644,27.97486,120.72843,27.97549,120.72917,10,833,0
1285,2352,-52.06259658,-30.96492439,28.04108,120.61641,28.048507,120.618708,7,142,0
1092,2307,19.50063148,-3.053662361,27.96187,120.66042,27.957377,120.682574,5,5,0
943,2035,26.63527885,27.01928053,27.98369,120.71502,27.98323,120.71878,-1,134,0
58,2342,43.51750991,31.232862,27.97969,120.74181,27.96902,120.74658,10,100,0
149,565,-24.40612522,16.18777148,28.01646,120.65935,28.00841,120.66454,3,6,0
1338,1807,-55.96925805,-22.19066595,28.056963,120.625239,28.040568,120.63282,7,29,0
409,1821,44.1708309,19.56687198,27.95855,120.75661,27.98011,120.74803,10,50,0
1191,1206,16.5669268,-15.15190045,27.95227,120.64535,27.95921,120.65553,5,60,0
780,2424,-5.472149024,30.13960169,28.01006,120.68043,28.01008,120.67058,-1,130,0
1162,1373,-38.18345711,40.81949951,28.01597,120.66415,28.01793,120.66445,3,355,0
943,1180,30.32231035,40.73384205,27.98369,120.71502,27.97777,120.70138,-1,23,0
1053,2360,31.85138402,21.05338765,27.99068,120.7167,27.97589,120.75072,-1,46,0
321,869,71.81455474,-7.665564852,27.941,120.76821,27.94864,120.77547,-1,545,0
755,2297,47.25250185,-22.05549461,27.928,120.698,27.92659,120.71116,3,356,0
1284,1895,38.32736919,-2.282290145,27.94439,120.71319,27.96905,120.70307,10,1544,0
663,1187,7.688707909,2.687611789,27.97693,120.66377,27.96331,120.66311,5,62,0
138,1646,-36.40425979,2.495530572,28.04427,120.69476,28.03083,120.63755,7,0,0
841,1478,-48.91513882,0.810135339,28.0171,120.63698,28.02333,120.63639,-1,23,0
1140,1577,-20.82193228,-54.46980282,28.04193,120.57698,28.04175,120.58651,9,217,0
1455,1596,-55.0965252,3.884875743,28.03905,120.62757,28.027266,120.655901,7,7,0
48,560,7.659482176,44.70506642,28.01947,120.67661,28.016323,120.703784,-1,2,0
361,421,49.60143779,1.676790414,27.95277,120.79908,27.91626,120.8268,-1,10,0
324,2279,26.90207536,41.29851746,27.98847,120.70684,27.98388,120.70501,-1,8,0
1683,1860,18.76911805,6.14309998,27.95708,120.67304,27.97729,120.68651,-1,55,0
460,1769,25.05593105,49.65134777,27.996057,120.710262,27.998722,120.707177,7,1589,0
669,2235,-48.4559235,-6.572979139,28.01255,120.63174,28.013323,120.632305,4,115,0
669,2189,-49.24400619,-6.279492216,28.01255,120.63174,28.01722,120.63141,4,912,0
1031,2568,-23.65459567,-47.58067086,28.036972,120.589166,28.04901,120.58582,9,262,0
96,191,22.16561899,-1.179579994,27.96572,120.68191,27.96628,120.68116,5,9,0
1554,2197,-54.7854496,-29.10543331,28.04552,120.62169,28.04449,120.62163,7,5930,0
797,1911,39.97206429,29.23239551,27.97373,120.74409,27.97773,120.72673,10,204,0
633,1422,23.82524009,48.31496909,27.98491,120.70392,28.00506,120.71172,-1,8,0
255,2254,68.3090968,-2.611748077,27.91211,120.79786,27.923401,120.816621,6,127,0
606,638,-13.83243773,-7.926233671,28.004829,120.6409,27.99736,120.62159,-1,24,0
117,2372,-27.07475035,-37.69704805,28.026108,120.592702,28.023805,120.597166,3,2264,0
2010,2561,-5.976830674,50.38676957,27.99742,120.68104,28.00155,120.68023,4,198,0
545,603,10.33267842,-24.59492151,27.96676,120.65937,27.97164,120.62661,-1,0,0
1338,2642,-40.76027536,-12.98830176,28.056963,120.625239,28.03965,120.64593,7,7,0
1900,2365,-32.20488454,-49.87681271,28.06605,120.58485,28.01894,120.59618,-1,0,0
66,772,-42.28925396,-33.85288874,28.0485,120.6088,28.05187,120.61117,7,143,0
284,2902,30.75670346,-23.65415678,27.92764,120.69437,27.92072,120.70621,3,89,0
35,123,-31.89902187,-53.91286705,28.06905,120.57281,28.08948,120.58851,9,78,0
348,629,-64.19336702,17.4278306,28.07753,120.6897,28.0608,120.676028,-1,87,0
300,866,39.60870025,22.69831094,27.9685,120.75992,27.97155,120.73972,10,53,0
773,2908,4.686313566,15.87677666,27.989406,120.673557,27.98585,120.6777,4,30,0
1699,2217,14.79813534,7.759832065,27.97659,120.67899,27.97587,120.67071,5,92,0
271,414,18.21703129,-42.8147678,27.956794,120.567095,27.96162,120.59686,10,55,0
979,2067,-19.70278051,-41.07496523,28.02921,120.59331,28.028224,120.587166,9,7,0
246,2264,14.64120583,-9.565423914,27.95634,120.66596,27.95241,120.64911,5,34,0
2218,2343,30.67605598,-48.63740427,27.878176,120.67654,27.866719,120.675409,3,120,0
1298,2323,-36.17724052,-0.004470003,28.01943,120.636564,28.02463,120.6447,-1,123,0
708,1824,37.0395738,-23.30672178,27.9343,120.7072,27.9227,120.70332,3,40,0
972,1683,27.27162616,-8.650673234,27.94366,120.68317,27.95708,120.67304,5,1655,0
1150,2938,-12.21719053,-29.72838836,28.00906,120.58854,28.02158,120.59654,3,373,0
1502,2236,-10.36165324,40.66352093,27.991292,120.664871,27.9946,120.674,4,152,0
136,1401,-31.8542345,16.10711068,28.01434,120.65091,28.01999,120.65209,3,40,0
1767,2334,2.118937792,-8.801220389,27.97914,120.65482,27.98855,120.64216,5,2,0
382,2650,-16.44277486,21.04939028,28.01967,120.6623,28.024386,120.675309,3,2,0
1718,2690,14.13825225,36.49883716,28.001831,120.717278,28.00749,120.70643,7,17,0
209,1620,-15.21878018,-23.00871757,28.01202,120.61381,28.01578,120.62194,-1,9,0
508,1555,-61.29645001,10.25403046,28.04337,120.65572,28.043798,120.657967,7,8,0
1562,1612,6.697502608,-57.80723371,27.99767,120.57531,27.9938,120.57017,8,16849,0
178,1074,-25.91820514,13.90383069,28.01444,120.65108,28.014943,120.655064,3,52,0
1285,2515,-42.55284108,-37.59016672,28.04108,120.61641,28.06853,120.60201,-1,402,0
1432,2281,-11.51694338,-7.2858278,28.00892,120.62295,28.00143,120.63625,-1,63,0
1682,2479,39.07323631,0.488168183,27.96568,120.73665,27.95756,120.72822,10,8916,0
636,2311,27.74886812,39.94472631,27.98612,120.70958,27.98444,120.71436,7,47,0
86,2511,-40.85331538,24.10688409,28.01563,120.65181,28.015241,120.649988,3,567,0
41,1885,13.23992434,-42.59856672,27.95746,120.61208,27.96887,120.61609,-1,5818,0
50,2413,65.43067798,23.28313305,27.86632,120.78925,27.85882,120.79137,6,482,0
1765,2817,-0.390754691,-40.01487426,27.9931,120.58597,27.98271,120.56368,8,70,0
633,2099,12.05798338,22.97744422,27.98491,120.70392,27.99084,120.68506,4,17,0
547,1741,8.371003618,18.04541761,27.98521,120.67877,27.98857,120.68057,4,15,0
78,1267,10.86351778,-2.150073241,27.969361,120.674444,27.969489,120.657672,5,51,0
893,1244,-5.556269823,15.50432021,28.00209,120.66254,28.00503,120.67134,3,17,0
293,2049,-31.96273481,-4.023666944,28.02476,120.635142,28.01711,120.63167,-1,12,0
2033,2040,59.75098769,-1.442202329,27.9196,120.81824,27.92457,120.81572,6,330,0
2142,2419,23.63958246,29.80937051,27.98684,120.71242,27.980722,120.721813,-1,0,0
692,2632,13.72179693,36.42032229,28.00622,120.6991,28.0072,120.71529,7,5,0
818,999,13.17102991,-9.897206803,27.94749,120.64401,27.95989,120.64875,5,27,0
423,2660,50.95559214,-11.25054445,27.962446,120.822852,27.9602,120.81638,6,4524,0
281,2303,50.18276222,1.762111986,27.94397,120.77876,27.90821,120.80227,-1,15,0
189,2209,16.97335479,5.33241368,27.98396,120.69007,27.96734,120.67106,-1,71,0
2012,2189,-32.96422237,0.712047075,28.02392,120.644412,28.01722,120.63141,-1,124,0
1956,2149,16.72712687,22.29983808,27.96946,120.72066,27.98472,120.69611,-1,86,0
149,1687,-23.50731798,15.83580911,28.01646,120.65935,28.0134,120.65344,3,16,0
584,621,-4.588409533,-26.78334913,27.99383,120.62841,27.98848,120.61075,8,66,0
1433,2318,-44.36642904,20.84229159,28.015196,120.648057,28.0217,120.647,3,1180,0
318,1191,9.395997927,-10.65960876,27.97271,120.64743,27.95227,120.64535,5,0,0
945,1557,58.8899174,11.4480254,27.87922,120.78748,27.90165,120.81193,6,65,0
2733,2816,-52.68019845,-2.83666693,28.019524,120.631948,28.04411,120.63996,-1,5,0
673,2622,-49.54998582,-17.35694295,28.05464,120.60495,28.0547,120.64565,7,13,0
3,2292,-23.50521698,-57.48231195,28.03927,120.5877,28.04572,120.58643,9,6235,0
1093,1577,-15.21397889,-46.51671483,28.03228,120.58055,28.04175,120.58651,9,6,0
1547,2827,-41.37645395,-46.21349034,28.07752,120.5896,28.05657,120.60001,-1,123,0
78,2353,15.01042157,2.874497882,27.969361,120.674444,27.973777,120.682079,5,37,0
19,475,6.48059741,-24.35990984,27.98443,120.66958,27.98226,120.62389,-1,31,0
15,1698,1.107089439,-14.47389506,27.97664,120.63227,27.95861,120.665556,-1,5,0
379,1297,65.89231292,12.76010861,27.87831,120.82092,27.87104,120.82114,6,22,0
159,449,28.91855615,-11.15903123,27.94833,120.66804,27.93173,120.70133,-1,3,0
1432,2049,-49.54259501,-4.303823757,28.00892,120.62295,28.01711,120.63167,4,27,0
171,600,-7.47464698,-1.755964505,28.00072,120.63977,28.00892,120.64776,3,40,0
1391,1794,28.89428525,-3.810247251,27.95467,120.69939,27.94302,120.67619,-1,349,0
1386,2903,0.808932584,41.43745022,27.98557,120.68544,27.98648,120.68189,4,271,0
623,2405,26.42169851,-1.587502674,27.94373,120.68649,27.96984,120.68551,5,113,0
318,599,1.571919096,-3.251883106,27.97271,120.64743,27.97321,120.72684,-1,0,0
369,1544,53.48315594,-6.462366537,27.9277,120.83323,27.94688,120.81569,6,43,0
638,1038,-3.51593392,-14.95614032,27.99736,120.62159,27.9897,120.63813,8,25,0
291,1958,-48.11977143,31.75329219,28.023257,120.659016,28.01842,120.65967,3,357,0
172,874,-49.45374137,-22.19442743,28.0428,120.62069,28.04411,120.64767,7,12,0
52,442,53.84797657,2.767410504,27.93816,120.80145,27.92124,120.83163,6,35,0
1693,2380,30.88415231,-53.19098247,27.85534,120.66953,27.87032,120.66347,3,1280,0
611,2826,72.76585459,18.69806844,27.867358,120.820794,27.86957,120.81322,6,1070,0
386,2099,0.930994234,36.57417061,27.99487,120.67969,27.99084,120.68506,4,119,0
384,2191,-25.48366752,-0.719489117,28.01405,120.63301,28.022725,120.642908,-1,24,0
1152,1521,-17.69565315,6.147239608,28.013647,120.656985,28.00551,120.66263,3,0,0
280,2827,-34.59524282,-44.76073661,28.07993,120.58958,28.05657,120.60001,-1,75,0
2137,2899,-52.07910145,13.8535622,28.04852,120.65349,28.02802,120.65472,7,25,0
1249,1528,-25.96664898,6.122862628,28.00533,120.6479,28.01484,120.64575,3,2,0
237,357,-12.82710729,-50.70045508,28.023421,120.592786,28.03643,120.57447,-1,76,0
1356,2439,4.682101249,-6.679555403,28.03845,120.57793,28.04261,120.57226,9,15,0
952,1839,47.46732626,15.77380569,27.97169,120.76145,27.97706,120.75192,10,485,0
1483,1950,31.95886219,47.22641723,27.9897,120.71206,27.99139,120.71952,7,165,0
205,2142,19.43988549,25.69308105,27.9885,120.68917,27.98684,120.71242,-1,18,0
1839,2342,47.7876834,26.29406214,27.97706,120.75192,27.96902,120.74658,10,787,0
1718,2476,25.37531542,52.83695731,28.001831,120.717278,27.99996,120.71136,7,1024,0
1862,2283,-38.61680405,25.14828261,28.01287,120.64928,28.012454,120.649446,3,72,0
1020,2359,7.382892553,57.25539881,28.00029,120.70357,28.00191,120.70463,7,3076,0
79,179,43.37093369,-16.91294562,27.921889,120.696181,27.92748,120.69689,3,392,0
2439,2602,-16.36175853,-57.60517803,28.04261,120.57226,28.041463,120.586511,9,713,0
1817,2642,-61.2162035,5.591349469,28.040399,120.645646,28.03965,120.64593,7,119,0
405,1402,7.232625005,17.83332303,27.989232,120.680662,28.014576,120.681581,-1,0,0
133,2149,25.7326711,1.811765787,27.9535,120.69621,27.98472,120.69611,-1,60,0
1289,2344,-8.03540016,-2.211986058,28.0114,120.65314,28.000843,120.64058,3,7,0
170,2078,42.88190035,-26.9579732,27.92087,120.70636,27.92125,120.70678,3,1295,0
1030,2087,-52.08454818,20.2843792,28.02341,120.66131,28.02363,120.66164,3,903,0
1994,2236,-8.980614842,44.43875824,27.992378,120.669665,27.9946,120.674,4,1171,0
1273,1689,-28.87989829,-0.688384565,28.02347,120.61544,28.02095,120.64389,3,12,0
1855,2127,12.76076008,15.02822387,27.98606,120.67631,27.98869,120.6726,4,226,0
1394,2366,1.656562223,18.39743177,27.99572,120.672658,27.97973,120.67677,-1,82,0
584,1717,-4.822096244,-10.05642262,27.99383,120.62841,27.99375,120.61713,8,182,0
439,2467,-33.1909169,4.642025572,28.02332,120.64816,28.025613,120.638246,-1,36,0
1335,2795,63.37862846,-12.18389783,27.92006,120.82563,27.91981,120.8278,6,1244,0
721,1089,-9.732970441,-43.92887949,28.023333,120.576055,28.02804,120.57818,9,281,0
172,745,-49.99397698,-22.36889398,28.0428,120.62069,28.04541,120.65027,7,14,0
756,842,65.72024346,3.736317616,27.90472,120.82388,27.90945,120.81881,6,2539,0
86,317,-28.37612254,19.82550025,28.01563,120.65181,28.01994,120.655,3,51,0
408,1098,-59.19396655,-20.7002944,28.05042,120.6339,28.0475,120.62333,7,2293,0
461,2570,64.39282028,8.618090738,27.8974,120.81737,27.8882,120.80334,6,46,0
925,1049,-10.58760264,15.72067924,28.00554,120.66603,28.00814,120.66242,3,26,0
118,188,-3.954059758,-21.72703924,27.985061,120.633096,27.97988,120.63103,8,52,0
1283,1386,10.76292895,20.42399643,27.992019,120.689101,27.98557,120.68544,4,36,0
1455,2450,-57.14687188,-13.76505912,28.03905,120.62757,28.04901,120.63968,7,295,0
489,2928,-2.738559045,40.20921019,27.99167,120.67799,27.99271,120.68075,4,165,0
584,1870,-3.250016195,8.550051192,27.99383,120.62841,27.99576,120.6574,-1,18,0
994,1605,-18.80170999,9.003383948,28.01318,120.65352,28.01353,120.6398,3,4,0
440,1588,-11.83647909,6.6982977,28.00029,120.64716,28.00248,120.65588,3,18,0
1053,1386,24.20032072,42.84414191,27.99068,120.7167,27.98557,120.68544,-1,11,0
213,2235,0.304471562,-4.025624981,28.01009,120.63564,28.013323,120.632305,-1,12,0
2,1923,-14.1264856,-5.363737384,28.00506,120.63866,27.99631,120.64437,3,70,0
556,1215,0.213895061,-31.39508677,27.99014,120.62903,27.98702,120.60848,8,15,0
279,2663,31.77427067,33.33388088,27.98465,120.73383,27.99627,120.72691,-1,107,0
740,2614,-47.36086172,-4.810397816,28.011421,120.622423,28.01688,120.6293,4,58,0
649,1767,-0.751088428,-16.46036521,27.981943,120.645555,27.97914,120.65482,5,141,0
1865,2408,36.79595804,26.90460407,27.97506,120.73909,27.97638,120.75557,10,95,0
76,1679,28.59703461,49.96882939,27.99619,120.71034,27.99338,120.70875,7,2758,0
1911,2244,31.28565331,29.46880132,27.97773,120.72673,27.985555,120.71778,-1,25,0
58,1457,21.1216542,34.21285421,27.97969,120.74181,27.99566,120.715,-1,4,0
380,675,33.74075065,-35.30831398,27.92086,120.68299,27.91318,120.6689,3,9,0
448,670,-23.2109227,-32.69405993,28.024644,120.599644,28.026927,120.60664,3,118,0
1123,2131,9.866141378,-17.76732829,27.96552,120.64757,27.97509,120.65593,5,120,0
687,2736,0.753066301,60.9134562,28.006318,120.696659,28.008768,120.696683,7,1891,0
1572,2746,-49.76827651,-36.66771622,28.02693,120.60664,28.03863,120.61579,-1,83,0
1678,2662,26.5473937,48.73485988,27.99551,120.70595,27.9944,120.7017,4,38,0
408,2151,-43.05986328,-22.37996686,28.05042,120.6339,28.06452,120.61682,-1,53,0
1031,2827,-31.93935534,-39.53914632,28.036972,120.589166,28.05657,120.60001,-1,26,0
2116,2439,-18.30849621,-56.19905882,28.04925,120.60197,28.04261,120.57226,-1,154,0
442,1335,61.10672289,-14.06935024,27.92124,120.83163,27.92006,120.82563,6,5045,0
1605,1798,-32.33992449,-3.493028999,28.01353,120.6398,28.02324,120.63639,3,8,0
394,2150,-21.28260369,-39.86242875,28.029211,120.593311,27.99711,120.58895,3,109,0
920,1599,17.2278062,-38.32291502,27.94553,120.6091,27.955208,120.625696,-1,329,0
874,1565,-39.26722435,-10.98608453,28.04411,120.64767,28.03749,120.6251,7,29,0
2241,2663,37.69339355,44.76788819,27.98751,120.72346,27.99627,120.72691,7,564,0
1021,1841,4.294016717,-32.24526572,27.96668,120.62461,27.980151,120.605199,8,10,0
905,2770,64.86073212,16.73543242,27.86954,120.80506,27.85916,120.78527,6,10,0
705,2229,-7.735516044,8.043138002,28.00227,120.63088,27.99852,120.65649,3,2,0
1823,2175,-13.54190961,-47.07805468,28.037123,120.578514,28.025465,120.585303,9,13,0
2535,2804,-23.48174463,46.25051208,28.01377,120.68309,28.02126,120.68452,-1,112,0
1061,1141,29.52233943,-22.89702355,27.92415,120.70545,27.933084,120.674452,-1,4,0
1569,1767,5.374490683,-1.250236505,27.984146,120.678225,27.97914,120.65482,5,4,0
1935,2261,14.24865786,1.340045352,27.97505,120.67499,27.97054,120.68557,5,445,0
80,2049,-50.13524117,-6.176819632,28.01143,120.62756,28.01711,120.63167,4,487,0
1528,1689,-43.87165653,21.4765398,28.01484,120.64575,28.02095,120.64389,3,3487,0
68,1424,-29.552849,-18.86838645,28.02467,120.61708,28.02108,120.60101,3,52,0
1492,1595,-58.16196664,-2.970242196,28.02508,120.63816,28.03104,120.63718,7,99,0
305,761,-35.81109168,-1.447720091,28.008511,120.618079,28.02569,120.64175,-1,9,0
335,828,26.77556886,-8.878199545,27.93483,120.66784,27.96168,120.677789,5,22,0
515,2264,14.04485283,-20.99193033,27.96781,120.62801,27.95241,120.64911,-1,152,0
623,2075,35.6657505,-8.746219927,27.94373,120.68649,27.94054,120.69195,5,48722,0
691,1151,-41.68711504,-49.91685307,28.05782,120.58736,28.082463,120.58878,9,535,0
692,1591,12.01137322,52.3812135,28.00622,120.6991,28.00528,120.70899,7,221,0
1840,2281,-7.593544015,4.913512867,27.9981,120.6541,28.00143,120.63625,3,45,0
529,694,-22.07386876,47.76681326,28.01174,120.68077,28.015,120.686,-1,106,0
224,2230,-29.53312351,43.63511419,28.01492,120.66976,28.01549,120.67049,3,506,0
2484,2725,-38.7044247,-51.00567522,28.07449,120.5874,28.08578,120.59077,9,102,0
682,874,-65.54155519,1.995999282,28.0412,120.629,28.04411,120.64767,7,705,0
683,1596,-47.74152994,15.44299546,28.02385,120.654752,28.027266,120.655901,7,439,0
31,2745,-53.75867486,-2.499203658,28.02343,120.63235,28.02921,120.62987,-1,164,0
1511,2822,42.37714102,34.6377997,27.97302,120.73654,27.97743,120.73394,10,7344,0
1338,2729,-59.41781358,-18.02637418,28.056963,120.625239,28.05359,120.63947,7,476,0
36,1549,29.48920728,45.98837467,27.99005,120.70688,27.98966,120.70619,7,195,0
61,688,-5.45611246,26.9865129,28.00969,120.67408,28.008405,120.68283,-1,66,0
500,1782,16.49129848,37.91513476,27.99978,120.7112,27.997236,120.700653,7,14,0
12,2187,73.24217786,8.954675701,27.8751,120.81027,27.89058,120.80958,6,128,0
1723,2355,-15.63804588,24.81996894,28.01437,120.67295,28.02099,120.66672,3,40,0
2074,2232,26.55075798,51.36529266,27.986124,120.709577,27.99607,120.71016,7,186,0
1098,1455,-57.58841775,-25.13132463,28.0475,120.62333,28.03905,120.62757,7,1936,0
1218,2183,59.35432121,7.306356205,27.91539,120.8198,27.89444,120.81353,6,149,0
387,1708,-13.61993281,-35.7394343,28.0246,120.58292,28.02381,120.59717,-1,55,0
52,749,48.90992646,-0.812558505,27.93816,120.80145,27.9345,120.76993,-1,25,0
384,1671,-17.53794519,-7.899499957,28.01405,120.63301,28.00231,120.63401,-1,77,0
111,502,8.437724688,-12.30799076,27.95612,120.65155,27.975415,120.651576,5,0,0
1432,2189,-46.16786205,-3.559700097,28.00892,120.62295,28.01722,120.63141,4,37,0
952,1376,35.12925482,18.89306033,27.97169,120.76145,27.99176,120.72451,-1,45,0
1412,2325,39.1696754,-30.35743514,27.92129,120.70489,27.91782,120.69607,3,209,0
1198,2372,-24.05505803,-36.98469847,28.0332,120.591,28.023805,120.597166,-1,201,0
1622,2149,21.49107604,2.214890843,28.00126,120.6875,27.98472,120.69611,4,10,0
287,2079,-1.375134754,-14.27800303,27.986822,120.630326,27.99015,120.64099,-1,67,0
573,595,-28.11207102,43.35321635,28.014374,120.672952,28.01681,120.67808,3,436,0
563,1268,-64.55886321,10.19479581,28.03956,120.65442,28.039559,120.654415,7,95,0
1742,2433,-16.88167524,27.21760449,28.010383,120.6909,28.02202,120.66394,-1,23,0
1258,1515,0.143831844,-1.348084382,28.011,120.654,28.01034,120.65781,3,2,0
906,2456,-24.76249565,39.28601969,28.01211,120.69386,28.022125,120.670739,-1,85,0
1103,2703,-3.13499161,-20.28496569,27.97694,120.62826,27.99103,120.63464,8,47,0
1385,1899,-44.61711261,-23.69456352,28.05153,120.62762,28.06248,120.60338,-1,88,0
312,1923,2.235097126,0.893501661,27.97483,120.67456,27.99631,120.64437,-1,20,0
1821,1852,45.48050464,20.0158571,27.98011,120.74803,27.96059,120.7497,10,379,0
799,2309,61.6479672,-5.038832604,27.93368,120.81563,27.92657,120.81725,6,221,0
692,1346,0.609466828,58.6355169,28.00622,120.6991,28.00377,120.6977,7,49,0
449,2418,38.64832395,-12.11378436,27.93173,120.70133,27.93672,120.67951,-1,481,0
2280,2740,-36.93320637,19.13822716,28.01549,120.64822,28.015485,120.648218,3,46,0
1981,2602,-38.39975391,-37.18884923,28.04382,120.61146,28.041463,120.586511,-1,68,0
1085,1159,-30.63248841,-34.93516521,28.0257,120.6129,28.02791,120.59925,3,33,0
3,2067,-17.95238597,-40.47246971,28.03927,120.5877,28.028224,120.587166,9,13,0
748,1315,38.93604554,-26.66917782,27.9266,120.711,27.91937,120.7061,3,84,0
79,1110,40.70774748,-17.76287684,27.921889,120.696181,27.946867,120.69923,-1,177,0
109,448,-25.45306719,-41.49428313,28.03316,120.59087,28.024644,120.599644,-1,393,0
846,1709,37.75403185,14.19198189,28.00453,120.74869,27.97034,120.76311,-1,5,0
323,420,15.052824,39.94903208,28.00586,120.70905,28.019477,120.715049,7,0,0
1764,2399,18.14642116,-40.89994113,27.96875,120.60619,27.951096,120.598666,-1,41,0
1999,2063,39.54825761,-32.96357775,27.91395,120.70028,27.90108,120.68568,3,70,0
1331,2763,-47.87709612,-46.23424971,28.07361,120.61293,28.06783,120.61801,9,3135,0
47,378,40.76915564,13.31924926,27.97433,120.75967,27.96458,120.79525,-1,12,0
599,1865,40.19783789,35.49182855,27.97321,120.72684,27.97506,120.73909,10,232,0
638,2541,0.98136849,-48.6930531,27.99736,120.62159,27.99417,120.59987,8,384,0
1625,1727,60.07874028,1.834650048,27.91671,120.81301,27.91218,120.83617,6,139,0
1779,2559,-32.55752727,19.70461176,28.01179,120.65261,28.01104,120.64986,3,26,0
285,1296,71.79108683,3.219785465,27.90175,120.80936,27.89897,120.79855,6,685,0
1160,1548,-40.15800509,37.68272001,28.01525,120.66252,28.01442,120.66161,3,258,0
4,631,-1.314390016,-46.58052663,27.98663,120.61963,27.98274,120.56357,8,4,0
1806,2496,46.70412081,3.671275894,27.971111,120.759166,27.94412,120.76969,10,75,0
720,1448,34.30406944,29.50343116,27.97976,120.74186,27.99567,120.715,-1,9,0
2420,2445,5.092045853,-34.08186661,27.98362,120.61785,27.992515,120.595201,8,76,0
143,761,-43.18826146,1.499040917,28.04546,120.65895,28.02569,120.64175,7,0,0
893,2385,-11.84900743,44.67829653,28.00209,120.66254,27.998,120.672205,-1,142,0
1983,2183,66.42990343,10.24749742,27.88689,120.80628,27.89444,120.81353,6,21,0
488,1209,16.49923736,48.97024349,28.01171,120.71924,28.00032,120.72752,7,36,0
2790,2853,3.706980952,-50.78867877,27.99273,120.60679,27.97599,120.59211,8,44,0
42,959,-30.86524375,32.82390086,28.0014,120.65569,28.009115,120.657413,3,124,0
25,2248,20.21836902,7.019106152,27.976204,120.667973,27.97512,120.69186,-1,18,0
1159,2609,-11.03346397,-27.0351801,28.02791,120.59925,28.01418,120.59753,3,69,0
2319,2853,6.395654568,-50.44847719,27.97631,120.60491,27.97599,120.59211,8,2508,0
2188,2840,-43.35047401,-4.954267154,28.02031,120.62527,28.04323,120.58656,-1,26,0
1105,1779,-36.9025273,27.3296462,28.00791,120.64843,28.01179,120.65261,3,533,0
1103,1698,3.863073363,-14.76460668,27.97694,120.62826,27.95861,120.665556,-1,11,0
751,1085,-47.97563288,-32.79930202,28.02449,120.61195,28.0257,120.6129,3,3433,0
950,1446,5.894200088,-43.85030585,27.98069,120.61263,27.98015,120.60519,8,2734,0
252,1651,37.99230795,29.02018859,27.9874,120.73534,27.97707,120.74717,10,195,0
917,2911,-31.04124721,-56.27860675,28.06499,120.57527,28.0692,120.57826,9,289,0
522,1103,11.3303833,-40.84434945,27.95536,120.60011,27.97694,120.62826,-1,42,0
291,862,-33.8249012,8.169865078,28.023257,120.659016,28.023996,120.651156,-1,55,0
1054,1587,-12.87890799,-5.505177712,27.99918,120.641648,28.00917,120.64028,3,41,0
386,489,1.2560105,23.7507811,27.99487,120.67969,27.99167,120.67799,4,39,0
1601,1727,53.98020518,-6.393761863,27.94796,120.8414,27.91218,120.83617,6,52,0
1055,2570,73.42578389,6.391382702,27.89321,120.79688,27.8882,120.80334,6,671,0
534,2005,34.45452449,-12.26802616,27.93767,120.66978,27.92325,120.6878,-1,72,0
1842,2927,29.43777417,15.30539876,28.02971,120.77817,28.02026,120.79958,2,111,0
1103,1306,7.73342016,-40.89622394,27.97694,120.62826,27.99383,120.62833,8,46,0
145,2379,-46.10572874,-16.0787649,28.044045,120.652283,28.04982,120.6511,7,85,0
1481,1683,10.50055568,-37.57733634,27.96111,120.6227,27.95708,120.67304,-1,0,0
677,1112,-56.51524581,-30.75035437,28.040628,120.619569,28.05274,120.62436,7,1411,0
1949,2318,-35.0934353,4.28041326,28.02608,120.646,28.0217,120.647,-1,30,0
2651,2792,-19.04243545,32.27080855,28.0228,120.67335,28.02302,120.66759,3,31,0
1250,2914,-24.26489122,-0.969080438,28.01482,120.63721,28.01922,120.64427,3,20,0
502,2229,-5.705988472,6.728971724,27.975415,120.651576,27.99852,120.65649,-1,32,0
72,414,16.23103208,-43.63930108,27.97367,120.59704,27.96162,120.59686,-1,1465,0
996,1559,-50.47287777,-23.70314443,28.04161,120.62551,28.04273,120.62505,7,17,0
382,1691,-24.66184435,24.25616374,28.01967,120.6623,28.01519,120.66268,3,1095,0
1911,2663,30.95810436,28.59855333,27.97773,120.72673,27.99627,120.72691,-1,75,0
287,334,-1.65555422,-21.77852314,27.986822,120.630326,27.984462,120.62474,8,118,0
621,2083,12.23489516,-36.90773326,27.98848,120.61075,27.95887,120.60962,-1,114,0
1079,1448,20.19842095,53.97578502,28.00471,120.71764,27.99567,120.715,7,27,0
1127,2053,-19.70644919,-9.619489393,28.01,120.62972,28.01003,120.63016,4,1598,0
1592,1823,-17.26501695,-58.54241055,28.04448,120.57033,28.037123,120.578514,9,836,0
1385,2188,-53.44313889,-4.110868855,28.05153,120.62762,28.02031,120.62527,-1,9,0
1424,1429,-23.10005379,-24.42700127,28.02108,120.60101,28.019912,120.604277,3,482,0
164,2481,15.06522255,-14.55140792,27.95724,120.65969,27.97265,120.66766,5,29,0
1232,1646,-56.53788332,5.141475237,28.04357,120.651564,28.03083,120.63755,7,9,0
1837,2281,-0.097357636,-9.982564813,27.98603,120.63754,28.00143,120.63625,-1,10,0
2359,2694,6.727493754,57.27864082,28.00191,120.70463,28.00118,120.70197,7,487,0
1428,1620,-52.77209199,-7.107913589,28.02259,120.62662,28.01578,120.62194,-1,710,0
217,448,-14.86630823,-31.66729705,28.01578,120.59444,28.024644,120.599644,3,42,0
1022,2305,34.05527992,33.4364103,27.99539,120.7173,27.98543,120.73922,-1,192,0
2022,2788,19.16553972,-16.04961433,27.94096,120.64958,27.96243,120.65546,5,195,0
1446,2585,2.610396059,-31.94632441,27.98015,120.60519,27.98729,120.6081,8,107,0
1369,2224,14.1500033,13.86439128,27.98473,120.6773,27.98445,120.67253,4,233,0
779,2178,-18.25704088,-40.01049933,28.03387,120.594038,28.02937,120.59162,9,77,0
1296,2064,72.47988046,3.99716662,27.89897,120.79855,27.889525,120.804362,6,2694,0
2300,2780,20.29815906,56.18288629,27.99832,120.72424,28.00116,120.7232,7,391,0
54,2188,-44.72797288,-6.496644552,28.018598,120.620672,28.02031,120.62527,4,558,0
1061,1110,39.6179082,-18.31933177,27.92415,120.70545,27.946867,120.69923,-1,38,0
167,361,70.03515498,-9.82726923,27.94045,120.7928,27.95277,120.79908,2,537,0
2428,2567,0.655672248,4.357420439,27.98819,120.6531,27.992138,120.656444,-1,3221,0
2142,2822,29.98855509,40.53885342,27.98684,120.71242,27.97743,120.73394,-1,69,0
457,1506,9.73324676,67.02396184,28.01851,120.70462,28.02799,120.66168,7,25,0
227,508,-44.98308691,-16.31421462,28.05333,120.63083,28.04337,120.65572,7,40,0
565,1255,-6.002991411,17.09623873,28.00841,120.66454,27.9997,120.67055,3,39,0
495,1003,34.11286984,9.940486914,27.994253,120.830533,28.01839,120.82983,2,177,0
46,1559,-38.57115017,-23.40385869,28.04917,120.61056,28.04273,120.62505,7,60,0
268,2428,-6.667397356,12.05634452,28.002086,120.662539,27.98819,120.6531,-1,8,0
1031,2575,-23.96835853,-43.08210591,28.036972,120.589166,28.02926,120.59028,9,402,0
166,421,57.0168732,-8.484994813,27.93672,120.83867,27.91626,120.8268,6,35,0
149,2252,-20.23989982,17.46028774,28.01646,120.65935,28.0135,120.659,3,8,0
909,1470,3.512899571,-8.433204494,27.95992,120.64877,27.97225,120.68006,5,0,0
317,1528,-36.06935507,14.90109247,28.01994,120.655,28.01484,120.64575,3,23,0
1560,2199,-23.90619277,-37.58526472,28.034241,120.588717,28.026587,120.594413,-1,91,0
972,2361,40.20788566,20.2841458,27.94366,120.68317,28.03623,120.76776,-1,2,0
1591,2750,13.20503585,56.00852463,28.00528,120.70899,28.00455,120.70115,7,340,0
1348,2250,42.64361201,-15.45940203,27.92776,120.69408,27.92446,120.6923,3,617,0
1036,1844,33.87368235,-24.71382136,27.92406,120.70335,27.92562,120.70294,3,78,0
1082,1932,-29.01984776,27.23032515,28.016688,120.655528,28.01062,120.65932,3,13,0
866,2154,42.22714893,23.13471403,27.97155,120.73972,27.96748,120.75293,10,211,0
673,745,-44.45976679,-19.55086523,28.05464,120.60495,28.04541,120.65027,7,55,0
369,2033,62.64516993,-9.002146361,27.9277,120.83323,27.9196,120.81824,6,150,0
475,2573,-0.144164637,-23.14051991,27.98226,120.62389,27.985516,120.627281,8,25,0
76,1360,25.02510645,43.96068974,27.99619,120.71034,27.993854,120.698744,-1,103,0
448,1428,-16.78811884,-34.81922023,28.024644,120.599644,28.02259,120.62662,-1,4,0
2057,2336,66.51752809,19.49791708,27.86515,120.79611,27.87937,120.8036,6,54,0
630,906,8.194239634,39.78841791,28.0017,120.699,28.01211,120.69386,7,2,0
1351,2921,-59.21470383,-24.90385471,28.04387,120.63355,28.04626,120.62812,7,20181,0
1548,1691,-23.71295921,22.21406286,28.01442,120.66161,28.01519,120.66268,3,46,0
668,2188,-49.84264876,-4.350744008,28.0105,120.60976,28.02031,120.62527,-1,50,0
859,1284,35.66809056,-7.55547265,27.95386,120.68203,27.94439,120.71319,-1,278,0
644,2471,-11.58111691,17.05205954,28.01278,120.65944,28.00877,120.66836,3,27,0
814,1008,-47.72307429,-42.94819706,28.06065,120.61145,28.06212,120.60705,-1,6746,0
878,1724,10.27338581,50.84161609,28.000355,120.697765,28.00258,120.70728,7,58,0
670,2156,-22.38302998,-34.99598532,28.026927,120.60664,28.02454,120.591434,3,78,0
902,2299,-2.479383349,-39.92161898,27.99381,120.57017,28.00512,120.57293,8,91,0
1999,2250,42.78198452,-33.49549422,27.91395,120.70028,27.92446,120.6923,3,566,0
1285,1981,-54.15754908,-34.25012608,28.04108,120.61641,28.04382,120.61146,7,24288,0
188,705,-1.059408349,-11.49656004,27.97988,120.63103,28.00227,120.63088,-1,5,0
42,2567,-8.657879715,5.053870585,28.0014,120.65569,27.992138,120.656444,-1,50,0
750,820,12.51796831,48.75836907,28.00685,120.70707,28.00789,120.70721,7,71,0
2067,2316,-20.44944925,-41.68316061,28.028224,120.587166,28.0271,120.60091,-1,10,0
401,1376,24.49120176,36.04573964,27.994305,120.719787,27.99176,120.72451,7,19,0
691,1981,-47.65025064,-35.43790965,28.05782,120.58736,28.04382,120.61146,-1,184,0
332,2621,-6.608914852,31.74114274,28.00341,120.68731,28.01036,120.67777,4,30,0
2446,2848,3.931270802,0.26872424,27.98763,120.66308,27.965369,120.686131,-1,108,0
1093,2086,-13.34693977,-47.87790657,28.03228,120.58055,28.03771,120.57585,9,106,0
77,1082,-33.50370103,25.87721996,28.00743,120.64853,28.016688,120.655528,3,85,0
1,2301,46.2435979,10.37918619,27.97014,120.75603,27.97211,120.77582,10,95,0
152,2347,70.92155759,-0.248680417,27.91139,120.82389,27.91091,120.81602,6,2573,0
81,585,7.234655715,53.41219678,28.003179,120.699031,28.00115,120.70215,7,126,0
644,1433,-45.3402744,22.76439407,28.01278,120.65944,28.015196,120.648057,3,384,0
19,1799,8.329844618,18.81586337,27.98443,120.66958,27.99461,120.68409,4,12,0
1655,2297,46.19594624,-22.77993632,27.92826,120.70156,27.92659,120.71116,3,382,0
279,1845,40.03285164,41.7490288,27.98465,120.73383,27.99406,120.72557,-1,1219,0
111,318,9.633485446,-14.05284114,27.95612,120.65155,27.97271,120.64743,5,251,0
422,500,23.05555993,51.65657329,28.00525,120.70299,27.99978,120.7112,7,35,0
25,2366,9.863367859,3.964651896,27.976204,120.667973,27.97973,120.67677,5,680,0
143,2065,-62.4757679,10.59773834,28.04546,120.65895,28.03893,120.65902,7,209,0
79,2730,30.30013354,-26.28022608,27.921889,120.696181,27.92782,120.69643,3,114,0
948,2053,-16.70548294,-8.82729324,28.00702,120.63389,28.01003,120.63016,-1,54,0
36,447,26.78998192,40.91530552,27.99005,120.70688,27.99055,120.7118,7,6,0
2,1713,-11.04185254,-7.628834465,28.00506,120.63866,28.01567,120.62619,-1,5,0
127,1163,43.57236323,-35.53824863,27.9207,120.68866,27.92297,120.68904,3,94,0
574,746,30.33155499,-11.3522566,27.93368,120.71241,27.94545,120.66986,-1,38,0
259,1098,-44.81985141,-19.7534829,28.05022,120.66531,28.0475,120.62333,7,88,0
6,2622,-66.9835726,15.02313143,28.0635,120.68056,28.0547,120.64565,7,19,0
323,820,4.569923262,-6.105799112,28.00586,120.70905,28.00789,120.70721,7,46,0
515,2445,0.470481165,-43.15804994,27.96781,120.62801,27.992515,120.595201,8,35,0
309,1643,5.237906098,-31.19156302,27.95804,120.59516,27.98054,120.61279,-1,52,0
1123,2319,9.388739316,-28.0853839,27.96552,120.64757,27.97631,120.60491,-1,15,0
257,1968,-31.64842857,-52.48919851,28.076984,120.602335,28.054156,120.560569,9,9,0
609,1014,-0.890431105,-2.893493654,28.02096,120.62016,28.0197,120.61522,3,9,0
1423,1452,-26.58049285,7.230771317,28.0149,120.64587,28.01491,120.64805,3,0,0
859,912,29.2143898,27.08060564,27.95386,120.68203,27.98324,120.72334,-1,0,0
1470,2756,11.31162187,24.4072719,27.97225,120.68006,27.98645,120.68772,-1,9,0
60,2324,65.82943227,12.38276821,27.89629,120.80392,27.8722,120.8266,6,40,0
1025,2626,1.648219369,54.42880246,27.992,120.69598,28.00254,120.695427,-1,54,0
1911,2074,32.5555157,43.97778079,27.97773,120.72673,27.986124,120.709577,-1,112,0
42,1870,-30.86445845,35.48611525,28.0014,120.65569,27.99576,120.6574,3,1350,0
1823,2292,-19.12212744,-58.59264066,28.037123,120.578514,28.04572,120.58643,9,2237,0
243,1134,-7.467285754,-12.66794905,28.000291,120.647161,27.99644,120.63354,-1,78,0
2621,2828,-12.66325895,52.24702823,28.01036,120.67777,28.01051,120.67617,4,233,0
1218,1362,58.5814983,9.023788615,27.91539,120.8198,27.89369,120.80917,6,40,0
1564,1961,-1.545863785,-26.03425258,27.98944,120.62361,27.98795,120.62329,8,285,0
221,1681,15.39668923,42.85003808,28.00742,120.71768,28.005277,120.718888,7,15,0
292,2318,-38.27101214,6.864277894,28.02857,120.65898,28.0217,120.647,-1,44,0
387,1503,-9.926868659,-48.08237264,28.0246,120.58292,28.0363,120.5857,9,1724,0
287,2185,6.767447032,-37.94980329,27.986822,120.630326,27.97251,120.60263,8,15,0
1625,2966,70.45801674,-2.495267099,27.91671,120.81301,27.90319,120.81717,6,1008,0
2621,2894,-11.44627359,24.59055018,28.01036,120.67777,28.01941,120.67004,-1,14,0
1285,2116,-48.24945392,-36.73070602,28.04108,120.61641,28.04925,120.60197,7,2332,0
237,364,-9.155759539,-33.50964727,28.023421,120.592786,28.01704,120.5833,-1,157,0
695,2004,-25.33129363,-58.89176118,28.054694,120.586916,28.05469,120.58692,9,12708,0
1033,1269,-19.72304199,-9.892287299,28.007951,120.626328,28.00799,120.62655,4,1622,0
490,1560,-37.80794817,-36.19861224,28.00307,120.6298,28.034241,120.588717,-1,8,0
1369,2512,9.881049041,13.83239599,27.98473,120.6773,27.99935,120.67604,4,5,0
745,2087,-42.7175629,-11.52414154,28.04541,120.65027,28.02363,120.66164,-1,27,0
1606,2105,-9.654109694,23.62917902,28.01492,120.67488,28.01341,120.67225,3,51,0
68,670,-22.21767641,-31.32707968,28.02467,120.61708,28.026927,120.60664,3,200,0
539,2258,-26.86825809,14.14396397,28.01516,120.65303,28.01658,120.65764,3,72,0
599,2149,16.48374876,21.51314188,27.97321,120.72684,27.98472,120.69611,-1,33,0
961,1027,-30.14907354,-52.56997351,28.06451,120.58223,28.08394,120.58605,9,37,0
606,2682,-14.20960405,1.819270806,28.004829,120.6409,27.99605,120.64769,3,142,0
542,2288,12.64609852,55.13648872,28.00788,120.70268,28.014173,120.713536,7,442,0
1415,2581,-35.59808498,14.40042215,28.01447,120.64201,28.020019,120.648575,3,137,0
2548,2693,27.81003715,41.4637282,27.98874,120.70314,27.989197,120.703236,7,46,0
755,2824,40.99392818,-18.31074159,27.928,120.698,27.92444,120.70304,3,214,0
735,2094,-1.765425924,-9.806059668,27.993371,120.637184,27.992,120.60987,8,21,0
828,2325,22.0595591,-7.943497871,27.96168,120.677789,27.91782,120.69607,-1,0,0
384,408,-51.65547651,-2.786949728,28.01405,120.63301,28.05042,120.6339,-1,2,0
1156,2471,-9.094303342,16.91769713,28.01027,120.66077,28.00877,120.66836,3,36,0
81,1724,10.85625922,52.25980362,28.003179,120.699031,28.00258,120.70728,7,169,0
1262,1837,1.983166885,-15.8778715,27.98453,120.66027,27.98603,120.63754,-1,21,0
680,1260,53.79865943,-5.793242793,27.95109,120.83505,27.91444,120.83278,6,21,0
1230,1596,-49.22917798,15.3007515,28.02816,120.65689,28.027266,120.655901,7,137,0
601,1705,64.00502085,-13.68447823,27.91157,120.83255,27.90977,120.83609,6,578,0
408,1271,-57.35753352,-15.16018312,28.05042,120.6339,28.047627,120.634779,7,1149,0
49,394,-18.92717295,-38.92162229,28.02104,120.58411,28.029211,120.593311,-1,29,0
907,943,30.01085929,28.81916849,27.9842,120.72674,27.98369,120.71502,7,10,0
189,2405,24.73694651,1.847602213,27.98396,120.69007,27.96984,120.68551,-1,101,0
858,1536,13.20024875,14.4675577,27.985,120.676,27.985,120.67851,4,202,0
845,2847,-29.22432375,-55.98585689,28.06506,120.57549,28.041041,120.588459,9,50,0
1895,2307,27.52750755,-1.27752166,27.96905,120.70307,27.957377,120.682574,-1,204,0
1424,2669,-16.73528882,-31.8239422,28.02108,120.60101,28.02459,120.60332,3,70,0
1421,2129,0.553763588,-11.59029469,27.98936,120.6427,27.98951,120.64774,-1,160,0
1560,2116,-38.93053161,-40.19504387,28.034241,120.588717,28.04925,120.60197,-1,4110,0
318,1184,6.793821239,-16.97894203,27.97271,120.64743,27.982012,120.645724,5,13791,0
1058,2450,-58.81564096,-15.24784045,28.04752,120.63044,28.04901,120.63968,7,4459,0
1,912,32.61508175,22.17887713,27.97014,120.75603,27.98324,120.72334,10,14,0
935,2915,14.80790368,15.56359028,27.97987,120.68111,27.98732,120.68157,4,82,0
353,1736,-44.91571484,-35.16781687,28.04744,120.60876,28.029592,120.6244,7,48,0
510,1085,-34.29281881,-37.53880821,28.04567,120.60077,28.0257,120.6129,-1,8,0
436,919,-9.060425764,22.40728065,28.01004,120.66769,28.01517,120.66789,3,24,0
296,1989,61.10329909,-4.586606217,27.93013,120.81461,27.93336,120.81773,6,136,0
637,727,3.825036923,62.57601081,28.01522,120.68916,28.00933,120.69355,7,134,0
1806,2119,36.61450902,21.82435947,27.971111,120.759166,27.97513,120.74591,10,13,0
1618,2509,-19.94055759,-23.65801543,28.00977,120.60049,28.02225,120.60442,3,263,0
318,1975,-6.943464441,9.159596873,27.97271,120.64743,27.99941,120.66015,-1,12,0
409,599,33.8755186,4.748760905,27.95855,120.75661,27.97321,120.72684,10,63,0
247,328,8.947063221,45.489701,28.04031,120.70544,28.05929,120.65781,7,24,0
599,1187,29.50795143,3.45277443,27.97321,120.72684,27.96331,120.66311,-1,20,0
619,1521,-8.567440563,13.4686793,28.01319,120.65921,28.00551,120.66263,3,104,0
15,2963,4.672200986,-23.95798833,27.97664,120.63227,27.98802,120.61588,8,76,0
61,1342,-10.36747513,53.53681069,28.00969,120.67408,28.00491,120.67627,-1,2001,0
694,2392,-11.48845074,33.35692794,28.015,120.686,28.00878,120.68835,7,79,0
2303,2793,44.61965805,4.264772077,27.90821,120.80227,27.96841,120.73048,-1,2,0
972,2398,37.54835808,-34.95413296,27.94366,120.68317,27.923249,120.687804,-1,704,0
556,1105,-18.32148803,7.383545532,27.99014,120.62903,28.00791,120.64843,-1,22,0
678,955,-64.83445495,7.143287837,28.04554,120.65654,28.04133,120.65311,7,6112,0
2190,2508,13.33614926,11.34026758,27.98235,120.67423,27.96724,120.66561,5,168,0
1549,2901,27.49894912,47.23225273,27.98966,120.70619,27.97339,120.7071,-1,54,0
951,1666,61.0805332,4.885793298,27.90882,120.83189,27.90314,120.82835,6,70,0
1687,2968,-25.00919646,10.35764952,28.0134,120.65344,28.02802,120.6546,-1,2,0
912,2241,38.87763073,43.05946113,27.98324,120.72334,27.98751,120.72346,-1,28031,0
1407,1774,1.087798667,-15.96799546,27.97235,120.62717,27.99094,120.65242,-1,5,0
147,2575,-15.22454534,-29.75954369,28.01625,120.60085,28.02926,120.59028,-1,38,0
1521,2220,-8.292093936,11.03724378,28.00551,120.66263,28.00312,120.65703,3,12,0
160,1821,39.52222805,28.99075978,27.97864,120.71467,27.98011,120.74803,10,62,0
454,2519,3.806912365,-1.38731,27.98,120.66708,27.99715,120.70087,-1,0,0
1151,2517,-40.72164896,-56.36783542,28.082463,120.58878,28.08227,120.59052,9,51190,0
846,1449,6.145036804,67.98232705,28.00453,120.74869,28.01592,120.69364,7,0,0
1970,2128,62.90268822,22.32008129,27.87,120.788,27.8883,120.80901,6,367,0
257,1856,-42.17356818,-48.13436486,28.076984,120.602335,28.07457,120.58762,9,316,0
2236,2846,3.177556979,23.35965089,27.9946,120.674,28.00084,120.68266,4,20,0
415,1952,-42.55307137,17.56138121,28.01975,120.65219,28.01814,120.64798,3,79,0
1119,1998,-1.839700489,-27.74840578,27.98495,120.62353,27.987217,120.623164,8,4070,0
1948,2160,46.38140112,21.14017841,27.96583,120.74971,27.9668,120.7548,10,23236,0
422,2672,6.753617197,67.28091278,28.00525,120.70299,28.02026,120.69523,7,0,0
638,1446,1.618589975,-48.84506282,27.99736,120.62159,27.98015,120.60519,8,368,0
780,2080,-1.774117602,21.81008657,28.01006,120.68043,27.994449,120.671107,4,28,0
2370,2594,-38.939171,-50.60602871,28.08375,120.59178,28.08581,120.59066,9,214,0
746,1108,29.06185654,-11.97425084,27.94545,120.66986,27.924685,120.69711,-1,16,0
1221,2860,-46.27158384,-45.87536753,28.074942,120.604791,28.0702,120.62208,9,413,0
1386,1699,1.504485074,44.01701066,27.98557,120.68544,27.97659,120.67899,-1,281,0
482,952,47.6924437,17.56568675,27.97359,120.74776,27.97169,120.76145,10,265,0
1581,2046,64.41245824,5.729881658,27.90633,120.81918,27.88702,120.81085,6,16,0
2176,2214,13.82657834,-8.300977884,27.95843,120.65338,27.9598,120.68203,5,55,0
149,1390,-22.62119247,21.08951667,28.01646,120.65935,28.016044,120.659337,3,9,0
1455,2197,-58.68506948,-27.10460067,28.03905,120.62757,28.04449,120.62163,7,1295,0
408,761,-57.19298821,-1.939758863,28.05042,120.6339,28.02569,120.64175,7,79,0
1058,2733,-40.77176697,-4.693218148,28.04752,120.63044,28.019524,120.631948,-1,0,0
2241,2564,25.61522589,28.03606181,27.98751,120.72346,27.96169,120.70433,-1,30,0
450,995,18.77380267,-32.50056831,27.96474,120.57156,27.941,120.574,-1,16,0
1596,2323,-46.78798025,16.20495732,28.027266,120.655901,28.02463,120.6447,7,401,0
570,1899,-41.75871755,-45.18911448,28.0722,120.5703,28.06248,120.60338,9,291,0
430,2157,7.82397361,41.87012316,28.00437,120.69558,28.01324,120.69695,7,26,0
722,2699,55.75886009,-1.603960561,27.92889,120.82314,27.92749,120.82481,6,62,0
758,2915,7.964461299,18.94338794,27.99542,120.68153,27.98732,120.68157,4,2,0
123,2594,-40.72014679,-54.75931904,28.08948,120.58851,28.08581,120.59066,9,9834,0
677,1285,-57.67736727,-30.60824671,28.040628,120.619569,28.04108,120.61641,7,16310,0
619,1286,-39.1301064,27.49210131,28.01319,120.65921,28.01117,120.65006,3,562,0
1104,2446,-6.852661179,37.49202413,27.99923,120.67458,27.98763,120.66308,4,6,0
1689,2511,-43.20305784,23.47026102,28.02095,120.64389,28.015241,120.649988,3,272,0
943,2074,32.41020101,44.36765656,27.98369,120.71502,27.986124,120.709577,7,2680,0
609,1593,-31.52908966,7.149922551,28.02096,120.62016,28.02516,120.64698,-1,69,0
1105,2890,-35.33606004,-2.216539663,28.00791,120.64843,28.02424,120.6348,3,26,0
1336,1764,9.816348159,-28.14053293,27.969089,120.613306,27.96875,120.60619,8,32,0
1555,2656,-58.92477917,11.82160212,28.043798,120.657967,28.024797,120.649708,7,10,0
1679,2010,17.18697677,31.87312113,27.99338,120.70875,27.99742,120.68104,-1,11,0
155,2051,61.93419564,8.169967028,27.90066,120.82456,27.91544,120.83871,6,195,0
824,1673,-17.04603452,-1.855738788,28.002956,120.643807,28.00217,120.64577,3,1152,0
2475,2690,12.56520227,45.35473312,28.013766,120.701869,28.00749,120.70643,7,41,0
60,1660,54.61980335,8.053107807,27.89629,120.80392,27.91134,120.80988,6,76,0
464,1191,13.2901622,-21.82550018,27.9659,120.64111,27.95227,120.64535,-1,0,0
1791,2789,61.8421071,18.30232039,27.86862,120.78313,27.87222,120.79381,6,169,0
1117,2193,5.797366473,46.13194792,28.02055,120.68861,28.02136,120.69276,7,94,0
109,1331,-41.30904243,-25.7159968,28.03316,120.59087,28.07361,120.61293,9,57,0
573,868,-31.01510223,43.24158965,28.014374,120.672952,28.01279,120.66871,3,265,0
47,2301,46.22804675,12.88685703,27.97433,120.75967,27.97211,120.77582,10,1004,0
2292,2371,-16.59326133,-51.61256772,28.04572,120.58643,28.03981,120.57351,9,0,0
1217,1605,-46.00519997,2.88591429,28.02385,120.64132,28.01353,120.6398,3,14,0
794,2228,18.30095445,-31.68752883,27.96834,120.57402,27.94986,120.5872,-1,27,0
1134,1453,-9.063864259,-17.31657316,27.99644,120.63354,27.99832,120.6366,-1,3972,0
89,606,-25.41514549,7.869889015,28.0164,120.65703,28.004829,120.6409,3,23,0
382,1087,-17.39932617,25.29920683,28.01967,120.6623,28.02274,120.66726,3,35,0
267,1850,69.35279712,20.58912705,27.87206,120.80251,27.86362,120.81173,6,172,0
2899,2929,-51.57310564,16.15077081,28.02802,120.65472,28.026713,120.658442,7,273,0
410,2962,53.00760357,-11.87184398,27.95123,120.82795,27.95764,120.82445,6,7132,0
1870,2227,7.709203326,5.695101751,27.99576,120.6574,27.98375,120.66578,-1,12,0
1435,2009,-53.84041801,-15.47633087,28.046174,120.636789,28.04976,120.647462,7,119,0
365,1699,13.24692756,6.443764594,27.98328,120.65734,27.97659,120.67899,-1,46,0
487,2756,-1.292699718,42.53387385,27.98776,120.67428,27.98645,120.68772,4,326,0
2176,2539,14.80534124,-21.60769948,27.95843,120.65338,27.97231,120.62724,-1,31,0
332,2321,-1.457873402,55.78332155,28.00341,120.68731,28.00217,120.69033,4,195,0
2642,2899,-38.13691483,6.13734104,28.03965,120.64593,28.02802,120.65472,7,5,0
609,2055,-39.69999273,-4.993714662,28.02096,120.62016,28.02288,120.63142,-1,73,0
741,972,15.46372066,-11.0071012,27.95095,120.65688,27.94366,120.68317,5,27,0
1284,1454,34.85290858,-19.55121959,27.94439,120.71319,27.92271,120.7068,-1,14,0
913,1932,-20.57431717,15.02641188,28.01042,120.65885,28.01062,120.65932,3,64,0
1826,2153,31.2107608,-29.2353562,27.92285,120.68994,27.91643,120.68875,3,19,0
1839,2667,46.2233052,30.98731306,27.97706,120.75192,27.98624,120.73426,10,103,0
128,1689,-33.83389113,7.168764211,28.0248,120.64971,28.02095,120.64389,-1,8,0
1296,2111,70.41957015,8.464242234,27.89897,120.79855,27.88503,120.79691,6,88,0
27,1591,14.70495734,57.80809417,28.00949,120.71444,28.00528,120.70899,7,2216,0
259,1506,-64.83533968,11.82672246,28.05022,120.66531,28.02799,120.66168,7,88,0
644,1247,-18.44305911,11.30642113,28.01278,120.65944,28.00929,120.65212,3,88,0
325,2659,66.31687729,15.92202913,27.867766,120.811222,27.86472,120.81605,6,112,0
1100,1169,-16.58436247,-25.5299349,28.00741,120.61911,28.01606,120.6036,-1,16,0
2250,2934,44.56534603,-35.06023805,27.92446,120.6923,27.92333,120.69182,3,1420,0
812,1648,-24.1097611,14.4084291,28.01375,120.6551,28.01215,120.65684,3,58,0
585,2142,20.80177449,28.49066002,28.00115,120.70215,27.98684,120.71242,7,29,0
462,1600,35.10979911,-27.10689185,27.92121,120.70312,27.92162,120.70502,3,20,0
426,2012,-57.57569982,-0.465872083,28.025933,120.641498,28.02392,120.644412,-1,576,0
2511,2703,-32.77567234,16.03157873,28.015241,120.649988,27.99103,120.63464,-1,0,0
1103,1923,-0.370795184,-14.02006316,27.97694,120.62826,27.99631,120.64437,-1,18,0
1160,1958,-41.1004433,39.23648729,28.01525,120.66252,28.01842,120.65967,3,1348,0
2366,2842,16.67852514,20.65988331,27.97973,120.67677,27.98853,120.69743,-1,63,0
916,1402,-16.23993638,16.31010962,28.01381,120.65692,28.014576,120.681581,3,61,0
841,1385,-44.27612773,-1.087450514,28.0171,120.63698,28.05153,120.62762,-1,17,0
726,1955,-10.90362775,-0.848123639,28.00074,120.64324,28.00278,120.646,3,164,0
751,1424,-23.98518434,-28.38241725,28.02449,120.61195,28.02108,120.60101,3,423,0
402,589,-37.07824553,38.39203806,28.01188,120.66205,28.013126,120.664223,3,572,0
63,2542,-23.41169551,-19.65412457,28.01488,120.61139,28.01903,120.61189,3,123,0
426,924,-57.97992199,4.160457397,28.025933,120.641498,28.03883,120.63972,7,9,0
621,2791,4.141927131,-54.36091363,27.98848,120.61075,27.99739,120.58551,8,1042,0
1638,1758,0.524595203,13.92596781,27.99258,120.67111,27.99447,120.68038,4,16,0
823,1191,21.15841668,-13.73086413,27.9511,120.66043,27.95227,120.64535,5,64,0
599,2360,48.78323709,28.10530007,27.97321,120.72684,27.97589,120.75072,10,102,0
859,1470,25.87816229,-5.531220454,27.95386,120.68203,27.97225,120.68006,5,283,0
708,2332,1.141732325,-2.453806288,27.9343,120.7072,27.92441,120.70401,3,62,0
402,1546,-36.52266215,39.30660349,28.01188,120.66205,28.014012,120.66431,3,583,0
1293,2713,53.02640187,-4.733392567,27.93743,120.83414,27.9236,120.82555,6,45,0
1608,2729,-60.45811328,-16.37772291,28.0453,120.65749,28.05359,120.63947,7,353,0
2220,2620,-15.91036737,39.71813439,28.00312,120.65703,28.005401,120.667985,3,0,0
235,402,-16.05332677,13.45752052,28.00874,120.65984,28.01188,120.66205,3,0,0
65,1736,-35.18683599,-4.229996556,28.02326,120.631402,28.029592,120.6244,7,2,0
270,646,-22.88616256,43.94456315,28.01764,120.68649,28.02101,120.67872,-1,405,0
812,1105,-38.44371001,26.97449248,28.01375,120.6551,28.00791,120.64843,3,157,0
1149,1506,-11.8713463,27.36161217,28.02051,120.67683,28.02799,120.66168,-1,2,0
192,2263,-9.658656308,10.79755454,28.002732,120.666557,28.00726,120.65848,3,36,0
619,2433,-21.22849102,19.31921491,28.01319,120.65921,28.02202,120.66394,3,111,0
489,615,-5.770886625,44.27459533,27.99167,120.67799,27.99109,120.67677,4,5443,0
457,2632,13.85364212,52.88654262,28.01851,120.70462,28.0072,120.71529,7,87,0
599,2075,31.94156884,-5.726928422,27.97321,120.72684,27.94054,120.69195,-1,76,0
136,2544,-21.53730353,6.405088415,28.01434,120.65091,28.01046,120.64997,3,25,0
62,2005,34.72453182,-28.02452515,27.92028,120.70493,27.92325,120.6878,3,15,0
1335,2309,60.02902084,-6.392221742,27.92006,120.82563,27.92657,120.81725,6,218,0
642,2835,71.48092955,-7.614871956,27.942723,120.757662,27.94411,120.78597,-1,293,0
811,2005,30.57185506,-21.19004826,27.92878,120.69672,27.92325,120.6878,3,0,0
204,2182,10.2054816,-36.86752397,27.99015,120.62566,27.96515,120.61124,8,4,0
673,2840,-34.22529131,-39.87633753,28.05464,120.60495,28.04323,120.58656,-1,15,0
682,1807,-59.86484987,-25.71764848,28.0412,120.629,28.040568,120.63282,7,15405,0
1519,2496,45.24088445,16.4501492,27.97433,120.75966,27.94412,120.76969,10,34,0
1133,2119,39.08066379,28.41085633,27.97533,120.72453,27.97513,120.74591,10,34,0
148,1922,63.71899928,13.86249063,27.87141,120.8205,27.85558,120.80096,6,34,0
814,2784,-48.92216506,-43.36287751,28.06065,120.61145,28.05184,120.61542,7,4981,0
674,2588,-9.698370635,-41.35762176,28.02488,120.58073,28.02213,120.5743,9,80,0
841,2053,-48.59068054,5.378065225,28.0171,120.63698,28.01003,120.63016,-1,173,0
1528,1595,-37.84009679,-2.170383377,28.01484,120.64575,28.03104,120.63718,-1,2,0
182,1428,-26.63283127,-19.30535398,28.01939,120.61656,28.02259,120.62662,-1,39,0
461,756,66.06405436,6.436261734,27.8974,120.81737,27.90472,120.82388,6,133,0
1100,1400,-23.23724109,-15.97882518,28.00741,120.61911,28.01833,120.60806,-1,22,0
1782,2444,-6.738011938,49.37976914,27.997236,120.700653,27.99277,120.67775,-1,17,0
644,2229,-9.012526097,12.88127011,28.01278,120.65944,27.99852,120.65649,3,45,0
314,1865,43.6559058,30.73077188,27.97965,120.74458,27.97506,120.73909,10,219,0
916,2744,-19.07003252,7.279706463,28.01381,120.65692,28.0132,120.654,3,6,0
2343,2380,31.49780021,-50.48186912,27.866719,120.675409,27.87032,120.66347,3,21,0
651,1981,-39.61214234,-34.47260472,28.05562,120.60146,28.04382,120.61146,7,54,0
1152,1700,-17.74804062,6.576138654,28.013647,120.656985,28.01007,120.66068,3,20,0
1527,1871,8.599300571,-8.145037661,27.97296,120.6485,27.96874,120.65488,5,50,0
1399,1400,-25.94764933,-24.5518457,28.024487,120.608733,28.01833,120.60806,3,1463,0
606,849,4.090110622,-6.567246685,28.004829,120.6409,28.01215,120.65165,3,26,0
392,2779,56.68653219,6.503320217,27.90266,120.80723,27.9069,120.82629,6,51,0
1362,2779,63.39449331,6.972674558,27.89369,120.80917,27.9069,120.82629,6,23,0
1651,2882,45.5282952,25.00255094,27.97707,120.74717,27.970769,120.742755,10,189,0
194,2427,1.781076388,24.41585672,28.0005,120.67726,28.0086,120.6772,4,9,0
3,2938,-21.02077298,-45.79764807,28.03927,120.5877,28.02158,120.59654,-1,4,0
364,1590,-9.064105257,-34.12593508,28.01704,120.5833,28.02239,120.59436,-1,40,0
58,1956,38.38306307,30.90784454,27.97969,120.74181,27.96946,120.72066,10,24,0
633,2841,17.40737029,34.85392404,27.98491,120.70392,28.000286,120.70749,-1,12,0
2365,2483,-20.43166857,-29.61489633,28.01894,120.59618,28.02455,120.61196,3,34,0
675,1903,37.97244952,-37.86026074,27.91318,120.6689,27.92249,120.67905,3,271,0
1497,2653,-21.89521387,-53.25352842,28.042251,120.587483,28.03697,120.58917,9,33,0
692,727,3.151322569,59.81477073,28.00622,120.6991,28.00933,120.69355,7,763,0
2241,2578,25.99231107,30.67539916,27.98751,120.72346,27.99188,120.71874,7,0,0
1088,1812,-26.48858196,8.999162309,28.016654,120.650607,28.01671,120.64947,3,10,0
741,2021,35.06506257,-33.90445979,27.95095,120.65688,27.92043,120.68424,-1,17,0
176,936,-38.45640436,-3.916898169,28.02521,120.6105,28.02145,120.63334,3,70,0
343,499,-55.06575179,-25.16209903,28.03943,120.62365,28.04339,120.62726,7,173,0
1724,1839,16.62213112,39.5092633,28.00258,120.70728,27.97706,120.75192,-1,20,0
1439,1746,19.3690971,38.88732313,28.005515,120.719495,27.99484,120.70984,7,2,0
288,2016,36.81124634,-23.10642652,27.92329,120.7048,27.92264,120.70453,3,5,0
454,663,7.541936338,3.472561623,27.98,120.66708,27.97693,120.66377,5,2858,0
1807,2729,-56.28911767,-13.91374367,28.040568,120.63282,28.05359,120.63947,7,18,0
79,1877,31.44113027,-25.26055829,27.921889,120.696181,27.928215,120.695478,3,31,0
328,895,-67.79929918,17.94766029,28.05929,120.65781,28.03688,120.73858,7,16,0
76,1746,20.12305785,37.60283533,27.99619,120.71034,27.99484,120.70984,7,18,0
2353,2901,24.95550901,0.380418302,27.973777,120.682079,27.97339,120.7071,-1,28,0
466,1421,-4.664199837,-14.47171864,27.993,120.6404,27.98936,120.6427,8,94,0
1419,2092,-51.26469472,-5.635380857,28.01125,120.62553,28.0195,120.63455,-1,152,0
1050,1582,5.728061789,-3.386931886,27.976339,120.671208,27.96936,120.67444,5,0,0
758,2787,-1.120445159,28.98541983,27.99542,120.68153,28.00461,120.6752,4,110,0
403,2564,32.54430528,41.21077493,27.98093,120.71034,27.96169,120.70433,-1,284,0
518,2456,-20.81702922,34.07914241,28.025347,120.666909,28.022125,120.670739,3,80,0
1562,2963,-3.068449517,-38.05297283,27.99767,120.57531,27.98802,120.61588,8,0,0
1309,1733,-42.12051742,-16.84082018,28.0834,120.6882,28.0677,120.68542,-1,83,0
310,812,-22.62522812,17.41846532,28.01428,120.65834,28.01375,120.6551,3,233,0
1445,1818,21.84084794,28.10488731,27.99263,120.7145,27.98955,120.71298,7,5,0
1285,1428,-40.19588906,-6.275067376,28.04108,120.61641,28.02259,120.62662,7,8,0
724,1262,3.6277571,3.337888618,27.99279,120.64931,27.98453,120.66027,-1,126,0
211,2776,-9.953411823,-33.19056898,28.01211,120.58988,28.01919,120.588,9,8,0
1321,2755,1.488579452,29.03992513,27.99863,120.68954,27.99953,120.68067,4,5,0
1718,2756,16.59977892,34.95609077,28.001831,120.717278,27.98645,120.68772,-1,2,0
136,415,-27.31826693,11.22659925,28.01434,120.65091,28.01975,120.65219,3,7,0
338,1574,44.54189565,34.01034799,27.978332,120.738888,27.980622,120.731705,10,246,0
306,2520,26.89920775,-21.10778012,27.93177,120.67802,27.92895,120.69631,-1,14,0
1093,1398,-15.41355727,-34.32940983,28.03228,120.58055,28.02438,120.60303,-1,77,0
2237,2272,43.67515639,-30.99282205,27.92797,120.69797,27.91974,120.69145,3,417,0
120,1626,-17.89542256,-23.13096125,28.0183,120.607999,28.01389,120.60169,3,121,0
1384,2318,-28.71652004,7.725814152,28.023261,120.644248,28.0217,120.647,3,25,0
950,1166,5.592546915,-41.75714569,27.98069,120.61263,27.95794,120.60138,-1,106,0
2149,2342,16.85094024,22.61507972,27.98472,120.69611,27.96902,120.74658,-1,24,0
1360,2540,2.366873672,48.60467382,27.993854,120.698744,27.991878,120.694119,4,529,0
1454,2357,30.28312369,-16.48590721,27.92271,120.7068,27.92044,120.6689,3,0,0
181,2788,19.11290287,3.663972088,27.97517,120.69185,27.96243,120.65546,-1,0,0
1095,2824,46.00480816,-19.77812783,27.92474,120.70282,27.92444,120.70304,3,387,0
1699,1980,14.55245099,6.869080572,27.97659,120.67899,27.9546,120.667,5,39,0
188,1764,11.4640955,-36.16412188,27.97988,120.63103,27.96875,120.60619,8,15,0
635,2123,33.04318027,-40.73794712,27.91455,120.66062,27.92383,120.67387,3,60,0
955,1596,-53.23446661,15.00442616,28.04133,120.65311,28.027266,120.655901,7,69,0
697,2331,31.25661907,-26.61090728,27.92414,120.70279,27.92645,120.67635,3,10,0
270,1482,-12.27902713,31.80992609,28.01764,120.68649,28.02168,120.67042,-1,0,0
1151,1560,-34.96638974,-47.39577364,28.082463,120.58878,28.034241,120.588717,9,68,0
409,1948,45.5618711,21.22992267,27.95855,120.75661,27.96583,120.74971,10,1634,0
615,1369,7.343510706,13.51903825,27.99109,120.67677,27.98473,120.6773,4,50,0
1443,1482,-23.43027534,38.63751575,28.02212,120.67074,28.02168,120.67042,3,224,0
691,2513,-41.02223056,-43.80472518,28.05782,120.58736,28.060569,120.603702,-1,25,0
994,2109,-40.227816,29.72983304,28.01318,120.65352,28.01345,120.65446,3,234,0
1713,2862,-49.37377254,-9.036367642,28.01567,120.62619,28.01436,120.62323,4,341,0
745,1828,-59.58389583,8.731966216,28.04541,120.65027,28.039716,120.651201,7,112,0
73,2235,-22.17782654,-4.533374992,28.01003,120.63314,28.013323,120.632305,-1,58,0
502,999,8.43586955,-12.67331563,27.975415,120.651576,27.95989,120.64875,5,49,0
449,795,31.59856227,-16.43083832,27.93173,120.70133,27.91839,120.66065,3,61,0
2142,2300,22.19529452,36.52607195,27.98684,120.71242,27.99832,120.72424,7,70,0
866,1852,45.30558658,22.308417,27.97155,120.73972,27.96059,120.7497,10,252,0
1293,1601,53.69026154,-12.05315671,27.93743,120.83414,27.94796,120.8414,6,2398,0
766,1713,-17.74213523,-14.32089629,28.00726,120.61292,28.01567,120.62619,4,76,0
402,1152,-17.98380927,6.169084793,28.01188,120.66205,28.013647,120.656985,3,2,0
595,2621,-26.07794537,45.50778262,28.01681,120.67808,28.01036,120.67777,-1,1016,0
959,994,-33.74027597,26.30603087,28.009115,120.657413,28.01318,120.65352,3,290,0
1125,2534,0.16401273,-23.09368927,27.987701,120.628236,27.986553,120.628013,8,50,0
298,1288,34.13723663,-26.09987163,27.92054,120.70164,27.91607,120.69654,3,24,0
1243,1993,61.47323643,17.61947191,27.86417,120.78289,27.8714,120.79231,6,29,0
1055,1557,72.72742371,4.241696617,27.89321,120.79688,27.90165,120.81193,6,502,0
1503,1883,-13.48767664,-46.6604454,28.0363,120.5857,28.02719,120.57728,9,138,0
872,1421,2.253418957,-9.713163712,27.98477,120.64882,27.98936,120.6427,-1,16,0
1133,2154,40.13047161,21.96721701,27.97533,120.72453,27.96748,120.75293,10,53,0
197,1477,-2.204399207,19.91479805,27.99572,120.67266,27.994742,120.671881,4,32,0
1769,2425,15.88565217,35.26235205,27.998722,120.707177,28.001305,120.717516,7,26,0
2099,2540,1.043391509,47.03744026,27.99084,120.68506,27.991878,120.694119,4,306,0
2379,2831,-41.53288763,-14.44595698,28.04982,120.6511,28.04021,120.64658,7,18,0
1551,1815,0.643392807,-2.842884129,27.92018,120.69169,27.92444,120.68972,3,30,0
1194,2261,20.71712804,0.05219366,27.9573,120.67705,27.97054,120.68557,5,25,0
457,467,6.430110222,45.42101053,28.01851,120.70462,28.012398,120.68848,7,45,0
1977,2567,-2.309384152,14.3927402,27.99753,120.67522,27.992138,120.656444,4,18,0
195,1736,-51.75042531,-23.90867393,28.041109,120.62863,28.029592,120.6244,7,28,0
382,2628,-33.15590066,40.81397391,28.01967,120.6623,28.01511,120.67465,3,9,0
578,1903,33.24491059,-36.38752534,27.91219,120.68358,27.92249,120.67905,3,6,0
1070,2496,47.41835824,2.478660719,27.97374,120.7589,27.94412,120.76969,10,0,0
2022,2176,16.94578875,-13.70820809,27.94096,120.64958,27.95843,120.65338,5,170,0
1386,2369,-1.562667968,38.357958,27.98557,120.68544,27.99489,120.68014,4,18,0
766,1620,-18.22223813,-14.24098872,28.00726,120.61292,28.01578,120.62194,4,299,0
2190,2446,6.900866451,6.832260059,27.98235,120.67423,27.98763,120.66308,-1,1737,0
27,2618,12.56431432,59.87571249,28.00949,120.71444,28.016323,120.704,7,348,0
255,1218,58.12325486,7.572869071,27.91211,120.79786,27.91539,120.8198,6,42,0
895,1441,-62.45937341,11.64141812,28.03688,120.73858,28.04381,120.65767,7,38,0
160,2244,24.41804436,29.47851134,27.97864,120.71467,27.985555,120.71778,-1,5,0
1341,2232,24.90960233,51.84811812,27.9986,120.70953,27.99607,120.71016,7,425,0
1814,2021,30.93982435,-43.69080698,27.88108,120.671,27.92043,120.68424,3,30,0
1568,2756,7.529596751,20.0183739,27.98641,120.68048,27.98645,120.68772,4,31,0
655,2392,10.13922274,66.79461546,28.03962,120.71918,28.00878,120.68835,7,31,0
664,1977,-7.349912889,39.08182241,27.99313,120.67216,27.99753,120.67522,4,62,0
421,1888,60.34544151,8.484064104,27.91626,120.8268,27.89882,120.82105,6,106,0
1481,2185,12.50653016,-44.05331514,27.96111,120.6227,27.97251,120.60263,8,155,0
822,1119,-1.464031791,-26.31474744,27.98549,120.6218,27.98495,120.62353,8,156,0
1098,1912,-53.42503377,-18.04944378,28.0475,120.62333,28.05972,120.64548,7,44,0
107,2151,-46.18029481,-44.88990967,28.06205,120.61584,28.06452,120.61682,9,376,0
109,604,-19.49169181,-39.40759838,28.03316,120.59087,28.015777,120.594444,-1,13,0
1215,2150,1.94987871,-31.00698709,27.98702,120.60848,27.99711,120.58895,-1,6,0
415,2816,-55.97927353,2.93667583,28.01975,120.65219,28.04411,120.63996,-1,5,0
458,675,31.96569659,-44.75159412,27.87682,120.64507,27.91318,120.6689,3,13,0
220,2179,-4.931985839,-35.98517361,27.9974,120.58543,28.0058,120.593,-1,0,0
870,1480,49.13713692,-1.48763821,27.99111,120.78113,27.96194,120.78881,-1,30,0
836,2938,-22.42274987,-26.25863409,28.02242,120.60801,28.02158,120.59654,3,59,0
1218,2303,67.087011,-5.334432212,27.91539,120.8198,27.90821,120.80227,6,157,0
46,2509,-33.47818492,-31.41532284,28.04917,120.61056,28.02225,120.60442,-1,5,0
19,2127,-7.30048456,40.90662243,27.98443,120.66958,27.98869,120.6726,4,4804,0
1600,2069,35.60877526,-27.60069884,27.92162,120.70502,27.92095,120.70407,3,76,0
746,2075,32.634307,-7.840366074,27.94545,120.66986,27.94054,120.69195,5,54,0
1496,1980,22.36424548,3.165748115,27.97767,120.70127,27.9546,120.667,-1,8,0
1184,2788,8.324391002,-17.11670255,27.982012,120.645724,27.96243,120.65546,5,164,0
249,421,58.49979559,1.961838659,27.91719,120.84188,27.91626,120.8268,6,15,0
77,2939,-37.00844199,29.40364764,28.00743,120.64853,28.011397,120.653141,3,970,0
1736,2189,-49.16791107,-4.897735465,28.029592,120.6244,28.01722,120.63141,-1,234,0
35,2547,-32.11333764,-52.61551881,28.06905,120.57281,28.077515,120.5896,9,52,0
857,2904,69.58465967,-7.870342256,27.93632,120.80777,27.95985,120.77797,-1,97,0
1843,2366,17.82073473,14.61697697,27.983923,120.680378,27.97973,120.67677,-1,388,0
133,1794,28.45169581,-7.820188413,27.9535,120.69621,27.94302,120.67619,5,3188,0
672,2399,16.01117748,-33.34049756,27.96719,120.59359,27.951096,120.598666,-1,27,0
937,2757,53.91349178,-11.85788942,27.94444,120.83533,27.95417,120.82421,6,1690,0
1557,2832,72.69400358,6.384100679,27.90165,120.81193,27.8881,120.80006,6,618,0
369,2374,51.74607955,-1.338084516,27.9277,120.83323,27.93982,120.7985,6,15,0
228,2658,0.807374232,-3.448829213,28.024509,120.644121,28.023438,120.62652,-1,26,0
1164,1441,-66.41828845,7.313538911,28.04057,120.64705,28.04381,120.65767,7,1064,0
89,600,-25.88424446,12.16583614,28.0164,120.65703,28.00892,120.64776,3,0,0
2399,2853,19.35944857,-42.29850331,27.951096,120.598666,27.97599,120.59211,-1,27,0
1321,2259,9.81244762,32.01317744,27.99863,120.68954,28.00154,120.69636,-1,39,0
198,2512,-6.029127574,38.06244494,27.99428,120.679324,27.99935,120.67604,4,422,0
1105,1955,-14.2205907,6.739729377,28.00791,120.64843,28.00278,120.646,3,40,0
1605,1938,-43.3053624,22.893126,28.01353,120.6398,28.01832,120.65141,3,228,0
984,1782,14.74245748,37.27017875,28.002192,120.710532,27.997236,120.700653,7,2,0
1736,2004,-33.31852438,-32.8369192,28.029592,120.6244,28.05469,120.58692,-1,4,0
1572,2372,-27.86829135,-33.14059926,28.02693,120.60664,28.023805,120.597166,3,837,0
1191,1194,16.50304538,-11.4862093,27.95227,120.64535,27.9573,120.67705,5,19,0
185,2316,-18.38460094,-32.37918112,28.021498,120.59653,28.0271,120.60091,3,6,0
1446,1481,11.74741092,-39.00173778,27.98015,120.60519,27.96111,120.6227,8,256,0
291,1847,-15.47292215,21.47826589,28.023257,120.659016,28.02474,120.6613,3,54,0
1679,1845,28.16472423,50.88642003,27.99338,120.70875,27.99406,120.72557,7,38,0
1678,2693,18.22032552,35.75423064,27.99551,120.70595,27.989197,120.703236,-1,26,0
219,525,35.4222711,-21.68971064,27.92298,120.70731,27.92276,120.70713,3,52,0
221,560,14.43367006,47.6765717,28.00742,120.71768,28.016323,120.703784,7,95,0
1098,2483,-48.8519408,-31.54018036,28.0475,120.62333,28.02455,120.61196,-1,43,0
1093,2177,-10.16291792,-46.89302045,28.03228,120.58055,28.024786,120.575538,9,1858,0
1275,2547,-36.03538493,-50.26888841,28.1014,120.58443,28.077515,120.5896,9,49,0
1581,2338,60.01260507,5.039770679,27.90633,120.81918,27.91182,120.82248,6,71,0
59,520,74.41279732,5.475284872,27.90238,120.80278,27.88953,120.79251,6,4813,0
2399,2539,12.63163639,-37.21511368,27.951096,120.598666,27.97231,120.62724,-1,26,0
109,1830,-24.82635673,-42.63794742,28.03316,120.59087,28.0362,120.58118,9,75,0
264,868,-35.85610015,40.95351756,28.01535,120.66232,28.01279,120.66871,3,480,0
391,561,-49.42361311,7.751681314,28.02273,120.64301,28.02374,120.641626,3,379,0
214,2431,-16.67004857,-9.124135046,28.01125,120.625528,28.0053,120.633,-1,149,0
1284,1511,36.63332981,2.974368055,27.94439,120.71319,27.97302,120.73654,10,6,0
2294,2899,-40.73979645,14.5506454,28.017358,120.65303,28.02802,120.65472,-1,66,0
604,1618,-9.509708181,-27.31234554,28.015777,120.594444,28.00977,120.60049,3,863,0
2022,2418,17.45529411,-12.20062924,27.94096,120.64958,27.93672,120.67951,5,10,0
76,1542,20.41275832,45.29420394,27.99619,120.71034,27.99711,120.71331,7,127,0
349,1706,35.83975998,-23.70114856,27.92317,120.70288,27.9208,120.70586,3,46,0
1526,2074,32.9455346,44.91732916,27.98884,120.71605,27.986124,120.709577,7,227,0
874,1273,-37.16152221,-16.96951943,28.04411,120.64767,28.02347,120.61544,-1,53,0
1342,2169,5.201491593,28.85664347,28.00491,120.67627,28.002851,120.698951,-1,7,0
48,2392,-9.375891689,29.05731289,28.01947,120.67661,28.00878,120.68835,-1,0,0
171,2229,-9.447670037,2.085976776,28.00072,120.63977,27.99852,120.65649,3,9,0
227,1189,-44.17387358,-31.07010595,28.05333,120.63083,28.04554,120.61485,7,243,0
619,2968,-21.7136604,16.93601671,28.01319,120.65921,28.02802,120.6546,-1,19,0
2263,2801,-31.95468364,27.29146346,28.00726,120.65848,28.01569,120.65545,3,113,0
841,1298,-49.46302631,3.530881447,28.0171,120.63698,28.01943,120.636564,3,2740,0
659,2539,13.76027332,-25.06673893,27.98025,120.58452,27.97231,120.62724,8,31,0
72,464,14.18171683,-25.0930725,27.97367,120.59704,27.9659,120.64111,8,8,0
2063,2211,35.91166454,-42.97262525,27.90108,120.68568,27.90973,120.63455,3,0,0
486,866,46.12018072,25.97673071,27.97508,120.74612,27.97155,120.73972,10,1210,0
332,2556,3.429773574,28.28685222,28.00341,120.68731,28.00322,120.7122,-1,15,0
1232,1608,-67.75470156,6.640226524,28.04357,120.651564,28.0453,120.65749,7,6500,0
1682,1996,40.41553233,33.59537733,27.96568,120.73665,27.96722,120.73585,10,1146,0
207,1767,-8.121779118,7.491872208,27.99871,120.65225,27.97914,120.65482,-1,7,0
3,865,-38.09630528,-38.55382018,28.03927,120.5877,28.0464,120.604,-1,470,0
1560,1830,-24.39404469,-45.68891835,28.034241,120.588717,28.0362,120.58118,9,432,0
73,2778,-9.086887274,-8.651073866,28.01003,120.63314,27.99859,120.64039,3,90,0
466,2295,-6.06592458,-17.0595305,27.993,120.6404,27.99006,120.64119,-1,135,0
609,1766,-50.0005507,-25.14806883,28.02096,120.62016,28.043254,120.617338,-1,2,0
618,2602,-23.05675666,-46.54389343,28.03155,120.59436,28.041463,120.586511,9,47,0
1398,2004,-35.01229472,-35.8846685,28.02438,120.60303,28.05469,120.58692,-1,4,0
1077,2373,-8.708237184,4.073817173,27.99632,120.65051,27.99672,120.65264,3,369,0
1679,2842,27.59448063,44.64397579,27.99338,120.70875,27.98853,120.69743,-1,189,0
519,827,-2.615050133,-12.60207891,27.98972,120.63892,27.989718,120.637748,8,17,0
1386,2519,25.66827395,46.1722731,27.98557,120.68544,27.99715,120.70087,-1,108,0
971,1509,53.18463497,3.433951976,27.92205,120.80111,27.9249,120.82617,6,45,0
736,1482,-12.31749709,31.30237019,28.02026,120.67933,28.02168,120.67042,3,0,0
2248,2793,23.54763874,3.75011451,27.97512,120.69186,27.96841,120.73048,10,2,0
467,529,-23.84719356,47.85326829,28.012398,120.68848,28.01174,120.68077,-1,857,0
42,2263,-32.88402076,34.35886664,28.0014,120.65569,28.00726,120.65848,3,1315,0
1679,2583,32.26977312,49.80122378,27.99338,120.70875,27.99181,120.71288,7,15,0
788,1433,-35.66694366,16.53650367,28.01601,120.64709,28.015196,120.648057,3,67,0
1176,2117,-27.59876856,11.07983951,28.01711,120.65265,28.0167,120.6534,3,10,0
1305,1697,66.7204085,-7.670627245,27.92668,120.81126,27.93044,120.81856,6,1672,0
1849,2865,66.26550551,4.677896915,27.89831,120.81286,27.90471,120.82127,6,73,0
1994,2239,-1.946301646,34.07054821,27.992378,120.669665,28.00222,120.68192,4,17,0
935,2481,14.89722863,11.09897026,27.97987,120.68111,27.97265,120.66766,-1,191,0
31,2890,-51.05058148,-0.060007036,28.02343,120.63235,28.02424,120.6348,3,95,0
695,2116,-39.07897457,-41.9448628,28.054694,120.586916,28.04925,120.60197,-1,253,0
639,1850,64.08045369,14.43119834,27.86661,120.82636,27.86362,120.81173,6,14,0
1937,2881,17.77185217,47.8319084,27.99978,120.71126,28.00606,120.714808,7,108,0
1483,2519,18.6163393,33.50280055,27.9897,120.71206,27.99715,120.70087,7,13,0
172,353,-38.47613571,-27.62086178,28.0428,120.62069,28.04744,120.60876,7,156,0
623,1470,29.48007793,-7.837228077,27.94373,120.68649,27.97225,120.68006,5,52,0
201,1988,-32.01915882,-6.379941186,28.0203,120.625,28.01854,120.63879,-1,32,0
1119,1306,1.014560159,-24.85725608,27.98495,120.62353,27.99383,120.62833,8,24,0
1212,1765,5.904365494,-55.16507943,27.99789,120.56689,27.9931,120.58597,8,202,0
2686,2687,7.218146732,46.44643869,28.0508,120.683,28.0443,120.70804,7,197,0
864,1512,-16.52274571,-47.80436149,28.03948,120.56891,28.04225,120.58748,9,26,0
1015,1650,-28.26543602,-6.76593344,28.02245,120.61239,28.020022,120.631375,-1,11,0
1731,2215,-37.09182058,24.74362988,28.00652,120.64463,28.01028,120.64503,3,349,0
1247,2767,-32.51477181,27.41783578,28.00929,120.65212,28.00293,120.64916,3,5,0
1510,2733,-47.6190414,-1.805657261,28.023269,120.632426,28.019524,120.631948,-1,90,0
1699,2901,16.42498136,9.726551754,27.97659,120.67899,27.97339,120.7071,-1,20,0
2307,2366,20.76772185,-2.385927928,27.957377,120.682574,27.97973,120.67677,5,5,0
149,959,-30.26036176,25.7027068,28.01646,120.65935,28.009115,120.657413,3,11,0
1288,2250,30.20865072,-28.32220291,27.91607,120.69654,27.92446,120.6923,3,26,0
1342,2715,-5.366028056,33.98206803,28.00491,120.67627,27.99435,120.66326,4,66,0
1528,2421,-27.09184558,8.37473459,28.01484,120.64575,28.014321,120.650131,3,70,0
365,1184,6.815932176,-12.53330901,27.98328,120.65734,27.982012,120.645724,-1,292,0
487,2239,1.771152187,25.90951201,27.98776,120.67428,28.00222,120.68192,4,7,0
1769,2556,25.06570028,54.48194434,27.998722,120.707177,28.00322,120.7122,7,70,0
797,1651,44.55797626,27.22296582,27.97373,120.74409,27.97707,120.74717,10,12864,0
2250,2297,38.45713112,-27.72214901,27.92446,120.6923,27.92659,120.71116,3,28,0
1232,1506,-61.41311903,7.398898196,28.04357,120.651564,28.02799,120.66168,7,95,0
876,1713,-28.99280209,-7.533828904,28.01851,120.63892,28.01567,120.62619,-1,96,0
2323,2415,-42.94258062,15.88383983,28.02463,120.6447,28.02,120.655,-1,102,0
1296,1727,71.27395529,7.209273443,27.89897,120.79855,27.91218,120.83617,6,2,0
951,1019,63.47761157,9.853503094,27.90882,120.83189,27.89391,120.81686,6,34,0
951,1581,63.20159405,4.144264489,27.90882,120.83189,27.90633,120.81918,6,151,0
1684,1841,2.42936767,-48.24536279,27.98796,120.61592,27.980151,120.605199,8,132,0
802,1759,-11.20979163,27.60616823,28.01624,120.67802,28.018481,120.682668,3,2,0
524,2305,42.59402891,31.99915545,27.98139,120.7382,27.98543,120.73922,10,98,0
58,2241,34.04099359,32.21784115,27.97969,120.74181,27.98751,120.72346,-1,141,0
1724,2768,22.77209687,48.16816579,28.00258,120.70728,28.00063,120.70509,7,41,0
2213,2733,-44.09294406,-2.821677702,28.0397,120.63304,28.019524,120.631948,-1,13,0
820,2690,11.84635737,56.95555305,28.00789,120.70721,28.00749,120.70643,7,981,0
1839,2802,47.60932927,30.02076402,27.97706,120.75192,27.98055,120.72944,10,236,0
280,2484,-36.89473951,-55.57415135,28.07993,120.58958,28.07449,120.5874,9,345,0
1455,2004,-32.49944793,-34.38311791,28.03905,120.62757,28.05469,120.58692,-1,28,0
1317,1982,26.84732546,39.83608477,27.995577,120.71498,27.98851,120.70899,7,42,0
89,317,-46.47245069,31.8768512,28.0164,120.65703,28.01994,120.655,3,1874,0
446,2549,5.345922337,-33.25895874,27.98581,120.61459,27.98841,120.58255,8,16,0
490,824,-11.28999505,-3.70369107,28.00307,120.6298,28.002956,120.643807,3,9,0
938,2288,12.78854744,43.29213653,28.00753,120.7083,28.014173,120.713536,7,47,0
2111,2789,65.50601997,20.08492386,27.88503,120.79691,27.87222,120.79381,6,219,0
644,2355,-13.54148117,22.43807269,28.01278,120.65944,28.02099,120.66672,3,13,0
1695,2085,-13.90734033,-45.74087164,28.02937,120.5775,28.04973,120.58807,9,14,0
246,1848,25.86377605,-12.4820984,27.95634,120.66596,27.96164,120.66747,5,10685,0
264,1528,-26.8970948,8.717142497,28.01535,120.66232,28.01484,120.64575,3,22,0
741,1194,20.21115215,-13.39568595,27.95095,120.65688,27.9573,120.67705,5,178,0
16,2515,-46.88257869,-45.84453571,28.07646,120.62205,28.06853,120.60201,9,219,0
709,2774,42.80058292,20.64274591,27.97153,120.73361,27.96407,120.76438,10,0,0
204,1311,8.018902491,-36.38852758,27.99015,120.62566,27.98966,120.57449,8,2,0
1764,2185,14.84510272,-45.14201005,27.96875,120.60619,27.97251,120.60263,8,27395,0
958,2887,-19.26088784,-57.72734162,28.04944,120.58116,28.04609,120.57533,9,3152,0
1552,2124,17.7980154,46.55192425,28.00524,120.72204,28.0048,120.764,-1,6,0
253,1254,20.74292283,8.330839057,27.9787,120.6874,27.97964,120.68734,4,97,0
647,672,9.05069896,-34.28433535,27.9749,120.63133,27.96719,120.59359,8,3,0
563,2642,-59.04490145,8.119086173,28.03956,120.65442,28.03965,120.64593,7,29,0
818,2788,18.01380959,-14.62612981,27.94749,120.64401,27.96243,120.65546,5,94,0
2189,2468,-30.5121114,0.49448726,28.01722,120.63141,28.022717,120.632107,-1,2,0
314,1317,24.40407912,32.63621715,27.97965,120.74458,27.995577,120.71498,-1,0,0
147,182,-27.54937584,-17.99327476,28.01625,120.60085,28.01939,120.61656,3,23,0
86,1653,-19.68531876,8.540013876,28.01563,120.65181,28.00714,120.65555,3,88,0
1275,1685,-40.01337296,-53.76789628,28.1014,120.58443,28.08692,120.5856,9,462,0
1141,1754,36.92403615,-36.57504596,27.933084,120.674452,27.920858,120.682988,-1,146,0
1956,2005,34.10132001,-7.522724115,27.96946,120.72066,27.92325,120.6878,-1,46,0
1249,1812,-32.9312681,17.14394647,28.00533,120.6479,28.01671,120.64947,3,12,0
949,2568,-21.03832187,-58.26358531,28.042263,120.582178,28.04901,120.58582,9,4055,0
204,1564,-1.592582339,-24.69721695,27.99015,120.62566,27.98944,120.62361,8,268,0
1256,1958,-27.05909835,17.30240534,28.01222,120.65195,28.01842,120.65967,3,93,0
702,1284,36.33425747,-1.440863936,27.94104,120.72061,27.94439,120.71319,10,64,0
1812,2712,-38.01689125,18.84258732,28.01671,120.64947,28.01694,120.64891,3,159,0
1807,2450,-56.78079638,-13.64369021,28.040568,120.63282,28.04901,120.63968,7,48,0
638,1103,-0.507245216,-18.21125042,27.99736,120.62159,27.97694,120.62826,8,42,0
415,1736,-40.27187364,15.63805291,28.01975,120.65219,28.029592,120.6244,-1,15,0
365,1870,-0.438829183,3.278909439,27.98328,120.65734,27.99576,120.6574,-1,1310,0
1030,1990,-14.73593039,20.96060745,28.02341,120.66131,28.02045,120.65999,3,22,0
2568,2911,-29.6109252,-50.7113181,28.04901,120.58582,28.0692,120.57826,9,33,0
1053,1376,29.94422337,52.72636726,27.99068,120.7167,27.99176,120.72451,7,2326,0
1244,1255,-13.62216968,48.93860419,28.00503,120.67134,27.9997,120.67055,3,213,0
1796,2890,-62.81471016,-0.170756769,28.04071,120.63988,28.02424,120.6348,-1,875,0
1092,1680,19.89031188,-11.01195513,27.96187,120.66042,27.96413,120.67139,5,62,0
234,2614,-49.38079265,-6.507674044,28.01828,120.62547,28.01688,120.6293,4,2459,0
752,1141,22.75951827,-17.02622992,27.9454,120.65697,27.933084,120.674452,5,47,0
819,2303,69.23214719,-3.561387766,27.91736,120.79806,27.90821,120.80227,6,7817,0
464,911,12.90164776,-25.7161536,27.9659,120.64111,27.96141,120.73461,-1,0,0
486,550,27.53424058,33.53015613,27.97508,120.74612,28.0076,120.72365,-1,0,0
1443,2804,-19.91778651,36.28158924,28.02212,120.67074,28.02126,120.68452,-1,163,0
482,866,46.75922394,24.79739163,27.97359,120.74776,27.97155,120.73972,10,3254,0
2099,2366,12.83465852,11.68777718,27.99084,120.68506,27.97973,120.67677,-1,172,0
1338,1610,-42.55856156,-34.08404113,28.056963,120.625239,28.05249,120.60567,7,139,0
920,1166,16.93501219,-39.75057993,27.94553,120.6091,27.95794,120.60138,10,166,0
1071,1245,30.54950511,-22.03062451,27.92798,120.69488,27.92828,120.69722,3,206,0
811,1655,40.46799052,-19.37297339,27.92878,120.69672,27.92826,120.70156,3,27,0
1994,2428,-10.50258571,42.69972337,27.992378,120.669665,27.98819,120.6531,-1,232,0
823,2114,22.12983871,-15.00640638,27.9511,120.66043,27.94806,120.66035,5,2210,0
60,2966,71.44228071,3.72395217,27.89629,120.80392,27.90319,120.81717,6,430,0
1321,1386,0.745840592,52.27627173,27.99863,120.68954,27.98557,120.68544,4,43,0
2149,2693,28.65846146,45.26092526,27.98472,120.69611,27.989197,120.703236,-1,319,0
1386,2793,35.24081272,-0.793245553,27.98557,120.68544,27.96841,120.73048,-1,4,0
305,1713,-46.37375433,-4.712828741,28.008511,120.618079,28.01567,120.62619,4,60,0
1511,2957,35.16877358,24.29991929,27.97302,120.73654,27.9672,120.7319,10,67,0
602,741,14.24430599,-11.99925397,27.95585,120.65224,27.95095,120.65688,5,11,0
191,1860,17.12664534,3.69044851,27.96628,120.68116,27.97729,120.68651,-1,33,0
655,2379,-48.56249001,-13.63649544,28.03962,120.71918,28.04982,120.6511,7,28,0
1787,2454,19.50788586,-35.1320002,27.90939,120.56294,27.89775,120.56197,10,179,0
705,2053,-18.42561062,-7.618098779,28.00227,120.63088,28.01003,120.63016,-1,464,0
2318,2890,-31.27662536,0.331643664,28.0217,120.647,28.02424,120.6348,3,84,0
1478,1798,-33.78337452,-3.535008473,28.02333,120.63639,28.02324,120.63639,-1,40,0
54,669,-24.37041771,-7.345653679,28.018598,120.620672,28.01255,120.63174,4,19,0
1225,2223,60.02553157,-8.585397308,27.92421,120.82617,27.922663,120.824735,6,269,0
189,1025,4.44627582,38.13280883,27.98396,120.69007,27.992,120.69598,4,12,0
673,2515,-44.71502076,-45.9600707,28.05464,120.60495,28.06853,120.60201,-1,1096,0
1123,2176,14.17486164,-19.33840073,27.96552,120.64757,27.95843,120.65338,5,1693,0
2617,2657,-26.99937362,11.79610693,28.02136,120.65561,28.02002,120.64857,3,7,0
391,761,-44.57506598,2.884606055,28.02273,120.64301,28.02569,120.64175,-1,207,0
1506,2879,-62.11763115,1.885990888,28.02799,120.66168,28.040077,120.644167,7,126,0
2154,2305,38.31804194,21.21877899,27.96748,120.75293,27.98543,120.73922,10,12,0
4,2549,1.59303788,-34.94407823,27.98663,120.61963,27.98841,120.58255,8,3,0
202,1347,-37.26791192,30.5403391,28.0087,120.65515,28.01058,120.65406,3,9766,0
815,949,-14.60292206,-43.53321336,28.022225,120.579329,28.042263,120.582178,9,11,0
47,720,43.52998325,14.25139719,27.97433,120.75967,27.97976,120.74186,10,51,0
1005,1433,-30.76503438,11.20890884,28.00628,120.65332,28.015196,120.648057,3,31,0
613,1975,-6.454472549,10.05485293,27.999,120.659,27.99941,120.66015,3,4,0
477,2644,16.55837677,43.33665236,27.994763,120.731284,28.019199,120.784475,-1,3,0
1624,2445,3.470188244,-48.22891386,27.971715,120.608414,27.992515,120.595201,8,72,0
384,1988,-48.36548887,-0.347859869,28.01405,120.63301,28.01854,120.63879,-1,111,0
310,1515,-15.20178508,16.16542155,28.01428,120.65834,28.01034,120.65781,3,5,0
972,1163,29.80500557,-29.58434985,27.94366,120.68317,27.92297,120.68904,-1,15,0
1515,2294,-43.85283363,26.73137816,28.01034,120.65781,28.017358,120.65303,3,184,0
1278,2093,26.60750875,15.42060698,28.03156,120.78528,28.02905,120.78585,2,65,0
273,1232,-60.58218206,7.010460958,28.02613,120.64691,28.04357,120.651564,7,106,0
546,2153,35.58215218,-35.81840735,27.92076,120.68433,27.91643,120.68875,3,114,0
2146,2151,-37.44869567,-43.83025264,28.051431,120.600469,28.06452,120.61682,-1,71,0
331,1112,-55.1116779,-29.38138547,28.03958,120.62042,28.05274,120.62436,7,363,0
2873,2881,17.95688435,53.16542713,28.000323,120.727524,28.00606,120.714808,7,446,0
1980,2848,24.38432056,-3.578412026,27.9546,120.667,27.965369,120.686131,5,153,0
546,2123,37.36028391,-36.41265321,27.92076,120.68433,27.92383,120.67387,3,149,0
2282,2366,11.47745226,25.3130589,27.99125,120.69051,27.97973,120.67677,-1,47,0
1952,2914,-37.68608035,15.85543426,28.01814,120.64798,28.01922,120.64427,3,82,0
1105,2344,-35.45102878,23.7295494,28.00791,120.64843,28.000843,120.64058,3,67,0
565,1873,-23.97861743,24.49316045,28.00841,120.66454,28.01486,120.66325,3,401,0
549,2637,18.49998679,57.35902167,28.00025,120.7286,27.99476,120.73128,7,431,0
912,2305,41.37251332,40.18416556,27.98324,120.72334,27.98543,120.73922,10,154,0
609,761,-52.48466394,2.011761594,28.02096,120.62016,28.02569,120.64175,-1,562,0
284,2357,32.49947802,-15.42018221,27.92764,120.69437,27.92044,120.6689,3,64,0
202,1160,-17.61941823,13.87922455,28.0087,120.65515,28.01525,120.66252,3,10,0
2092,2840,-40.2692871,-4.570845995,28.0195,120.63455,28.04323,120.58656,-1,0,0
772,865,-47.28249891,-39.40853529,28.05187,120.61117,28.0464,120.604,7,3715,0
522,1612,-1.837138064,-39.68989074,27.95536,120.60011,27.9938,120.57017,-1,16,0
2005,2214,30.67235532,-9.087837465,27.92325,120.6878,27.9598,120.68203,-1,56,0
872,1286,-13.77882003,6.964198437,27.98477,120.64882,28.01117,120.65006,-1,41,0
61,1939,-8.203330901,52.13427053,28.00969,120.67408,28.00197,120.68016,-1,149,0
2362,2902,38.92484246,-28.41221034,27.92159,120.70412,27.92072,120.70621,3,140,0
142,1736,-39.26233417,-24.83007156,28.07201,120.60483,28.029592,120.6244,-1,36,0
489,1758,0.910455277,20.49049865,27.99167,120.67799,27.99447,120.68038,4,59,0
81,2841,10.56206101,37.9688707,28.003179,120.699031,28.000286,120.70749,7,47,0
740,1620,-49.80242342,-9.615175684,28.011421,120.622423,28.01578,120.62194,4,2472,0
677,2450,-56.40028706,-19.68992872,28.040628,120.619569,28.04901,120.63968,7,113,0
643,1506,-65.50134864,11.04268464,28.04355,120.65147,28.02799,120.66168,7,146,0
189,205,2.410159317,44.88836782,27.98396,120.69007,27.9885,120.68917,4,332,0
1698,1837,-0.032745311,-15.58112215,27.95861,120.665556,27.98603,120.63754,-1,2,0
1981,2450,-37.34259826,-28.59502056,28.04382,120.61146,28.04901,120.63968,7,8,0
115,1335,54.62491028,-10.50430052,27.94565,120.83188,27.92006,120.82563,6,34,0
1881,2365,-18.50525951,-27.23488685,28.01337,120.59429,28.01894,120.59618,3,124,0
928,1549,17.96210648,33.16626636,27.99601,120.708,27.98966,120.70619,7,0,0
1049,2281,-21.31477952,7.794935361,28.00814,120.66242,28.00143,120.63625,3,19,0
773,1244,3.61678671,18.41404377,27.989406,120.673557,28.00503,120.67134,-1,36,0
1134,2185,7.00353702,-36.55734251,27.99644,120.63354,27.97251,120.60263,8,5,0
277,1134,-13.14560523,-8.343718465,28.000512,120.631945,27.99644,120.63354,8,23,0
1855,2224,16.01161058,15.09969038,27.98606,120.67631,27.98445,120.67253,4,4278,0
2261,2612,23.34068751,0.512246777,27.97054,120.68557,27.97238,120.685041,5,175,0
1194,2593,23.84178241,-5.202693986,27.9573,120.67705,27.96314,120.66947,5,7149,0
176,1618,-15.76537437,-28.11381074,28.02521,120.6105,28.00977,120.60049,3,49,0
959,1049,-13.56616659,14.60941161,28.009115,120.657413,28.00814,120.66242,3,22,0
2712,2914,-41.00274543,19.0227837,28.01694,120.64891,28.01922,120.64427,3,255,0
394,2575,-25.70146892,-40.66285952,28.029211,120.593311,28.02926,120.59028,-1,11203,0
14,1506,-52.55657308,20.26498117,28.02496,120.66541,28.02799,120.66168,-1,3240,0
2355,2809,-16.18749043,26.76626784,28.02099,120.66672,28.022802,120.673347,3,50,0
531,1845,33.67896388,52.38387305,27.991394,120.71952,27.99406,120.72557,7,165,0
142,1112,-41.60849824,-24.92640295,28.07201,120.60483,28.05274,120.62436,-1,45,0
1412,2362,43.82537621,-28.84248943,27.92129,120.70489,27.92159,120.70412,3,1142,0
37,2209,9.293206354,1.53434018,27.97486,120.66789,27.96734,120.67106,5,97,0
1555,1828,-61.12900487,9.156590641,28.043798,120.657967,28.039716,120.651201,7,343,0
6,895,-63.92365546,18.10804842,28.0635,120.68056,28.03688,120.73858,7,6,0
1305,2496,62.35109761,-5.489279865,27.92668,120.81126,27.94412,120.76969,-1,179,0
123,1547,-39.23293843,-55.24082578,28.08948,120.58851,28.07752,120.5896,9,439,0
68,1560,-30.65924511,-18.88266151,28.02467,120.61708,28.034241,120.588717,-1,6,0
696,2668,20.36833709,-43.87046242,27.960958,120.569257,27.94903,120.59549,10,290,0
402,954,-24.33775836,26.44049072,28.01188,120.66205,28.018214,120.672196,3,25,0
1432,2733,-45.7146187,-3.144043446,28.00892,120.62295,28.019524,120.631948,-1,24,0
1879,1947,-2.073508472,36.67107321,27.999526,120.680665,27.98803,120.67876,4,17,0
1668,2881,17.05456405,53.98478933,28.014884,120.718151,28.00606,120.714808,7,99,0
655,1322,7.208134491,67.81504884,28.03962,120.71918,28.00798,120.69032,7,7,0
560,2616,12.69353716,61.70138916,28.016323,120.703784,28.018222,120.70197,7,1992,0
2214,2481,26.02104255,-7.084409487,27.9598,120.68203,27.97265,120.66766,5,170,0
682,955,-64.19792923,4.946857209,28.0412,120.629,28.04133,120.65311,7,388,0
906,2452,-19.41269924,15.87339511,28.01211,120.69386,28.0105,120.66068,-1,41,0
1338,1441,-50.90423658,-16.73617537,28.056963,120.625239,28.04381,120.65767,7,18,0
447,2564,29.37828239,1.49894362,27.99055,120.7118,27.96169,120.70433,-1,4,0
1308,2444,-3.842151678,43.50528659,27.98404,120.68203,27.99277,120.67775,4,609,0
281,1956,46.17529413,2.59625095,27.94397,120.77876,27.96946,120.72066,-1,20,0
1427,2119,44.93571508,28.52316848,27.98011,120.74983,27.97513,120.74591,10,296,0
111,956,11.14482444,-12.56816753,27.95612,120.65155,27.97159,120.65547,5,72,0
214,1424,-12.61139817,-11.54513749,28.01125,120.625528,28.02108,120.60101,-1,21,0
2063,2123,36.82685243,-38.00954251,27.90108,120.68568,27.92383,120.67387,3,53,0
475,1797,0.522699713,-25.72410923,27.98226,120.62389,27.98643,120.62096,8,78,0
966,2865,56.99525309,5.650753572,27.918388,120.823666,27.90471,120.82127,6,17,0
2307,2720,2.826257057,-3.428884898,27.957377,120.682574,27.97853,120.684,-1,2,0
635,675,36.95529243,-43.78532159,27.91455,120.66062,27.91318,120.6689,3,98,0
9,1421,-3.757327807,-13.0222739,27.99378,120.6501,27.98936,120.6427,-1,19,0
64,1347,-33.76011861,26.90855779,28.01276,120.65434,28.01058,120.65406,3,153,0
86,2617,-43.82244595,25.55103911,28.01563,120.65181,28.02136,120.65561,3,169,0
84,1443,-17.34043476,32.48330666,28.01988,120.68913,28.02212,120.67074,-1,6,0
313,2910,38.58656408,-45.8074641,27.900456,120.63408,27.896919,120.638597,3,1139,0
1737,2116,-19.33276541,-53.97251262,28.03968,120.57291,28.04925,120.60197,-1,103,0
2,2778,-15.30945776,-4.151436109,28.00506,120.63866,27.99859,120.64039,3,352,0
560,2736,11.28621117,38.94615849,28.016323,120.703784,28.008768,120.696683,7,17,0
59,1099,53.47453985,7.274968165,27.90238,120.80278,27.92578,120.79581,6,2,0
726,764,-6.810144314,0.605318885,28.00074,120.64324,28.00285,120.65381,3,2,0
2120,2942,-9.031116714,1.45341131,28.00312,120.65388,27.99994,120.64617,3,13,0
724,726,-8.585069431,-1.224156705,27.99279,120.64931,28.00074,120.64324,3,23,0
1722,2274,67.90840975,12.02850594,27.87744,120.7991,27.87983,120.81482,6,103,0
2140,2424,-8.105618232,19.38410806,28.01066,120.66821,28.01008,120.67058,3,24,0
1296,2913,65.85430757,-2.493246101,27.89897,120.79855,27.92081,120.81459,6,65,0
112,1159,-15.74252922,-20.3034882,28.01472,120.61007,28.02791,120.59925,3,15,0
1989,2691,55.62784813,-2.3166214,27.93336,120.81773,27.93204,120.83665,6,12,0
2575,2576,-25.13961875,-35.44132408,28.02926,120.59028,28.02963,120.5999,-1,689,0
2281,2446,-1.553596539,7.349527333,28.00143,120.63625,27.98763,120.66308,-1,16,0
1093,1312,-9.862125618,-46.05791265,28.03228,120.58055,28.023857,120.581022,9,559,0
646,692,-16.56611583,34.24462622,28.02101,120.67872,28.00622,120.6991,-1,40,0
73,213,-46.19895147,5.897937261,28.01003,120.63314,28.01009,120.63564,3,4201,0
872,1870,-1.493885899,2.882052696,27.98477,120.64882,27.99576,120.6574,-1,337,0
1906,2770,7.266170968,-7.195158499,27.86612,120.76002,27.85916,120.78527,6,31,0
1863,2465,30.95522058,-46.47133715,27.8606,120.69133,27.88796,120.64935,3,2,0
2213,2968,-40.23611179,4.758356674,28.0397,120.63304,28.02802,120.6546,7,6,0
1587,2850,-16.4693699,-5.392017587,28.00917,120.64028,28.008888,120.64,3,211,0
1927,2784,-59.6280566,-23.65820391,28.04626,120.62785,28.05184,120.61542,7,1217,0
776,801,29.59535868,-47.46389682,27.86219,120.64959,27.87582,120.66951,3,19,0
1108,2721,37.325926,-24.16311219,27.924685,120.69711,27.92299,120.70473,3,28,0
243,2180,-11.13495785,2.450514778,28.000291,120.647161,27.98333,120.65125,-1,4,0
1445,1718,20.12620113,36.78954701,27.99263,120.7145,28.001831,120.717278,7,6,0
291,2049,-27.93304724,-9.597675268,28.023257,120.659016,28.01711,120.63167,-1,24,0
492,941,31.87606234,48.81178944,27.99261,120.71419,27.99057,120.71338,7,264,0
317,2263,-16.33001881,11.49745651,28.01994,120.655,28.00726,120.65848,3,29,0
246,599,20.05210937,-6.668288911,27.95634,120.66596,27.97321,120.72684,-1,19,0
1089,1312,-9.40186134,-46.11181864,28.02804,120.57818,28.023857,120.581022,9,1106,0
1511,1682,41.74569408,34.17614882,27.97302,120.73654,27.96568,120.73665,10,3776,0
72,1578,8.437398667,-51.27144857,27.97367,120.59704,27.97058,120.5853,8,562,0
243,1259,-5.858377126,-3.576073807,28.000291,120.647161,28.00517,120.6494,3,0,0
644,1687,-13.95198422,16.10218532,28.01278,120.65944,28.0134,120.65344,3,13,0
627,2323,-40.2583931,3.366503391,28.0494,120.66193,28.02463,120.6447,7,2,0
1287,1584,70.63602552,14.20167063,27.8766,120.82074,27.89209,120.81396,6,280,0
1232,2507,-61.97264762,11.77693829,28.04357,120.651564,28.02519,120.66642,-1,13,0
1112,2622,-51.55460945,-19.52945184,28.05274,120.62436,28.0547,120.64565,7,19,0
2131,2788,10.72405442,-16.83514054,27.97509,120.65593,27.96243,120.65546,5,1417,0
530,1939,3.137250846,29.60010976,28.001624,120.691201,28.00197,120.68016,4,2,0
402,1229,-17.08479914,13.95177733,28.01188,120.66205,28.01112,120.65735,3,62,0
35,2880,-31.16339372,-53.98122404,28.06905,120.57281,28.06668,120.55625,9,52,0
1755,2298,32.01345256,-36.49810148,27.916499,120.696973,27.92952,120.68107,-1,82,0
647,2963,5.031160578,-26.74658936,27.9749,120.63133,27.98802,120.61588,8,9,0
1724,2305,16.76321415,40.34024838,28.00258,120.70728,27.98543,120.73922,-1,45,0
347,2793,36.89393413,37.09314562,27.98785,120.71681,27.96841,120.73048,-1,50,0
883,943,29.8327412,35.27098402,27.99238,120.73064,27.98369,120.71502,7,26,0
2396,2622,-40.18696556,-2.744042329,28.03985,120.62173,28.0547,120.64565,7,0,0
823,2564,16.54112612,-6.156457892,27.9511,120.66043,27.96169,120.70433,-1,10,0
433,2507,-14.17113122,22.29000536,28.0276,120.662,28.02519,120.66642,-1,42,0
2099,2248,21.31974924,8.556474276,27.99084,120.68506,27.97512,120.69186,-1,98,0
331,996,-50.59525633,-24.89279081,28.03958,120.62042,28.04161,120.62551,7,72,0
831,2543,9.418396253,4.235474501,27.9762,120.668,27.978448,120.671401,5,2489,0
1055,1581,57.14294014,9.328683309,27.89321,120.79688,27.90633,120.81918,6,36,0
52,2592,68.67066204,-9.363220826,27.93816,120.80145,27.93254,120.82423,6,416,0
1402,2433,-16.74408232,28.65329996,28.014576,120.681581,28.02202,120.66394,3,61,0
539,2493,-43.19585517,28.15734024,28.01516,120.65303,28.01736,120.65303,3,142,0
1769,2001,6.677130817,55.58400793,27.998722,120.707177,28.00031,120.69867,7,32,0
1347,2580,-18.5268192,10.8756869,28.01058,120.65406,28.00603,120.65454,3,39,0
1204,2420,10.27431904,-39.25825074,27.94777,120.6125,27.98362,120.61785,-1,7,0
224,2427,-6.865372009,27.07166189,28.01492,120.66976,28.0086,120.6772,-1,17,0
1378,1865,43.11296377,30.91446125,27.9833,120.74401,27.97506,120.73909,10,280,0
252,2637,34.99643441,31.07190436,27.9874,120.73534,27.99476,120.73128,-1,44,0
537,697,38.07942888,-29.40476559,27.91572,120.69582,27.92414,120.70279,3,61,0
409,931,42.92206906,22.0623004,27.95855,120.75661,27.96517,120.7458,10,43,0
911,2356,38.60234809,3.429524378,27.96141,120.73461,27.95672,120.7251,10,126,0
1116,1824,38.87866663,-22.171808,27.92366,120.70449,27.9227,120.70332,3,36,0
15,2452,-17.82259014,13.40401544,27.97664,120.63227,28.0105,120.66068,-1,0,0
226,2207,35.0953999,-43.91581466,27.918611,120.6444,27.890556,120.636418,3,49,0
2810,2813,40.40543952,25.10405768,27.96861,120.74222,27.96972,120.74326,10,45,0
227,1441,-44.59523498,-15.72962434,28.05333,120.63083,28.04381,120.65767,7,9,0
198,2061,6.456497747,21.50993615,27.99428,120.679324,27.98839,120.68338,4,73,0
467,1579,8.808411988,31.67018497,28.012398,120.68848,28.00642,120.69411,7,4,0
430,1591,11.58857996,32.84792922,28.00437,120.69558,28.00528,120.70899,7,10,0
261,2236,1.347702641,19.15801186,27.99005,120.67431,27.9946,120.674,4,52,0
372,1075,0.768193516,26.67543328,27.99629,120.68028,28.00112,120.67853,4,24,0
1591,2068,13.94184774,56.23009843,28.00528,120.70899,28.007198,120.706364,7,340,0
438,1981,-51.57101884,-26.18741899,28.03933,120.62364,28.04382,120.61146,7,105,0
1638,1947,5.809680036,17.58349177,27.99258,120.67111,27.98803,120.67876,4,70,0
208,1209,19.04804051,54.49055283,28.00568,120.7226,28.00032,120.72752,7,26,0
454,728,1.341656074,7.953728186,27.98,120.66708,27.98895,120.65771,-1,4,0
1423,1528,-39.86671687,22.05290252,28.0149,120.64587,28.01484,120.64575,3,176,0
4,1166,5.931219738,-37.13736225,27.98663,120.61963,27.95794,120.60138,-1,23,0
19,405,15.66645863,15.93204007,27.98443,120.66958,27.989232,120.680662,4,242,0
229,2726,67.89512255,-6.436369371,27.93122,120.80706,27.9296,120.80677,6,376,0
1098,2827,-47.54490306,-27.91072074,28.0475,120.62333,28.05657,120.60001,7,430,0
890,1655,36.15560671,-22.59732719,27.92123,120.70681,27.92826,120.70156,3,30,0
340,2010,-3.511705269,51.65269374,27.99961,120.68514,27.99742,120.68104,4,4252,0
1844,2110,42.12537299,-19.70143376,27.92562,120.70294,27.92408,120.70403,3,241,0
530,2321,3.952962669,33.26506153,28.001624,120.691201,28.00217,120.69033,4,14,0
1502,1767,4.438383937,3.747064617,27.991292,120.664871,27.97914,120.65482,-1,175,0
1625,2625,60.70096671,-0.019482715,27.91671,120.81301,27.89938,120.82864,6,89,0
356,2641,31.84629956,11.80969395,28.03768,120.84172,28.00624,120.82807,2,158,0
298,2312,34.74111872,-28.40888656,27.92054,120.70164,27.92006,120.70628,3,109,0
384,841,-48.12760011,5.599820575,28.01405,120.63301,28.0171,120.63698,-1,2517,0
48,518,-18.84388428,30.27661303,28.01947,120.67661,28.025347,120.666909,3,73,0
1331,1927,-45.1773862,-21.87121532,28.07361,120.61293,28.04626,120.62785,-1,193,0
920,1667,16.61759321,-39.02855582,27.94553,120.6091,27.93583,120.61337,-1,19,0
2124,2802,43.79954366,13.10694342,28.0048,120.764,27.98055,120.72944,10,76,0
2241,2479,29.75692808,29.07270734,27.98751,120.72346,27.95756,120.72822,-1,20,0
1774,2963,8.688375222,-37.50145483,27.99094,120.65242,27.98802,120.61588,-1,5,0
1051,1159,-31.38982204,-34.94484377,28.04252,120.60963,28.02791,120.59925,-1,0,0
691,2484,-40.76792225,-46.17886668,28.05782,120.58736,28.07449,120.5874,9,50,0
1335,2779,63.02857762,3.11043589,27.92006,120.82563,27.9069,120.82629,6,663,0
520,652,74.29331917,9.68904577,27.88953,120.79251,27.88623,120.80236,6,1317,0
874,1441,-66.37882313,7.059704128,28.04411,120.64767,28.04381,120.65767,7,339,0
2481,2788,12.51637559,-16.86290579,27.97265,120.66766,27.96243,120.65546,5,1086,0
1366,1706,38.09873455,-30.04947846,27.90849,120.70916,27.9208,120.70586,3,154,0
49,2575,-16.7256524,-41.27138479,28.02104,120.58411,28.02926,120.59028,9,66,0
422,2359,7.831566533,58.17230023,28.00525,120.70299,28.00191,120.70463,7,11866,0
859,1141,32.82751064,-10.75376756,27.95386,120.68203,27.933084,120.674452,5,142,0
1651,1682,48.15339488,25.37177218,27.97707,120.74717,27.96568,120.73665,10,738,0
1759,2070,-11.34209852,28.56236341,28.018481,120.682668,28.01513,120.6794,3,22,0
1393,1489,31.28404713,-47.92318735,27.88797,120.67287,27.861,120.67971,3,145,0
47,2326,41.33676963,27.71266992,27.97433,120.75967,27.97597,120.7509,10,128,0
724,1081,-5.644260485,10.5616994,27.99279,120.64931,27.997963,120.659738,3,14,0
1259,1653,-13.2739274,9.333532024,28.00517,120.6494,28.00714,120.65555,3,33,0
838,1082,-28.29488844,15.32373096,28.01758,120.65251,28.016688,120.655528,3,100,0
2028,2309,64.98210842,-6.00849372,27.92122,120.80887,27.92657,120.81725,6,328,0
1972,2245,-64.99366957,21.64505016,28.088679,120.680149,28.08922,120.70208,1,878,0
565,1515,-10.32512295,16.4825801,28.00841,120.66454,28.01034,120.65781,3,45,0
678,1807,-42.88531178,-16.31618021,28.04554,120.65654,28.040568,120.63282,7,5,0
1718,2142,23.25362677,46.9166913,28.001831,120.717278,27.98684,120.71242,7,70,0
1457,2802,32.78057668,28.57352037,27.99566,120.715,27.98055,120.72944,-1,50,0
2141,2703,-6.403427837,-14.86022809,27.995992,120.636008,27.99103,120.63464,8,114,0
450,1612,13.72439819,-34.67654356,27.96474,120.57156,27.9938,120.57017,8,27,0
1338,2588,-42.36184912,-31.69501459,28.056963,120.625239,28.02213,120.5743,-1,20,0
487,2481,11.221454,3.386713986,27.98776,120.67428,27.97265,120.66766,-1,188,0
1994,2010,-5.468359671,47.95930857,27.992378,120.669665,27.99742,120.68104,4,65,0
2528,2650,-31.59472942,8.338401524,28.023744,120.653645,28.024386,120.675309,-1,13,0
761,2587,-57.05981583,0.393028095,28.02569,120.64175,28.025858,120.64343,7,290,0
1876,2420,16.76319766,-30.08272383,27.954186,120.587915,27.98362,120.61785,-1,0,0
449,2325,42.28555471,-31.65538672,27.93173,120.70133,27.91782,120.69607,3,170,0
1521,1653,-34.35608491,33.55914585,28.00551,120.66263,28.00714,120.65555,3,684,0
1900,2906,-35.67436936,-53.71115404,28.06605,120.58485,28.08007,120.56796,9,253,0
1,410,47.1334506,6.099714841,27.97014,120.75603,27.95123,120.82795,-1,47,0
1217,2890,-50.46378985,3.40740127,28.02385,120.64132,28.02424,120.6348,3,367,0
2021,2063,33.39564497,-36.76951499,27.92043,120.68424,27.90108,120.68568,3,53,0
2012,2213,-55.18116506,2.902074054,28.02392,120.644412,28.0397,120.63304,-1,2,0
1596,2717,-50.90580358,17.17242041,28.027266,120.655901,28.024111,120.656361,-1,44,0
1194,1753,25.25936615,-10.15616656,27.9573,120.67705,27.96526,120.65283,5,50,0
1489,1539,32.34366794,-49.71413313,27.861,120.67971,27.856937,120.689815,3,1481,0
698,1051,-41.88857096,-38.11797005,28.07126,120.60869,28.04252,120.60963,-1,125,0
172,814,-52.66699976,-29.96719747,28.0428,120.62069,28.06065,120.61145,7,85,0
2379,2729,-60.86192995,-15.77293153,28.04982,120.6511,28.05359,120.63947,7,822,0
278,1025,6.791074528,35.6841929,28.00309,120.69882,27.992,120.69598,-1,0,0
955,1488,-64.62623373,7.560703508,28.04133,120.65311,28.043371,120.655715,7,562,0
1082,2559,-29.63868125,18.63672011,28.016688,120.655528,28.01104,120.64986,3,8,0
2587,2899,-37.57979918,-11.31252037,28.025858,120.64343,28.02802,120.65472,7,9,0
45,2899,-26.36532461,19.15645344,28.019513,120.658462,28.02802,120.65472,-1,19,0
1981,2213,-46.8689655,-35.34843865,28.04382,120.61146,28.0397,120.63304,7,101,0
347,2361,40.53651185,19.9542976,27.98785,120.71681,28.03623,120.76776,-1,2,0
347,2479,36.14479242,0.670505185,27.98785,120.71681,27.95756,120.72822,-1,63,0
615,1761,-4.288418691,38.49032195,27.99109,120.67677,27.99851,120.67952,4,96,0
446,2585,1.906366703,-32.23999618,27.98581,120.61459,27.98729,120.6081,8,110,0
267,2560,68.54373179,21.47353131,27.87206,120.80251,27.86448,120.80129,6,2606,0
1424,2840,-19.20983923,-46.0201902,28.02108,120.60101,28.04323,120.58656,-1,11,0
2307,2564,27.74921396,-1.244658759,27.957377,120.682574,27.96169,120.70433,-1,879,0
182,448,-17.8751211,-34.62816964,28.01939,120.61656,28.024644,120.599644,3,26,0
178,1415,-36.31663244,17.24487448,28.01444,120.65108,28.01447,120.64201,3,25,0
1602,2237,-1.136506185,-1.385395863,27.91457,120.70609,27.92797,120.69797,3,45,0
89,178,-43.56630935,28.8341087,28.0164,120.65703,28.01444,120.65108,3,597,0
1651,1911,48.06745674,28.49571714,27.97707,120.74717,27.97773,120.72673,10,178,0
257,2860,-46.07192136,-45.82526366,28.076984,120.602335,28.0702,120.62208,9,116,0
817,2960,-9.278758183,-37.9046855,28.02382,120.58085,28.017,120.583,9,115,0
1950,1956,27.182749,30.87667177,27.99139,120.71952,27.96946,120.72066,-1,59,0
1242,2523,14.88918757,-36.04412914,27.94889,120.61987,27.95223,120.62989,-1,0,0
936,1388,-48.68687958,4.31342735,28.02145,120.63334,28.01822,120.64711,3,121,0
2409,2561,-3.401542648,34.17264096,28.001286,120.679136,28.00155,120.68023,4,77,0
912,1591,21.53608106,44.28785275,27.98324,120.72334,28.00528,120.70899,-1,51,0
338,2837,42.59761886,31.44351411,27.978332,120.738888,27.9784,120.74066,10,58,0
477,846,7.011264065,69.75403995,27.994763,120.731284,28.00453,120.74869,7,2,0
2200,2686,-60.44764665,11.40304639,28.03746,120.65611,28.0508,120.683,7,4,0
183,1767,-6.705618712,1.083792605,27.995578,120.650046,27.97914,120.65482,-1,0,0
447,1020,24.98608145,40.69526034,27.99055,120.7118,28.00029,120.70357,7,26,0
475,541,7.623306161,-29.61228969,27.98226,120.62389,27.96193,120.60948,-1,16,0
1472,2519,26.66702193,44.76508864,27.99188,120.69412,27.99715,120.70087,-1,143,0
751,2840,-32.23601839,-31.04248471,28.02449,120.61195,28.04323,120.58656,-1,33,0
189,2261,19.42654848,5.761006103,27.98396,120.69007,27.97054,120.68557,-1,194,0
1724,2632,24.06246264,54.64930637,28.00258,120.70728,28.0072,120.71529,7,1606,0
522,1643,11.30442747,-39.39191863,27.95536,120.60011,27.98054,120.61279,-1,67,0
741,1582,13.88721417,-7.497577431,27.95095,120.65688,27.96936,120.67444,5,66,0
823,1141,23.37032991,-14.80311867,27.9511,120.66043,27.933084,120.674452,5,23,0
971,2726,52.49727218,1.188102677,27.92205,120.80111,27.9296,120.80677,6,25,0
35,845,-29.75757055,-58.81518387,28.06905,120.57281,28.06506,120.57549,9,43247,0
15,2373,-4.117408419,-17.40442508,27.97664,120.63227,27.99672,120.65264,-1,21,0
1889,2258,-23.10063461,19.9053351,28.01442,120.65841,28.01658,120.65764,3,49,0
148,2615,73.34594929,17.98316232,27.87141,120.8205,27.87142,120.82061,6,24012,0
1667,2399,12.43490218,-34.58869935,27.93583,120.61337,27.951096,120.598666,-1,2,0
1687,2801,-33.15652081,24.00130673,28.0134,120.65344,28.01569,120.65545,3,181,0
996,1351,-52.8468925,-23.47949193,28.04161,120.62551,28.04387,120.63355,7,14,0
728,1870,0.357291457,4.927571946,27.98895,120.65771,27.99576,120.6574,-1,348,0
1753,2788,11.65179811,-17.34898528,27.96526,120.65283,27.96243,120.65546,5,22608,0
19,2446,6.565911941,7.271000535,27.98443,120.66958,27.98763,120.66308,4,4943,0
293,1273,-53.82038625,-1.690283474,28.02476,120.635142,28.02347,120.61544,3,70,0
2483,2847,-33.08534728,-37.86939515,28.02455,120.61196,28.041041,120.588459,-1,17,0
683,1958,-16.04709288,20.2611869,28.02385,120.654752,28.01842,120.65967,-1,3,0
351,1386,20.19506227,8.154266187,27.98417,120.69043,27.98557,120.68544,4,160,0
213,293,-40.61384001,-3.688324664,28.01009,120.63564,28.02476,120.635142,3,35,0
1646,2213,-60.08664428,-2.156616154,28.03083,120.63755,28.0397,120.63304,7,204,0
46,1298,-41.77855044,-4.272215324,28.04917,120.61056,28.01943,120.636564,-1,4,0
422,1879,0.802093732,30.38167808,28.00525,120.70299,27.999526,120.680665,-1,8,0
273,291,-44.87542977,15.83724259,28.02613,120.64691,28.023257,120.659016,-1,7,0
1911,2149,15.30756235,23.18990898,27.97773,120.72673,27.98472,120.69611,-1,16,0
332,780,-6.510343533,54.48093286,28.00341,120.68731,28.01006,120.68043,4,178,0
921,1325,-6.095387808,-14.73170208,27.9931,120.63688,27.99337,120.63718,8,101,0
1637,2094,-16.21385745,-16.84552769,28.007347,120.618907,27.992,120.60987,-1,20,0
1900,2653,-37.41459702,-42.12545568,28.06605,120.58485,28.03697,120.58917,9,91,0
1354,2049,-49.53971064,-5.018151999,28.01757,120.6318,28.01711,120.63167,4,293,0
1889,2349,-41.72324235,33.45734153,28.01442,120.65841,28.01461,120.65761,3,187,0
1118,2037,59.85037386,2.679449007,27.91208,120.83609,27.9208,120.84047,6,92,0
1015,2049,-29.1227544,-6.394072623,28.02245,120.61239,28.01711,120.63167,-1,18,0
1481,1767,0.220020577,-16.3065324,27.96111,120.6227,27.97914,120.65482,-1,2,0
766,2938,-14.27602363,-15.87509134,28.00726,120.61292,28.02158,120.59654,-1,127,0
1939,2931,2.40077884,32.33833164,28.00197,120.68016,27.998552,120.692752,4,6,0
521,1255,-12.2629308,46.69489746,27.99979,120.66739,27.9997,120.67055,3,7060,0
720,2124,43.68992253,13.8584021,27.97976,120.74186,28.0048,120.764,10,218,0
426,1565,-55.40857514,2.631724728,28.025933,120.641498,28.03749,120.6251,7,0,0
52,642,49.78875907,0.239321895,27.93816,120.80145,27.942723,120.757662,-1,94,0
164,2539,14.78882114,-22.02096723,27.95724,120.65969,27.97231,120.62724,-1,23,0
672,950,7.326519025,-30.67791876,27.96719,120.59359,27.98069,120.61263,8,6,0
878,1549,16.77650992,29.59989395,28.000355,120.697765,27.98966,120.70619,7,0,0
1547,1899,-37.8035591,-45.54165497,28.07752,120.5896,28.06248,120.60338,9,84,0
1879,2205,1.823071359,26.70392075,27.999526,120.680665,27.99766,120.68113,4,17,0
73,2053,-46.36905095,5.659951544,28.01003,120.63314,28.01003,120.63016,-1,2024,0
2666,2688,-55.74138939,-26.02795824,28.04116,120.62863,28.04277,120.62428,7,238,0
9,1453,-7.682795136,-16.16616998,27.99378,120.6501,27.99832,120.6366,3,61,0
685,1337,18.94148938,-31.73390466,27.97822,120.56591,27.9422,120.581,-1,246,0
1050,1920,6.070390937,-0.607167463,27.976339,120.671208,27.97507,120.66847,5,56,0
1728,2530,29.4690387,-50.53512963,27.85412,120.66711,27.861446,120.66791,3,66,0
774,2128,69.45583581,12.36437079,27.88389,120.81707,27.8883,120.80901,6,33,0
635,2357,37.24472601,-43.59326829,27.91455,120.66062,27.92044,120.6689,3,269,0
2007,2606,44.17144833,11.86387751,27.99715,120.77526,27.998592,120.80087,10,355,0
786,1500,-54.39198583,-17.94640537,28.065163,120.642463,28.05006,120.62061,7,169,0
9,1103,-2.526158731,-16.28367054,27.99378,120.6501,27.97694,120.62826,-1,19,0
1488,1608,-63.0323752,9.274718087,28.043371,120.655715,28.0453,120.65749,7,129,0
1089,2938,-17.11494713,-25.04525672,28.02804,120.57818,28.02158,120.59654,-1,31,0
178,1319,-31.20111744,17.08034105,28.01444,120.65108,28.01152,120.65068,3,146,0
1082,1653,-20.99896413,13.40791216,28.016688,120.655528,28.00714,120.65555,3,33,0
308,986,-37.35561653,-57.97593834,28.07118,120.58698,28.077531,120.587363,9,4433,0
797,1845,29.58678019,32.00123116,27.97373,120.74409,27.99406,120.72557,-1,65,0
859,2075,31.47857065,-8.339807908,27.95386,120.68203,27.94054,120.69195,5,1305,0
1189,2453,-38.04472077,-29.24595078,28.04554,120.61485,28.04644,120.60417,7,9,0
1867,2756,8.396370222,20.68431212,27.9905,120.6805,27.98645,120.68772,4,17,0
50,1722,64.92696204,21.63359235,27.86632,120.78925,27.87744,120.7991,6,541,0
500,1616,18.67991113,39.40464512,27.99978,120.7112,28.002285,120.71462,7,70,0
773,1026,4.930754014,16.29499403,27.989406,120.673557,27.981479,120.677436,-1,84,0
1799,2010,-2.340981998,49.47115647,27.99461,120.68409,27.99742,120.68104,4,1626,0
709,1376,31.35833833,31.90771625,27.97153,120.73361,27.99176,120.72451,-1,70,0
430,1461,10.376164,39.46219485,28.00437,120.69558,28.008516,120.702342,7,25,0
727,1461,11.63835101,40.86614616,28.00933,120.69355,28.008516,120.702342,7,30,0
748,1061,45.59101694,-25.93460877,27.9266,120.711,27.92415,120.70545,3,18410,0
86,539,-42.54737803,28.21386169,28.01563,120.65181,28.01516,120.65303,3,3130,0
1699,2543,10.20731619,5.280759828,27.97659,120.67899,27.978448,120.671401,5,870,0
770,2875,43.34213717,-23.31280526,27.921591,120.704296,27.92368,120.70347,3,889,0
134,1747,34.79789974,32.47548212,27.989953,120.728443,27.978667,120.735061,-1,42,0
447,2693,27.38835412,41.41598678,27.99055,120.7118,27.989197,120.703236,7,79,0
1665,2451,13.97302591,46.3064592,28.008214,120.715624,28.01596,120.72171,7,60,0
41,1998,9.09741321,-39.09605935,27.95746,120.61208,27.987217,120.623164,-1,16,0
467,688,-7.325579035,55.63942421,28.012398,120.68848,28.008405,120.68283,-1,258,0
1500,1608,-42.17934794,-17.80860132,28.05006,120.62061,28.0453,120.65749,7,25,0
691,1737,-32.37311996,-44.82896358,28.05782,120.58736,28.03968,120.57291,9,0,0
1112,2921,-58.68546712,-22.62511432,28.05274,120.62436,28.04626,120.62812,7,2198,0
42,925,-7.132550654,15.40374456,28.0014,120.65569,28.00554,120.66603,3,146,0
916,2289,-18.04497634,8.841467192,28.01381,120.65692,28.01476,120.65309,3,87,0
213,2727,-22.4886421,-0.688561065,28.01009,120.63564,28.009026,120.63874,3,137,0
47,922,38.27613956,15.89797475,27.97433,120.75967,27.97842,120.75478,10,23,0
1108,1245,41.43368714,-16.71369922,27.924685,120.69711,27.92828,120.69722,3,79,0
284,1163,31.17187199,-28.49144776,27.92764,120.69437,27.92297,120.68904,3,7,0
25,2428,8.450360645,1.746502593,27.976204,120.667973,27.98819,120.6531,5,16,0
1502,2788,10.27448627,-7.279786043,27.991292,120.664871,27.96243,120.65546,-1,32,0
57,2290,-13.83985562,-15.2385464,28.00954,120.61511,28.01109,120.5954,-1,8,0
46,2092,-44.57993109,-2.710777609,28.04917,120.61056,28.0195,120.63455,-1,32,0
823,2482,15.16901227,-6.816767133,27.9511,120.66043,27.9536,120.65488,5,50,0
133,534,24.53418569,-8.866286982,27.9535,120.69621,27.93767,120.66978,5,19,0
347,2841,21.28931099,40.58946375,27.98785,120.71681,28.000286,120.70749,7,40,0
1478,2433,-27.91099886,-0.689835758,28.02333,120.63639,28.02202,120.66394,-1,57,0
1578,1819,1.006759844,-34.66122431,27.97058,120.5853,27.996696,120.603355,8,26,0
1317,1552,24.27688171,35.09443857,27.995577,120.71498,28.00524,120.72204,7,53,0
846,1101,9.270518216,69.88268289,28.00453,120.74869,28.008865,120.778256,-1,162,0
2360,2822,47.04946263,31.65859146,27.97589,120.75072,27.97743,120.73394,10,479,0
1587,2511,-32.81545049,16.12639445,28.00917,120.64028,28.015241,120.649988,3,17,0
1489,1905,30.67761387,-51.91472032,27.861,120.67971,27.86345,120.67392,3,2517,0
578,2331,35.45524285,-37.61025361,27.91219,120.68358,27.92645,120.67635,3,31,0
635,1811,36.90876154,-44.40465103,27.91455,120.66062,27.89896,120.665197,3,57,0
1503,1940,-33.576481,-40.96499549,28.0363,120.5857,28.05756,120.60725,-1,10,0
217,2766,-14.8755097,-24.02469937,28.01578,120.59444,28.01412,120.606248,3,18,0
927,1445,22.88779139,32.32324177,27.99224,120.72085,27.99263,120.7145,7,11,0
79,2418,31.9257236,-20.44018146,27.921889,120.696181,27.93672,120.67951,-1,21,0
864,1474,-14.51391095,-48.58707854,28.03948,120.56891,28.02436,120.58545,9,83,0
368,560,11.57874483,62.65463763,28.0175,120.69666,28.016323,120.703784,7,360,0
1562,2445,5.904986973,-55.55054947,27.99767,120.57531,27.992515,120.595201,8,466,0
298,449,43.3750996,-19.88490693,27.92054,120.70164,27.93173,120.70133,3,168,0
1950,2822,33.05082741,32.51081578,27.99139,120.71952,27.97743,120.73394,-1,250,0
629,895,-66.66327995,17.37972918,28.0608,120.676028,28.03688,120.73858,7,62,0
1010,1515,-17.38943626,10.78222335,28.01127,120.65427,28.01034,120.65781,3,0,0
655,2532,-67.36064422,17.84327763,28.03962,120.71918,28.03232,120.78261,-1,779,0
1578,2790,-2.088006404,-44.7888684,27.97058,120.5853,27.99273,120.60679,8,10,0
2433,2929,-54.28291836,17.92862133,28.02202,120.66394,28.026713,120.658442,-1,911,0
447,1445,31.59420041,48.78479624,27.99055,120.7118,27.99263,120.7145,7,330,0
565,1936,-17.39557105,7.90282846,28.00841,120.66454,28.0164,120.657,3,12,0
1565,2642,-39.93327011,-13.5975965,28.03749,120.6251,28.03965,120.64593,7,20,0
426,860,-60.33117289,-1.376317993,28.025933,120.641498,28.03044,120.64309,7,193,0
689,2232,22.51601512,47.96040288,28.001145,120.705368,27.99607,120.71016,7,0,0
240,2640,-9.950547217,-40.6601736,28.02561,120.58125,28.02725,120.57841,9,27,0
1625,2338,61.28997719,1.065710183,27.91671,120.81301,27.91182,120.82248,6,151,0
1856,2484,-34.17946125,-56.39074494,28.07457,120.58762,28.07449,120.5874,9,767,0
226,313,37.29073046,-45.15347508,27.918611,120.6444,27.900456,120.63408,3,144,0
905,2037,66.13410604,16.21815267,27.86954,120.80506,27.9208,120.84047,6,11,0
1500,1899,-44.60374,-27.05267516,28.05006,120.62061,28.06248,120.60338,-1,136,0
1296,2336,70.28988722,8.987762847,27.89897,120.79855,27.87937,120.8036,6,239,0
1718,2881,23.3096524,55.80318927,28.001831,120.717278,28.00606,120.714808,7,12333,0
2433,2456,-25.59442254,39.9378156,28.02202,120.66394,28.022125,120.670739,3,890,0
188,204,-5.227807272,-22.36478423,27.97988,120.63103,27.99015,120.62566,8,588,0
651,1331,-36.89416986,-43.73067307,28.05562,120.60146,28.07361,120.61293,-1,115,0
1034,1596,-41.05996021,8.788217484,28.027685,120.65985,28.027266,120.655901,7,14,0
506,2335,28.50789551,-49.7005275,27.8557,120.65678,27.86624,120.66547,3,95,0
2051,2691,59.11990605,2.000713165,27.91544,120.83871,27.93204,120.83665,6,55,0
696,1578,19.9158643,-31.84414937,27.960958,120.569257,27.97058,120.5853,-1,115,0
389,1587,-23.43497169,-2.729211243,28.01058,120.62116,28.00917,120.64028,-1,10,0
857,2913,64.10438762,-6.030402681,27.93632,120.80777,27.92081,120.81459,6,244,0
1413,2519,4.744253738,50.29544408,27.995897,120.699285,27.99715,120.70087,-1,135,0
2571,2679,51.05945844,-5.252974763,27.95427,120.8335,27.96428,120.80753,-1,58,0
541,2718,15.94440658,-29.96426421,27.96193,120.60948,27.94477,120.59481,10,152,0
1718,2360,33.10930085,20.74024889,28.001831,120.717278,27.97589,120.75072,-1,4,0
273,470,-43.17047817,14.89704079,28.02613,120.64691,28.024081,120.646811,-1,133,0
307,1382,-18.35786812,18.07270598,28.01573,120.65876,28.01277,120.66194,3,50,0
770,2577,40.67807624,-29.3009782,27.921591,120.704296,27.92101,120.70502,3,249,0
1496,2624,33.17334975,40.23106995,27.97767,120.70127,27.97603,120.71773,-1,316,0
2642,2968,-39.88428841,6.12999633,28.03965,120.64593,28.02802,120.6546,7,0,0
666,2725,-38.79105848,-58.34764054,28.07352,120.58467,28.08578,120.59077,9,730,0
907,2244,29.01939315,27.93154195,27.9842,120.72674,27.985555,120.71778,7,10,0
1262,1683,19.344617,-7.384262659,27.98453,120.66027,27.95708,120.67304,-1,0,0
1015,2004,-33.1394723,-41.8784345,28.02245,120.61239,28.05469,120.58692,-1,40,0
37,1920,9.075957157,2.090859119,27.97486,120.66789,27.97507,120.66847,5,172,0
257,1098,-47.3256161,-28.16625212,28.076984,120.602335,28.0475,120.62333,-1,20,0
204,1481,9.609082167,-41.78326851,27.99015,120.62566,27.96111,120.6227,8,43,0
1341,1769,23.99510361,48.94974675,27.9986,120.70953,27.998722,120.707177,7,374,0
772,1789,-39.94359598,-47.35505492,28.05187,120.61117,28.09369,120.58816,-1,3,0
1329,2952,-14.39189865,24.55139398,28.02655,120.65947,28.021681,120.670423,-1,39,0
2615,2775,70.7410086,17.52178581,27.87142,120.82061,27.88321,120.80518,6,68,0
1290,1622,-1.165748923,55.82502174,28.003203,120.691994,28.00126,120.6875,-1,180,0
234,962,-49.90037901,-4.641931203,28.01828,120.62547,28.017111,120.631666,4,119,0
353,1610,-46.54628306,-39.75352334,28.04744,120.60876,28.05249,120.60567,7,5448,0
254,836,-25.28222842,-27.97604504,28.023933,120.596926,28.02242,120.60801,3,2847,0
1335,2966,63.01786871,2.574853004,27.92006,120.82563,27.90319,120.81717,6,331,0
2150,2539,9.780832446,-25.98752343,27.99711,120.58895,27.97231,120.62724,-1,27,0
468,1737,-13.31684472,-49.97298772,28.02464,120.59155,28.03968,120.57291,-1,10,0
688,2392,-6.866567492,56.12694392,28.008405,120.68283,28.00878,120.68835,-1,208,0
637,919,-14.03650944,28.24880202,28.01522,120.68916,28.01517,120.66789,-1,2,0
2408,2516,38.1747994,16.84988446,27.97638,120.75557,27.97841,120.73883,10,34,0
341,1969,-4.445029728,-13.36947126,27.98975,120.64468,28.00303,120.63895,-1,0,0
580,1230,-52.63266546,16.67571221,28.02797,120.6552,28.02816,120.65689,7,209,0
1956,2593,21.20977069,-5.954189694,27.96946,120.72066,27.96314,120.66947,-1,0,0
189,1699,20.69469373,10.90709322,27.98396,120.69007,27.97659,120.67899,-1,429,0
2080,2227,1.157633352,11.59098825,27.994449,120.671107,27.98375,120.66578,4,47,0
552,859,32.91401983,-5.375559263,27.96536,120.74141,27.95386,120.68203,-1,17,0
1895,2005,29.3405,-7.024939163,27.96905,120.70307,27.92325,120.6878,-1,32,0
1312,1883,-11.63182859,-44.44470313,28.023857,120.581022,28.02719,120.57728,9,12,0
1706,2153,39.31805001,-32.39433102,27.9208,120.70586,27.91643,120.68875,3,209,0
2047,2343,31.72875944,-50.41231771,27.8738,120.67228,27.866719,120.675409,3,56,0
279,1272,40.90314029,40.91992037,27.98465,120.73383,27.98589,120.73098,10,391,0
893,2435,-1.821656389,14.20950072,28.00209,120.66254,27.99236,120.66956,-1,11,0
1782,2142,25.81512988,42.29106338,27.997236,120.700653,27.98684,120.71242,7,9,0
317,1515,-29.85549374,25.99261208,28.01994,120.655,28.01034,120.65781,3,62,0
189,1178,4.701161499,37.18904033,27.98396,120.69007,27.99689,120.69531,4,26,0
682,1015,-35.65259186,-9.961387738,28.0412,120.629,28.02245,120.61239,-1,40,0
1700,1958,4.636060939,-6.530885538,28.01007,120.66068,28.01842,120.65967,3,0,0
148,2064,69.79768679,16.64041277,27.87141,120.8205,27.889525,120.804362,6,26,0
382,2792,-41.27850876,40.04745328,28.01967,120.6623,28.02302,120.66759,3,216,0
1991,2061,7.792053655,19.57079945,28.00104,120.67237,27.98839,120.68338,-1,7,0
984,2632,21.44725962,50.49864307,28.002192,120.710532,28.0072,120.71529,7,91,0
2292,2840,-23.58267497,-56.50532272,28.04572,120.58643,28.04323,120.58656,9,31220,0
335,741,22.31730045,-17.04740547,27.93483,120.66784,27.95095,120.65688,5,2008,0
935,2543,16.85989768,12.71656559,27.97987,120.68111,27.978448,120.671401,-1,183,0
2450,2921,-60.07771787,-19.04696712,28.04901,120.63968,28.04626,120.62812,7,398,0
1257,2083,0.888738433,-35.37944616,27.97868,120.57877,27.95887,120.60962,-1,64,0
343,1981,-54.41989182,-27.56781685,28.03943,120.62365,28.04382,120.61146,7,504,0
1608,2213,-56.44830116,-11.45794122,28.0453,120.65749,28.0397,120.63304,7,61,0
1926,2424,-16.30786681,52.17544305,28.01239,120.67322,28.01008,120.67058,3,3057,0
2020,2046,71.94041087,9.749921475,27.87833,120.79361,27.88702,120.81085,6,384,0
1695,2640,-12.00255752,-44.75113771,28.02937,120.5775,28.02725,120.57841,9,91,0
334,1684,2.936917917,-23.84466498,27.984462,120.62474,27.98796,120.61592,8,48,0
1416,2043,-24.38718144,7.82522807,28.01137,120.64581,28.01244,120.64342,3,44,0
2499,2893,-27.49630766,5.898997316,28.01676,120.64573,28.01724,120.64719,3,8,0
811,2297,29.23588909,-23.2007507,27.92878,120.69672,27.92659,120.71116,3,28,0
541,1481,13.94424183,-41.56206802,27.96193,120.60948,27.96111,120.6227,-1,3619,0
172,331,-53.61412805,-29.57770602,28.0428,120.62069,28.03958,120.62042,7,392,0
2188,2483,-45.14905826,-5.260143848,28.02031,120.62527,28.02455,120.61196,-1,7,0
2519,2901,27.56790999,5.090388601,27.99715,120.70087,27.97339,120.7071,-1,2,0
247,2305,35.66374619,14.7960517,28.04031,120.70544,27.98543,120.73922,-1,2,0
2,1423,-21.79343066,3.669058392,28.00506,120.63866,28.0149,120.64587,3,37,0
1795,2729,-50.18860521,-15.98250501,28.05247,120.66674,28.05359,120.63947,7,48,0
464,2176,15.05897879,-21.30974185,27.9659,120.64111,27.95843,120.65338,-1,282,0
189,773,-5.468557683,42.03950023,27.98396,120.69007,27.989406,120.673557,4,0,0
1344,1968,-30.82101545,-57.22900764,28.06042,120.57389,28.054156,120.560569,9,376,0
2096,2185,7.626917347,-47.05222435,27.97745,120.61375,27.97251,120.60263,8,3712,0
2385,2683,-11.3213635,39.6290916,27.998,120.672205,27.9994,120.66709,-1,129,0
1549,2508,25.94191943,44.61166627,27.98966,120.70619,27.96724,120.66561,-1,20,0
1273,2642,-37.10449311,-17.37854664,28.02347,120.61544,28.03965,120.64593,-1,12,0
983,1092,8.728100256,-10.63960795,27.97699,120.64991,27.96187,120.66042,5,39,0
941,2050,24.91668086,35.31893213,27.99057,120.71338,27.99268,120.71424,7,68,0
1927,2208,-45.30328122,-20.57081783,28.04626,120.62785,28.047396,120.656783,7,52,0
1324,2781,26.92619678,13.91341843,28.0278,120.808,28.04723,120.76804,2,171,0
797,1942,43.2077143,26.30663162,27.97373,120.74409,27.97292,120.74185,10,3169,0
1092,1191,17.57736304,-14.64707647,27.96187,120.66042,27.95227,120.64535,5,284,0
749,2793,47.65520146,-0.214016615,27.9345,120.76993,27.96841,120.73048,10,5,0
202,2936,-12.446893,12.11193202,28.0087,120.65515,28.00577,120.65343,3,13,0
1470,1569,14.77318933,3.270042689,27.97225,120.68006,27.984146,120.678225,5,26,0
1284,2075,33.63617043,-8.277005706,27.94439,120.71319,27.94054,120.69195,-1,153,0
1506,2124,35.01113013,16.32498378,28.02799,120.66168,28.0048,120.764,-1,8,0
227,2116,-18.46753337,-54.8564509,28.05333,120.63083,28.04925,120.60197,7,96,0
2109,2744,-24.24075134,12.10650098,28.01345,120.65446,28.0132,120.654,3,14,0
1112,1398,-43.50081267,-30.70175387,28.05274,120.62436,28.02438,120.60303,-1,6,0
362,2938,-22.58161148,-24.87965272,28.01738,120.60605,28.02158,120.59654,3,176,0
178,1423,-38.01599987,22.13261952,28.01444,120.65108,28.0149,120.64587,3,57,0
895,2007,32.4052043,13.84250242,28.03688,120.73858,27.99715,120.77526,-1,2,0
298,1755,40.32630807,-32.93162947,27.92054,120.70164,27.916499,120.696973,3,174,0
1506,2467,-37.95530974,-11.52586981,28.02799,120.66168,28.025613,120.638246,7,15,0
2556,2662,23.91183263,45.12194694,28.00322,120.7122,27.9944,120.7017,-1,10,0
341,1262,-4.613386383,-18.72843054,27.98975,120.64468,27.98453,120.66027,-1,123,0
2372,2568,-14.24373029,-32.81040036,28.023805,120.597166,28.04901,120.58582,-1,16,0
1736,1900,-35.97525171,-24.39707042,28.029592,120.6244,28.06605,120.58485,-1,15,0
616,2341,0.216874751,39.59811087,27.98866,120.6816,27.98923,120.68066,4,34,0
1771,2619,2.836552752,52.31642519,27.99855,120.69275,27.992814,120.696225,4,53,0
1140,1525,-13.43698379,-54.5411724,28.04193,120.57698,28.03821,120.57802,9,527,0
1143,2237,41.35970718,-22.86993131,27.92288,120.70458,27.92797,120.69797,3,270,0
1562,2549,7.151174709,-55.73295755,27.99767,120.57531,27.98841,120.58255,8,537,0
1680,2446,10.50365553,9.216214415,27.96413,120.67139,27.98763,120.66308,-1,19,0
46,936,-55.20727312,-5.483304004,28.04917,120.61056,28.02145,120.63334,-1,174,0
1159,2568,-27.42595712,-42.84323742,28.02791,120.59925,28.04901,120.58582,-1,353,0
1506,2009,-41.40968817,3.763682045,28.02799,120.66168,28.04976,120.647462,7,17,0
874,2318,-42.74381739,14.35180916,28.04411,120.64767,28.0217,120.647,-1,84,0
2633,2758,11.85029754,7.918876532,27.98511,120.67531,27.98519,120.67735,4,36,0
1285,2453,-48.59004127,-37.70056386,28.04108,120.61641,28.04644,120.60417,7,2372,0
1927,2200,-64.41114068,3.280927083,28.04626,120.62785,28.03746,120.65611,7,133,0
1658,2183,55.77670363,6.770841888,27.90655,120.80646,27.89444,120.81353,6,13,0
2342,2572,39.36453525,24.31209779,27.96902,120.74658,27.9677,120.74015,10,23,0
936,2379,-39.26292004,-2.284938996,28.02145,120.63334,28.04982,120.6511,-1,0,0
966,1260,63.4985267,-14.5354451,27.918388,120.823666,27.91444,120.83278,6,3597,0
818,2508,18.12376794,-12.81825872,27.94749,120.64401,27.96724,120.66561,5,14,0
92,292,-53.63873305,17.04431739,28.02774,120.65947,28.02857,120.65898,7,43,0
61,2787,-9.985759028,52.20693207,28.00969,120.67408,28.00461,120.6752,-1,260,0
2561,2755,-6.282434419,50.79460456,28.00155,120.68023,27.99953,120.68067,4,55,0
749,1810,72.9421113,-8.376758924,27.9345,120.76993,27.934862,120.767714,10,14696,0
261,893,1.909975053,19.46463108,27.99005,120.67431,28.00209,120.66254,-1,0,0
234,2483,-45.81268231,-7.868130663,28.01828,120.62547,28.02455,120.61196,-1,97,0
1999,2577,34.4885445,-27.24088282,27.91395,120.70028,27.92101,120.70502,3,131,0
1008,2379,-31.15578217,5.952740129,28.06212,120.60705,28.04982,120.6511,-1,22,0
127,2613,32.05469805,-28.47285985,27.9207,120.68866,27.916821,120.696911,3,16,0
1644,1821,37.40578674,17.18876322,27.97549,120.72917,27.98011,120.74803,10,57,0
1285,2150,-46.94366411,-36.4056652,28.04108,120.61641,27.99711,120.58895,-1,261,0
1169,2834,-13.22932184,-27.0539012,28.01606,120.6036,28.00969,120.59728,3,26,0
872,1620,-41.79451607,-5.923123405,27.98477,120.64882,28.01578,120.62194,-1,0,0
10,291,-29.72329586,7.547138595,28.0235,120.66211,28.023257,120.659016,3,19,0
726,2373,-12.38013582,1.852812567,28.00074,120.64324,27.99672,120.65264,3,37,0
905,1924,71.35422747,19.29769902,27.86954,120.80506,27.86419,120.81517,6,473,0
455,1053,31.11691271,48.84865277,27.992983,120.713162,27.99068,120.7167,7,66,0
673,1560,-44.4465318,-36.69180273,28.05464,120.60495,28.034241,120.588717,-1,83,0
2229,2597,-5.360511455,5.800646185,27.99852,120.65649,27.993358,120.671015,-1,0,0
233,1408,4.058225833,-5.134944134,27.9299,120.70635,27.92298,120.7071,3,113,0
1034,2507,-43.67857896,9.467883034,28.027685,120.65985,28.02519,120.66642,-1,17,0
52,1989,50.51986499,-0.548949118,27.93816,120.80145,27.93336,120.81773,6,62,0
779,1093,-23.24687153,-41.12474813,28.03387,120.594038,28.03228,120.58055,9,543,0
959,975,-30.0545785,30.69141951,28.009115,120.657413,28.00397,120.67029,3,17,0
1737,2568,-19.85797854,-58.26900521,28.03968,120.57291,28.04901,120.58582,9,2143,0
664,2236,-7.549838691,39.40390762,27.99313,120.67216,27.9946,120.674,4,160,0
364,1089,-10.93308019,-38.8042221,28.01704,120.5833,28.02804,120.57818,9,46,0
1136,1555,-62.48981835,12.66726383,28.04624,120.66456,28.043798,120.657967,7,107,0
1870,2452,-13.40998754,15.71077749,27.99576,120.6574,28.0105,120.66068,3,30,0
770,1706,44.11187889,-28.5550327,27.921591,120.704296,27.9208,120.70586,3,2619,0
745,2065,-44.33674653,-14.23052858,28.04541,120.65027,28.03893,120.65902,7,30,0
642,2793,33.66867553,-0.059013743,27.942723,120.757662,27.96841,120.73048,10,10,0
633,2322,24.88028679,42.63337356,27.98491,120.70392,27.99169,120.70661,-1,28,0
1362,2625,62.88093345,8.396946956,27.89369,120.80917,27.89938,120.82864,6,0,0
193,2488,28.78503152,16.41325867,28.02809,120.78452,28.01749,120.80122,2,253,0
1454,1755,34.5788332,-20.10235876,27.92271,120.7068,27.916499,120.696973,3,35,0
22,1335,58.3851112,-0.971695675,27.921557,120.82208,27.92006,120.82563,6,57,0
1031,2292,-24.5799915,-46.85283809,28.036972,120.589166,28.04572,120.58643,9,265,0
568,2618,10.24849731,61.75635604,28.017992,120.701917,28.016323,120.704,7,25,0
427,780,-6.523844478,20.35342827,28.005808,120.669146,28.01006,120.68043,-1,13,0
1413,2662,6.597167758,37.32344236,27.995897,120.699285,27.9944,120.7017,4,21,0
1722,2826,69.60179311,18.83522388,27.87744,120.7991,27.86957,120.81322,6,235,0
756,1296,56.37597035,8.589574779,27.90472,120.82388,27.89897,120.79855,6,44,0
62,1454,39.35685119,-26.68969404,27.92028,120.70493,27.92271,120.7068,3,177,0
1298,1938,-47.36488147,3.105710406,28.01943,120.636564,28.01832,120.65141,3,268,0
273,1514,-60.9447334,4.190356687,28.02613,120.64691,28.039838,120.650314,7,46,0
1728,1905,30.04414063,-52.40718213,27.85412,120.66711,27.86345,120.67392,3,890,0
1980,2481,25.99800847,-7.393381518,27.9546,120.667,27.97265,120.66766,5,12,0
736,954,-21.63209822,39.15030653,28.02026,120.67933,28.018214,120.672196,3,30,0
792,2439,-16.62826068,-55.7305955,28.040732,120.576351,28.04261,120.57226,9,658,0
438,677,-56.1673996,-28.00910258,28.03933,120.62364,28.040628,120.619569,7,668,0
1089,1778,-9.921983563,-41.44093353,28.02804,120.57818,28.024885,120.580733,9,120,0
912,2363,33.58915413,30.80631986,27.98324,120.72334,27.98627,120.73454,10,37,0
204,1274,2.387323547,-23.44881419,27.99015,120.62566,27.988034,120.621545,8,37,0
2228,2718,20.46385663,-42.26565663,27.94986,120.5872,27.94477,120.59481,10,2838,0
556,1286,-33.2700879,21.91426035,27.99014,120.62903,28.01117,120.65006,-1,14,0
234,2316,-17.2406896,-32.69180215,28.01828,120.62547,28.0271,120.60091,-1,17,0
739,1842,27.68142328,17.4970228,28.0287,120.8004,28.02971,120.77817,2,156,0
1216,1563,37.95508956,-29.68392874,27.91978,120.70622,27.92204,120.69661,3,169,0
633,1782,28.20446599,46.26075109,27.98491,120.70392,27.997236,120.700653,-1,269,0
437,1855,2.537962681,13.80197657,27.98847,120.666286,27.98606,120.67631,4,16,0
25,306,29.5695594,-15.40983761,27.976204,120.667973,27.93177,120.67802,5,0,0
312,1262,7.320921076,4.701067133,27.97483,120.67456,27.98453,120.66027,-1,426,0
490,1620,-16.56787363,-10.18432415,28.00307,120.6298,28.01578,120.62194,-1,24,0
415,2581,-45.58915649,20.92874694,28.01975,120.65219,28.020019,120.648575,3,2542,0
446,1481,10.23357173,-36.176518,27.98581,120.61459,27.96111,120.6227,8,9,0
1999,2788,32.38383053,-13.16241966,27.91395,120.70028,27.96243,120.65546,-1,8,0
1494,2513,-43.01125192,-26.91325849,28.04977,120.64759,28.060569,120.603702,7,21,0
432,2255,4.498742353,25.02385125,28.00074,120.67929,27.99861,120.67972,4,10,0
172,1940,-42.3033493,-30.19530829,28.0428,120.62069,28.05756,120.60725,7,89,0
1050,2131,6.459136956,-4.872154296,27.976339,120.671208,27.97509,120.65593,5,14,0
46,1051,-48.61330911,-37.295133,28.04917,120.61056,28.04252,120.60963,7,686,0
487,1994,-7.810976421,41.44191654,27.98776,120.67428,27.992378,120.669665,4,2382,0
41,1753,13.17785047,-29.16104583,27.95746,120.61208,27.96526,120.65283,-1,32,0
1129,2713,58.14213329,-6.430075325,27.91593,120.8267,27.9236,120.82555,6,273,0
27,2157,6.972817833,61.90371472,28.00949,120.71444,28.01324,120.69695,7,16,0
1574,1747,41.49349862,39.11089001,27.980622,120.731705,27.978667,120.735061,10,6383,0
176,384,-24.98765767,-7.190502149,28.02521,120.6105,28.01405,120.63301,-1,2,0
824,1249,-12.92172809,-2.315676783,28.002956,120.643807,28.00533,120.6479,3,135,0
1782,2476,15.01218311,37.1249506,27.997236,120.700653,27.99996,120.71136,7,10,0
464,1698,15.60400819,-22.74596191,27.9659,120.64111,27.95861,120.665556,-1,15,0
2544,2939,-24.5920243,9.953996263,28.01046,120.64997,28.011397,120.653141,3,18,0
677,2666,-59.70673537,-28.03750151,28.040628,120.619569,28.04116,120.62863,7,1019,0
2650,2955,-13.3722787,23.76471685,28.024386,120.675309,28.02188,120.66555,3,0,0
269,2679,50.37834234,-10.88701559,27.96807,120.80604,27.96428,120.80753,2,31853,0
550,2451,19.70566857,58.19269463,28.0076,120.72365,28.01596,120.72171,7,831,0
307,1691,-24.57907107,21.702673,28.01573,120.65876,28.01519,120.66268,3,154,0
2188,2733,-51.16217691,-4.947099485,28.02031,120.62527,28.019524,120.631948,-1,397,0
487,2738,3.744137893,19.03773756,27.98776,120.67428,27.98625,120.67291,4,161,0
912,2441,38.91460212,40.69545037,27.98324,120.72334,27.98416,120.72974,10,1712,0
467,2491,-9.864076107,33.34927725,28.012398,120.68848,28.00859,120.68708,7,9,0
1022,2637,29.20089946,35.29832178,27.99539,120.7173,27.99476,120.73128,7,29,0
2490,2863,32.04294086,-45.45864293,27.88534,120.6674,27.888,120.649,3,12,0
360,409,47.27123775,1.927826571,27.93627,120.80128,27.95855,120.75661,-1,0,0
2146,2197,-45.01553162,-39.29414874,28.051431,120.600469,28.04449,120.62163,7,11,0
2000,2902,38.00677853,-26.09456091,27.92247,120.70628,27.92072,120.70621,3,9,0
1308,1991,7.897041977,16.80220853,27.98404,120.68203,28.00104,120.67237,-1,19,0
306,464,23.73200654,-22.62737151,27.93177,120.67802,27.9659,120.64111,-1,44,0
142,227,-42.46559868,-21.5199825,28.07201,120.60483,28.05333,120.63083,-1,6,0
726,1774,-13.07516447,2.445274503,28.00074,120.64324,27.99094,120.65242,-1,11,0
409,2946,51.20601816,5.51371798,27.95855,120.75661,27.91587,120.81258,-1,76,0
335,464,18.69970341,-9.452502997,27.93483,120.66784,27.9659,120.64111,-1,57,0
1322,1790,-1.469522709,28.39933793,28.00798,120.69032,28.00243,120.67766,-1,12,0
72,1576,13.07741379,-44.72411229,27.97367,120.59704,27.970529,120.613192,8,191,0
52,409,71.11001729,-9.843984407,27.93816,120.80145,27.95855,120.75661,-1,0,0
464,1102,13.58849432,-21.59625605,27.9659,120.64111,27.95246,120.64545,-1,3,0
1736,2608,-39.96741234,-14.87610896,28.029592,120.6244,28.03899,120.65059,7,5,0
113,918,-22.53778079,-0.00943771,28.01211,120.63736,28.0129,120.64233,3,20,0
1441,1555,-66.88781594,7.562522217,28.04381,120.65767,28.043798,120.657967,7,18107,0
341,1923,-8.544734472,-16.36282053,27.98975,120.64468,27.99631,120.64437,-1,4374,0
1557,2779,65.63846891,3.227213726,27.90165,120.81193,27.9069,120.82629,6,118,0
959,2229,-32.08913166,34.11552083,28.009115,120.657413,27.99852,120.65649,3,70,0
1031,1592,-17.10637602,-49.26775864,28.036972,120.589166,28.04448,120.57033,9,33,0
669,1987,-21.72379056,-4.619918936,28.01255,120.63174,28.007234,120.633055,-1,10,0
779,2440,-20.54183991,-47.39438048,28.03387,120.594038,28.043033,120.586455,9,22,0
1654,2938,-14.42578678,-33.39029386,28.02792,120.60131,28.02158,120.59654,3,126,0
237,362,-13.84128142,-23.3619613,28.023421,120.592786,28.01738,120.60605,3,39,0
1530,2490,27.80634095,-51.26437539,27.86421,120.64917,27.88534,120.6674,3,216,0
1373,1990,-26.39924668,22.42439913,28.01793,120.66445,28.02045,120.65999,3,313,0
775,2325,35.37437642,-38.39431612,27.9189,120.64478,27.91782,120.69607,3,50,0
255,1658,67.42910197,-0.009062445,27.91211,120.79786,27.90655,120.80646,6,311,0
1316,2842,26.9117695,3.671636906,27.97332,120.71019,27.98853,120.69743,-1,0,0
2428,2543,9.920650284,5.676938081,27.98819,120.6531,27.978448,120.671401,5,106,0
1296,1557,71.98882035,3.016199345,27.89897,120.79855,27.90165,120.81193,6,2930,0
157,935,16.2808736,12.85228162,27.980814,120.677226,27.97987,120.68111,4,234,0
75,468,-16.91730927,-38.88129686,28.03269,120.59105,28.02464,120.59155,-1,74,0
1160,1506,-20.10220426,21.89124803,28.01525,120.66252,28.02799,120.66168,-1,47,0
1736,2840,-54.99056439,-6.685901614,28.029592,120.6244,28.04323,120.58656,-1,60,0
89,1506,-61.79147833,0.127936006,28.0164,120.65703,28.02799,120.66168,-1,60,0
1767,2190,6.702757042,4.61183574,27.97914,120.65482,27.98235,120.67423,5,44,0
213,1372,-22.30569541,-3.428054751,28.01009,120.63564,28.00994,120.63606,3,81,0
666,673,-40.65294041,-45.46180469,28.07352,120.58467,28.05464,120.60495,-1,116,0
560,2476,14.23656272,34.91247069,28.016323,120.703784,27.99996,120.71136,7,0,0
539,862,-35.38229291,10.27160635,28.01516,120.65303,28.023996,120.651156,-1,44,0
997,2621,-9.557470188,53.4516442,28.00958,120.67769,28.01036,120.67777,4,244,0
1123,2420,8.077757774,-28.27558589,27.96552,120.64757,27.98362,120.61785,-1,8,0
1242,1603,12.57311804,-33.09696966,27.94889,120.61987,27.94403,120.59556,-1,0,0
442,2018,56.87247663,-2.218070905,27.92124,120.83163,27.92674,120.82518,6,76,0
1218,1625,65.92037188,-8.922955033,27.91539,120.8198,27.91671,120.81301,6,2037,0
182,936,-27.11547614,-15.68952389,28.01939,120.61656,28.02145,120.63334,3,45,0
407,605,-8.702215042,-46.90146575,28.026727,120.58226,28.0258,120.57913,9,34586,0
982,2130,66.50947685,19.05566855,27.87452,120.79789,27.85823,120.80871,6,277,0
68,2316,-29.6655697,-19.31160749,28.02467,120.61708,28.0271,120.60091,3,26,0
646,2415,-42.40921442,9.903138348,28.02101,120.67872,28.02,120.655,3,19,0
1112,2453,-43.15864652,-33.56751376,28.05274,120.62436,28.04644,120.60417,7,37,0
1655,1999,34.38571728,-25.66274912,27.92826,120.70156,27.91395,120.70028,3,7,0
874,1949,-37.62606684,3.614401075,28.04411,120.64767,28.02608,120.646,7,27,0
2190,2543,11.60883648,4.089242805,27.98235,120.67423,27.978448,120.671401,5,7871,0
849,1152,-31.21201051,19.3602587,28.01215,120.65165,28.013647,120.656985,3,91,0
739,1076,26.99675798,12.12143369,28.0287,120.8004,28.03881,120.82892,2,177,0
550,883,18.55657056,57.12054342,28.0076,120.72365,27.99238,120.73064,7,124,0
954,1939,-14.62029173,24.84423499,28.018214,120.672196,28.00197,120.68016,-1,61,0
1134,2567,-0.489641006,-10.11931578,27.99644,120.63354,27.992138,120.656444,-1,18,0
2353,2564,25.8469402,0.702094835,27.973777,120.682079,27.96169,120.70433,-1,50,0
761,2152,-34.06353544,-2.246369571,28.02569,120.64175,28.02159,120.63532,-1,38,0
11,906,24.91102307,32.23668952,27.99544,120.72251,28.01211,120.69386,7,25,0
621,2351,6.131427429,-31.15531357,27.98848,120.61075,27.95215,120.60432,-1,36,0
1330,2127,2.635893985,18.43389048,27.988333,120.6725,27.98869,120.6726,4,17,0
1608,2921,-46.47604867,-20.29539841,28.0453,120.65749,28.04626,120.62812,7,47,0
909,1527,10.74462994,-8.793900842,27.95992,120.64877,27.97296,120.6485,5,31,0
85,1852,44.77708027,22.19988859,27.958296,120.753206,27.96059,120.7497,10,305,0
1601,2691,54.11188627,-8.332776687,27.94796,120.8414,27.93204,120.83665,6,274,0
973,1454,36.07424615,-18.05030097,27.93169,120.70193,27.92271,120.7068,3,17,0
2180,2848,-0.110953372,-13.92427491,27.98333,120.65125,27.965369,120.686131,5,6,0
705,1238,-11.73085571,10.30306354,28.00227,120.63088,28.00439,120.65275,3,3,0
1736,1743,-55.57225553,-1.3407346,28.029592,120.6244,28.02983,120.63357,7,106,0
644,1152,-42.77517048,31.12881261,28.01278,120.65944,28.013647,120.656985,3,866,0
72,1774,7.450355702,-33.71002597,27.97367,120.59704,27.99094,120.65242,-1,2,0
1453,2053,-9.889500509,-8.386273169,27.99832,120.6366,28.01003,120.63016,-1,15,0
354,1832,21.76567929,17.46562737,28.09795,120.80841,28.08885,120.80824,2,4605,0
280,1899,-36.88745791,-47.06265792,28.07993,120.58958,28.06248,120.60338,9,77,0
1008,1112,-47.33889701,-29.19175662,28.06212,120.60705,28.05274,120.62436,-1,60,0
2028,2713,54.07105885,3.632913092,27.92122,120.80887,27.9236,120.82555,6,31,0
803,1889,-24.59818357,19.8927415,28.02715,120.65114,28.01442,120.65841,-1,41,0
956,2180,5.5161546,-16.087479,27.97159,120.65547,27.98333,120.65125,5,587,0
599,2298,31.6683712,-2.089144958,27.97321,120.72684,27.92952,120.68107,-1,13,0
1720,1769,8.295571273,56.07106383,28.00064,120.70523,27.998722,120.707177,7,390,0
14,1263,-18.23516439,32.86572545,28.02496,120.66541,28.02077,120.6738,3,53,0
1446,2150,4.024648928,-33.87677253,27.98015,120.60519,27.99711,120.58895,-1,12,0
287,2855,-4.707617407,-22.82808637,27.986822,120.630326,27.986819,120.628986,8,226,0
868,2003,-8.115629871,53.33088475,28.01279,120.66871,28.00191,120.67862,-1,46,0
499,1927,-57.95110894,-25.37092381,28.04339,120.62726,28.04626,120.62785,7,833,0
1685,1900,-37.80622686,-62.47451633,28.08692,120.5856,28.06605,120.58485,9,384,0
1111,1743,-51.14067738,1.184094892,28.02502,120.63963,28.02983,120.63357,7,30,0
143,161,-65.33107536,8.239906897,28.04546,120.65895,28.043888,120.656111,7,671,0
1110,2272,31.69887019,-17.94306882,27.946867,120.69923,27.91974,120.69145,-1,17,0
1581,2183,65.04783137,4.807703956,27.90633,120.81918,27.89444,120.81353,6,134,0
188,556,-4.44117312,-22.26089552,27.97988,120.63103,27.99014,120.62903,8,521,0
1008,1357,-35.50064369,-43.16950566,28.06212,120.60705,28.05143,120.60047,-1,52,0
1098,1899,-44.1706134,-37.98489561,28.0475,120.62333,28.06248,120.60338,-1,445,0
2323,2890,-59.61215276,4.709289749,28.02463,120.6447,28.02424,120.6348,-1,160,0
422,1178,9.029988033,35.669013,28.00525,120.70299,27.99689,120.69531,-1,21,0
280,2661,-39.9962812,-56.58782926,28.07993,120.58958,28.079828,120.589546,9,12811,0
1606,2628,-28.30602324,44.64967498,28.01492,120.67488,28.01511,120.67465,3,4160,0
155,1041,62.05592292,6.437311088,27.90066,120.82456,27.909,120.82147,6,57,0
2129,2593,9.264109817,-1.05148226,27.98951,120.64774,27.96314,120.66947,5,6,0
1129,2347,61.61460405,2.661016417,27.91593,120.8267,27.91091,120.81602,6,44,0
1713,1969,-10.68041482,-6.899990254,28.01567,120.62619,28.00303,120.63895,-1,22,0
407,1737,-15.00625897,-49.90595387,28.026727,120.58226,28.03968,120.57291,9,35,0
1605,2727,-22.60373203,-0.412262061,28.01353,120.6398,28.009026,120.63874,3,55,0
2560,2826,71.70333987,19.34864172,27.86448,120.80129,27.86957,120.81322,6,393,0
252,1845,33.58296297,33.46217025,27.9874,120.73534,27.99406,120.72557,-1,105,0
521,2428,-6.689151228,13.59784196,27.99979,120.66739,27.98819,120.6531,-1,13,0
1276,1444,-8.393232892,-35.88365961,28.00066,120.58221,28.019216,120.588125,-1,7,0
841,1289,-27.29733739,-2.31859791,28.0171,120.63698,28.0114,120.65314,3,10,0
229,842,61.91971982,-1.177692645,27.93122,120.80706,27.90945,120.81881,6,4,0
915,1231,-21.34119522,34.72188591,28.024778,120.671965,28.025,120.669166,3,8,0
755,1454,47.73246759,-22.38887328,27.928,120.698,27.92271,120.7068,3,267,0
384,1400,-32.69609244,-5.287881027,28.01405,120.63301,28.01833,120.60806,-1,2,0
1352,2832,63.46970379,16.72167135,27.878333,120.793611,27.8881,120.80006,6,59,0
1714,1747,33.24931124,28.00512668,27.98008,120.74344,27.978667,120.735061,10,31,0
871,1938,-43.12665627,17.36310178,28.02285,120.64607,28.01832,120.65141,3,204,0
1244,2433,-19.48219451,28.55908513,28.00503,120.67134,28.02202,120.66394,3,8,0
682,1940,-47.35477155,-24.970947,28.0412,120.629,28.05756,120.60725,7,63,0
383,2292,-19.95343164,-51.70811653,28.05006,120.58705,28.04572,120.58643,9,0,0
556,2703,-7.490389442,-20.49682843,27.99014,120.62903,27.99103,120.63464,8,9705,0
332,1025,1.501711147,54.66838481,28.00341,120.68731,27.992,120.69598,4,7,0
1521,1977,-4.600936404,18.94333183,28.00551,120.66263,27.99753,120.67522,-1,0,0
309,656,18.48969047,-43.60219858,27.95804,120.59516,27.96161,120.59217,10,8582,0
384,1736,-51.99461845,-4.131493225,28.01405,120.63301,28.029592,120.6244,-1,87,0
663,1753,7.749923105,-1.706480609,27.97693,120.66377,27.96526,120.65283,5,21,0
949,2440,-22.64004599,-52.69196569,28.042263,120.582178,28.043033,120.586455,9,256,0
2012,2733,-33.07812488,1.036862001,28.02392,120.644412,28.019524,120.631948,3,2,0
426,2587,-40.27303489,1.628994829,28.025933,120.641498,28.025858,120.64343,7,41,0
1977,2471,-14.38855694,52.26991853,27.99753,120.67522,28.00877,120.66836,-1,37,0
273,1224,-36.20976505,9.421776824,28.02613,120.64691,28.025972,120.649869,7,24,0
1155,2254,59.19472412,2.473520569,27.9164,120.82583,27.923401,120.816621,6,9,0
43,2318,-33.65813978,2.53044638,28.023236,120.644174,28.0217,120.647,3,47,0
2519,2624,30.12529417,39.95883197,27.99715,120.70087,27.97603,120.71773,-1,9,0
402,1731,-19.34881527,14.33553133,28.01188,120.66205,28.00652,120.64463,3,13,0
1111,2213,-57.30674076,4.198145798,28.02502,120.63963,28.0397,120.63304,7,55,0
176,293,-35.07386643,-14.00783493,28.02521,120.6105,28.02476,120.635142,3,6,0
1709,1747,41.30394631,16.84824081,27.97034,120.76311,27.978667,120.735061,10,21,0
536,1851,23.46876683,28.88860487,27.978638,120.714666,27.980051,120.702261,-1,3,0
189,351,20.22511871,8.638984391,27.98396,120.69007,27.98417,120.69043,4,705,0
747,1932,-20.81173412,15.66551978,28.01175,120.66003,28.01062,120.65932,3,33,0
57,1908,-16.45945439,-20.51788589,28.00954,120.61511,28.0141,120.60512,-1,171,0
178,415,-44.79296496,24.9476221,28.01444,120.65108,28.01975,120.65219,3,2126,0
1445,2232,29.10199241,49.5679586,27.99263,120.7145,27.99607,120.71016,7,202,0
2044,2809,-21.73522032,37.62213637,28.021,120.679,28.022802,120.673347,3,90,0
124,125,-3.902482682,-27.01743267,27.99261,120.62341,27.98925,120.62584,8,235,0
154,2823,18.84449211,-49.13092825,27.9473,120.56566,27.94947,120.55856,10,30460,0
1795,2009,-49.34622083,-15.55922303,28.05247,120.66674,28.04976,120.647462,7,76,0
633,1187,26.05735927,45.21386483,27.98491,120.70392,27.96331,120.66311,-1,0,0
515,1187,17.10915044,-22.86662894,27.96781,120.62801,27.96331,120.66311,-1,962,0
1023,2200,-61.71968967,7.302859795,28.046787,120.661963,28.03746,120.65611,7,218,0
318,983,7.824810167,-15.62129823,27.97271,120.64743,27.97699,120.64991,5,21345,0
2116,2568,-39.13746824,-41.00888303,28.04925,120.60197,28.04901,120.58582,-1,5318,0
25,1187,7.923835304,2.359811504,27.976204,120.667973,27.96331,120.66311,5,102,0
1699,2099,-0.730099784,41.35118009,27.97659,120.67899,27.99084,120.68506,-1,238,0
1478,2087,-27.84538755,-1.005403192,28.02333,120.63639,28.02363,120.66164,-1,9,0
1091,1673,-13.20978625,-0.75558745,28.00055,120.64544,28.00217,120.64577,3,161,0
1717,2531,-1.644439963,-10.08019539,27.99375,120.61713,27.99591,120.64416,-1,16,0
906,2968,-25.75432554,22.57157337,28.01211,120.69386,28.02802,120.6546,7,0,0
46,1736,-55.29981216,-5.986123542,28.04917,120.61056,28.029592,120.6244,7,409,0
89,2433,-26.57348474,21.3583672,28.0164,120.65703,28.02202,120.66394,3,52,0
1380,2536,-1.722536927,30.13190345,28.00675,120.68244,28.00726,120.6775,4,120,0
264,2164,-36.4101365,40.64886545,28.01535,120.66232,28.01286,120.66582,3,332,0
1950,2873,20.65169638,59.07335522,27.99139,120.71952,28.000323,120.727524,7,230,0
456,2764,-17.59507694,-54.49324463,28.04137,120.5735,28.044142,120.567394,9,150,0
2094,2585,0.990659465,-48.42579844,27.992,120.60987,27.98729,120.6081,8,114,0
1083,2662,25.44576237,44.26098903,27.99432,120.7066,27.9944,120.7017,-1,14,0
47,1589,9.113645507,69.11993468,27.97433,120.75967,28.02956,120.75507,-1,45,0
2060,2841,13.01463133,34.5939045,28.00115,120.70351,28.000286,120.70749,7,27,0
318,370,9.805838998,-13.04998529,27.97271,120.64743,27.95455,120.65292,5,131,0
2075,2398,33.92346803,-33.11592207,27.94054,120.69195,27.923249,120.687804,-1,0,0
15,466,-3.840407222,-16.9659106,27.97664,120.63227,27.993,120.6404,8,85,0
79,1061,46.78094577,-27.5253636,27.921889,120.696181,27.92415,120.70545,3,4119,0
623,1496,24.02015995,2.194587323,27.94373,120.68649,27.97767,120.70127,-1,23,0
1839,1852,43.19265768,20.08886786,27.97706,120.75192,27.96059,120.7497,10,139,0
2269,2682,-10.61216497,5.9375491,28.0054,120.65452,27.99605,120.64769,3,8,0
1582,2190,8.925083291,7.598375905,27.96936,120.67444,27.98235,120.67423,5,391,0
1257,1337,16.50843848,-49.21076594,27.97868,120.57877,27.9422,120.581,-1,369,0
1108,2075,33.24887821,-9.204571385,27.924685,120.69711,27.94054,120.69195,-1,134,0
287,2330,8.561361571,-35.25253641,27.986822,120.630326,27.9967,120.60336,8,5,0
836,1400,-26.04434911,-23.39755943,28.02242,120.60801,28.01833,120.60806,3,6885,0
2229,2539,-8.258720493,7.31821,27.99852,120.65649,27.97231,120.62724,-1,6,0
547,1638,5.838487321,15.99496957,27.98521,120.67877,27.99258,120.67111,4,10,0
409,482,44.75043463,21.22251574,27.95855,120.75661,27.97359,120.74776,10,170,0
770,2297,44.94376208,-25.5247042,27.921591,120.704296,27.92659,120.71116,3,2778,0
636,2142,31.80091343,44.8498251,27.98612,120.70958,27.98684,120.71242,7,12080,0
1380,1926,-6.021552316,30.33203711,28.00675,120.68244,28.01239,120.67322,-1,28,0
1442,2012,-34.91749468,3.726245473,28.021742,120.649455,28.02392,120.644412,3,9,0
1422,2232,21.80160463,48.07642606,28.00506,120.71172,27.99607,120.71016,7,37,0
1296,1849,71.34169707,4.275154736,27.89897,120.79855,27.89831,120.81286,6,630,0
859,1092,16.72660414,-7.252267477,27.95386,120.68203,27.96187,120.66042,5,12,0
566,2491,2.895712894,32.6803033,28.0085,120.68531,28.00859,120.68708,-1,178,0
227,1385,-58.26057863,-21.50844312,28.05333,120.63083,28.05153,120.62762,7,18304,0
1774,2023,8.859596874,-40.04598939,27.99094,120.65242,27.97172,120.61373,-1,17,0
1767,2508,6.410572636,2.73138991,27.97914,120.65482,27.96724,120.66561,5,208,0
697,2297,46.25544504,-26.28242798,27.92414,120.70279,27.92659,120.71116,3,1254,0
367,2420,0.114033354,-42.61004323,27.99233,120.60381,27.98362,120.61785,8,38,0
836,2290,-13.64943267,-27.3446604,28.02242,120.60801,28.01109,120.5954,3,44,0
1620,2816,-43.6876774,-4.858755818,28.01578,120.62194,28.04411,120.63996,-1,5,0
770,2398,36.52720104,-31.20717524,27.921591,120.704296,27.923249,120.687804,3,62,0
736,2804,-24.2036986,44.04439161,28.02026,120.67933,28.02126,120.68452,-1,601,0
761,1401,-33.75857411,0.640681094,28.02569,120.64175,28.01999,120.65209,-1,28,0
1329,2899,-40.35258139,7.499858967,28.02655,120.65947,28.02802,120.65472,7,27,0
408,2012,-43.0176023,1.15637157,28.05042,120.6339,28.02392,120.644412,-1,34,0
176,677,-50.28030754,-30.64855578,28.02521,120.6105,28.040628,120.619569,-1,31,0
756,1129,62.71977926,4.521587553,27.90472,120.82388,27.91593,120.8267,6,41,0
1,709,42.88360933,19.86333524,27.97014,120.75603,27.97153,120.73361,10,38,0
414,2539,11.46372484,-29.36215233,27.96162,120.59686,27.97231,120.62724,-1,8,0
772,2653,-39.20222561,-32.39872692,28.05187,120.61117,28.03697,120.58917,-1,32,0
1058,1310,-52.90528958,-22.55751011,28.04752,120.63044,28.0436,120.62548,7,88,0
365,1994,2.782194936,5.097884237,27.98328,120.65734,27.992378,120.669665,4,20,0
698,2729,-41.88941305,-24.32080428,28.07126,120.60869,28.05359,120.63947,-1,15,0
644,2252,-41.59392833,35.56672732,28.01278,120.65944,28.0135,120.659,3,908,0
222,2452,-37.34926364,36.4898106,28.009453,120.662653,28.0105,120.66068,3,809,0
745,1164,-67.43668637,4.416607928,28.04541,120.65027,28.04057,120.64705,7,2584,0
609,1433,-29.87542352,5.258708902,28.02096,120.62016,28.015196,120.648057,3,75,0
1979,1991,-12.92487408,48.75638887,28.00367,120.67052,28.00104,120.67237,3,591,0
1485,2517,-37.39037431,-53.95289072,28.07932,120.57283,28.08227,120.59052,9,61,0
838,1088,-32.0946653,14.38719364,28.01758,120.65251,28.016654,120.650607,3,108,0
280,592,-35.43420405,-51.27802667,28.07993,120.58958,28.07596,120.58581,9,126,0
489,1699,-2.029283846,41.37939827,27.99167,120.67799,27.97659,120.67899,-1,18,0
1184,1407,2.149767796,-14.29915742,27.982012,120.645724,27.97235,120.62717,-1,7,0
761,1170,-51.12749162,2.009946394,28.02569,120.64175,28.023333,120.636389,-1,153,0
1433,2188,-27.58290606,3.17714509,28.015196,120.648057,28.02031,120.62527,-1,2,0
1682,2793,39.5363714,33.48337958,27.96568,120.73665,27.96841,120.73048,10,16546,0
949,2086,-16.06985895,-57.65382931,28.042263,120.582178,28.03771,120.57585,9,1562,0
1848,1947,11.24820095,16.58828344,27.96164,120.66747,27.98803,120.67876,-1,15,0
2479,2867,28.43492835,24.98180637,27.95756,120.72822,27.971116,120.71478,10,8,0
2145,2539,32.38990299,-13.48262022,27.93258,120.73604,27.97231,120.62724,-1,0,0
370,1103,7.508469223,-26.05903794,27.95455,120.65292,27.97694,120.62826,-1,0,0
1606,1628,-11.99820333,29.28879005,28.01492,120.67488,28.01497,120.68572,-1,62,0
955,1949,-56.19700363,3.711646593,28.04133,120.65311,28.02608,120.646,7,57,0
188,1684,5.810578284,-23.45007875,27.97988,120.63103,27.98796,120.61592,8,33,0
2756,2901,29.32285011,5.245845546,27.98645,120.68772,27.97339,120.7071,-1,19,0
176,1014,-24.84688027,-17.838114,28.02521,120.6105,28.0197,120.61522,3,61,0
1238,1289,-19.88512408,10.56721644,28.00439,120.65275,28.0114,120.65314,3,43,0
742,2816,-38.60460991,-9.705076987,28.069541,120.641029,28.04411,120.63996,7,0,0
2116,2575,-22.20152137,-41.06747551,28.04925,120.60197,28.02926,120.59028,-1,154,0
1714,1839,37.7779318,17.146945,27.98008,120.74344,27.97706,120.75192,10,27,0
604,1112,-44.30220638,-30.40834208,28.015777,120.594444,28.05274,120.62436,-1,12,0
477,1133,29.66026917,35.10948349,27.994763,120.731284,27.97533,120.72453,-1,30,0
1151,1501,-39.60922964,-26.3637226,28.082463,120.58878,28.05557,120.61784,-1,3,0
673,1610,-46.54085621,-40.53886068,28.05464,120.60495,28.05249,120.60567,7,35253,0
603,2508,11.45855193,-27.98162204,27.97164,120.62661,27.96724,120.66561,-1,0,0
588,2099,10.27034894,20.43136221,27.98547,120.68291,27.99084,120.68506,4,24,0
2620,2715,-12.60248433,43.1305952,28.005401,120.667985,27.99435,120.66326,-1,83,0
1076,1974,27.66240131,11.4078042,28.03881,120.82892,28.04339,120.81815,2,5035,0
1894,2195,-38.46955907,-22.68616162,28.044511,120.621742,28.04344,120.61641,7,54,0
2154,2496,46.00259195,4.809415359,27.96748,120.75293,27.94412,120.76969,10,0,0
786,1112,-53.21223268,-17.23160844,28.065163,120.642463,28.05274,120.62436,7,62,0
189,2227,17.06225155,23.14011749,27.98396,120.69007,27.98375,120.66578,4,24,0
652,2789,61.15735399,16.01682642,27.88623,120.80236,27.87222,120.79381,6,44,0
1184,1643,5.02468298,-29.97317077,27.982012,120.645724,27.98054,120.61279,-1,12,0
338,2408,36.27672316,27.4190818,27.978332,120.738888,27.97638,120.75557,10,11,0
1286,1673,-35.83525034,27.87774563,28.01117,120.65006,28.00217,120.64577,3,101,0
188,318,9.553469893,-19.94759101,27.97988,120.63103,27.97271,120.64743,-1,84,0
130,412,32.23692555,-45.07799179,27.90369,120.65562,27.91108,120.67813,3,3,0
308,2883,-31.95485827,-50.14336257,28.07118,120.58698,28.079318,120.572831,9,0,0
318,454,7.078209209,4.53092292,27.97271,120.64743,27.98,120.66708,5,961,0
987,2263,-9.855998583,17.14770225,28.00626,120.66415,28.00726,120.65848,3,22,0
382,1946,-21.50742005,21.76532363,28.01967,120.6623,28.015216,120.662524,3,17,0
847,1318,22.3686165,16.4459207,28.0807,120.8131,28.073,120.71997,-1,343,0
179,697,43.31655225,-17.33489887,27.92748,120.69689,27.92414,120.70279,3,151,0
234,1416,-35.32659386,18.5346131,28.01828,120.62547,28.01137,120.64581,-1,75,0
239,1842,25.36044109,19.14683166,28.03887,120.7934,28.02971,120.77817,2,1261,0
409,1496,27.04023189,8.102401195,27.95855,120.75661,27.97767,120.70127,-1,0,0
673,2450,-44.38772116,-25.93189809,28.05464,120.60495,28.04901,120.63968,7,35,0
1321,1472,6.383443565,34.55507508,27.99863,120.68954,27.99188,120.69412,4,6,0
1472,1939,1.209626838,32.7229773,27.99188,120.69412,28.00197,120.68016,4,4,0
541,1576,13.25935094,-35.89682636,27.96193,120.60948,27.970529,120.613192,-1,148,0
1770,2778,-11.47632672,0.453692861,27.9963,120.64532,27.99859,120.64039,3,4,0
2360,2408,48.63667758,16.62465024,27.97589,120.75072,27.97638,120.75557,10,2901,0
1159,1737,-17.7271032,-48.4874285,28.02791,120.59925,28.03968,120.57291,-1,63,0
1256,1689,-41.74213804,22.37163274,28.01222,120.65195,28.02095,120.64389,3,13,0
924,2213,-60.21707158,1.350247321,28.03883,120.63972,28.0397,120.63304,7,140,0
1178,1994,0.489567125,19.58804153,27.99689,120.69531,27.992378,120.669665,4,8,0
2003,2236,-0.469036038,23.18862613,28.00191,120.67862,27.9946,120.674,4,8,0
362,1169,-22.096329,-24.55800099,28.01738,120.60605,28.01606,120.6036,3,2065,0
529,2670,3.158440204,28.62437579,28.01174,120.68077,28.004123,120.680295,-1,9,0
1456,2305,44.39912353,13.26088018,27.9905,120.76564,27.98543,120.73922,10,56,0
2569,2762,-20.68889239,33.45622605,28.025414,120.669513,28.01919,120.67036,3,0,0
442,2946,59.0004217,0.078401975,27.92124,120.83163,27.91587,120.81258,6,20,0
1424,1503,-20.1147432,-44.97394221,28.02108,120.60101,28.0363,120.5857,-1,133,0
1844,2153,34.9071484,-25.64872477,27.92562,120.70294,27.91643,120.68875,3,16,0
1970,2183,61.56658363,19.3505276,27.87,120.788,27.89444,120.81353,6,39,0
1311,1717,7.608432022,-32.18238084,27.98966,120.57449,27.99375,120.61713,8,0,0
943,1511,41.88809615,35.71531417,27.98369,120.71502,27.97302,120.73654,-1,760,0
2451,2873,19.7375243,57.83923061,28.01596,120.72171,28.000323,120.727524,7,236,0
329,1693,29.16460676,-50.45074023,27.86838,120.6556,27.85534,120.66953,3,77,0
2622,2792,-21.28314278,34.3603637,28.0547,120.64565,28.02302,120.66759,-1,7,0
287,1598,-2.809356716,-21.87566605,27.986822,120.630326,27.97988,120.631028,8,41,0
1441,2009,-62.17170889,8.979443675,28.04381,120.65767,28.04976,120.647462,7,110,0
609,1708,-34.30481991,-9.042069221,28.02096,120.62016,28.02381,120.59717,3,0,0
365,663,6.14186026,3.621911019,27.98328,120.65734,27.97693,120.66377,-1,1270,0
1212,1944,3.093902667,-36.36239436,27.99789,120.56689,27.97112,120.57378,8,0,0
317,1373,-26.82307885,20.87796325,28.01994,120.655,28.01793,120.66445,3,144,0
812,2009,-36.15288191,10.67473281,28.01375,120.6551,28.04976,120.647462,-1,6,0
1236,1455,-40.47744211,-0.900240543,28.02581,120.63956,28.03905,120.62757,7,11,0
2407,2816,-54.56909891,-15.75439722,28.06561,120.63194,28.04411,120.63996,7,65,0
454,1267,6.551014307,0.29443171,27.98,120.66708,27.969489,120.657672,5,101,0
394,2588,-20.75832329,-41.47680718,28.029211,120.593311,28.02213,120.5743,-1,99,0
1873,1926,-23.71394062,25.43577998,28.01486,120.66325,28.01239,120.67322,3,47,0
243,2263,-30.23392426,29.91463161,28.000291,120.647161,28.00726,120.65848,3,150,0
1761,2742,-5.983112251,48.92598946,27.99851,120.67952,27.99959,120.67971,4,398,0
1123,1166,10.97855334,-29.63908819,27.96552,120.64757,27.95794,120.60138,-1,32,0
962,1713,-46.77406011,-3.274616963,28.017111,120.631666,28.01567,120.62619,4,22,0
17,2209,12.62018918,9.57519374,27.97886,120.67718,27.96734,120.67106,5,43,0
1112,1766,-44.82798808,-24.24760642,28.05274,120.62436,28.043254,120.617338,7,16,0
1848,1885,10.54184587,-38.71020854,27.96164,120.66747,27.96887,120.61609,-1,6,0
846,1651,37.3067381,15.98633644,28.00453,120.74869,27.97707,120.74717,-1,2,0
729,1273,-22.54261192,-31.21410103,28.02336,120.60588,28.02347,120.61544,3,224,0
1441,2644,-60.43619727,12.29033988,28.04381,120.65767,28.019199,120.784475,-1,0,0
1298,2914,-49.87881637,4.126489913,28.01943,120.636564,28.01922,120.64427,3,1053,0
46,1618,-16.2538549,-24.73328608,28.04917,120.61056,28.00977,120.60049,-1,8,0
1110,2886,37.98011315,-16.33874555,27.946867,120.69923,27.937481,120.703179,-1,8,0
1008,2197,-44.68197325,-38.10147546,28.06212,120.60705,28.04449,120.62163,-1,25,0
773,2236,-7.240005389,44.2978713,27.989406,120.673557,27.9946,120.674,4,2258,0
341,1038,-3.163867683,-16.54585184,27.98975,120.64468,27.9897,120.63813,8,224,0
1578,1944,13.18786714,-51.76532292,27.97058,120.5853,27.97112,120.57378,8,1121,0
1689,1952,-48.95557056,8.919594393,28.02095,120.64389,28.01814,120.64798,3,267,0
77,1423,-23.32177176,3.340730593,28.00743,120.64853,28.0149,120.64587,3,5,0
1689,2213,-36.38022758,-9.473515846,28.02095,120.64389,28.0397,120.63304,-1,11,0
330,2335,31.16856896,-49.55760064,27.8779,120.688,27.86624,120.66547,3,15,0
340,2619,0.207912533,35.03630034,27.99961,120.68514,27.992814,120.696225,4,2,0
1136,1164,-62.12500339,13.21544063,28.04624,120.66456,28.04057,120.64705,7,2,0
204,1643,8.231555216,-43.28918413,27.99015,120.62566,27.98054,120.61279,8,56,0
1980,1999,19.09545601,-8.647285438,27.9546,120.667,27.91395,120.70028,-1,23,0
19,365,5.946917604,6.50960318,27.98443,120.66958,27.98328,120.65734,4,667,0
1758,2444,-6.886500178,45.82124208,27.99447,120.68038,27.99277,120.67775,4,1840,0
2512,2787,-1.602592308,27.60997799,27.99935,120.67604,28.00461,120.6752,4,72,0
534,2114,21.25887715,-14.47816996,27.93767,120.66978,27.94806,120.66035,5,150,0
113,1453,-1.710040512,-5.887489343,28.01211,120.63736,27.99832,120.6366,3,4,0
1837,2797,-1.233747601,-22.41321908,27.98603,120.63754,27.987898,120.629043,8,218,0
656,1624,6.688107847,-34.25111357,27.96161,120.59217,27.971715,120.608414,-1,94,0
1656,1753,32.8058887,-3.523202192,27.94263,120.73736,27.96526,120.65283,-1,12,0
93,159,22.39865386,-11.27195432,27.95117,120.66753,27.94833,120.66804,5,1039,0
1249,2287,-13.89453061,6.165466586,28.00533,120.6479,28.002169,120.645773,3,23,0
80,1423,-23.30473775,-5.832214214,28.01143,120.62756,28.0149,120.64587,-1,9,0
2107,2632,26.6793574,40.19019765,27.99097,120.70922,28.0072,120.71529,7,2,0
790,1470,18.36650888,-4.827959782,27.95053,120.66517,27.97225,120.68006,5,2,0
109,257,-38.08837277,-50.31828232,28.03316,120.59087,28.076984,120.602335,9,0,0
2617,2899,-47.05093918,32.12752523,28.02136,120.65561,28.02802,120.65472,-1,280,0
2762,2801,-19.55804206,21.95523257,28.01919,120.67036,28.01569,120.65545,3,37,0
936,1796,-58.68334187,3.763009094,28.02145,120.63334,28.04071,120.63988,-1,65,0
1682,2957,39.25639573,33.2925482,27.96568,120.73665,27.9672,120.7319,10,700,0
814,2197,-55.90786806,-31.58211057,28.06065,120.61145,28.04449,120.62163,7,853,0
1819,1841,-1.505239374,-43.76635114,27.996696,120.603355,27.980151,120.605199,8,20,0
42,490,-14.23381282,-7.794888203,28.0014,120.65569,28.00307,120.6298,3,7,0
243,816,-11.56901014,-0.304915767,28.000291,120.647161,28.000546,120.645436,3,131,0
407,2847,-23.16907277,-50.42543868,28.026727,120.58226,28.041041,120.588459,9,69,0
1184,1923,-2.938000396,-17.83226862,27.982012,120.645724,27.99631,120.64437,-1,200,0
291,2456,-20.5000217,32.95044914,28.023257,120.659016,28.022125,120.670739,3,29,0
481,2542,-12.86399614,-27.33637959,28.00644,120.59212,28.01903,120.61189,3,28,0
1323,1922,68.83810951,17.816761,27.85707,120.81238,27.85558,120.80096,6,192,0
196,2137,-63.70856098,8.528886109,28.04336,120.653,28.04852,120.65349,7,99,0
2164,2471,-15.77225038,49.85544589,28.01286,120.66582,28.00877,120.66836,3,248,0
1233,2588,-14.0756171,-40.66041926,28.01428,120.58353,28.02213,120.5743,9,9,0
893,975,-14.00738068,44.51811933,28.00209,120.66254,28.00397,120.67029,3,234,0
935,1980,12.83846724,11.06226408,27.97987,120.68111,27.9546,120.667,-1,3,0
148,2775,70.83941497,17.24748006,27.87141,120.8205,27.88321,120.80518,6,18,0
2446,2788,9.682677661,-8.039268928,27.98763,120.66308,27.96243,120.65546,-1,10,0
2300,2852,19.59672367,55.74033616,27.99832,120.72424,28.0076,120.724,7,10,0
1089,2292,-21.23519627,-50.21338521,28.02804,120.57818,28.04572,120.58643,9,29,0
1481,1764,13.19752744,-43.47159197,27.96111,120.6227,27.96875,120.60619,8,891,0
422,2281,-14.80719749,38.78229437,28.00525,120.70299,28.00143,120.63625,-1,2,0
1938,1988,-33.48130017,17.65624709,28.01832,120.65141,28.01854,120.63879,3,32,0
490,1774,-15.20491949,-7.207674537,28.00307,120.6298,27.99094,120.65242,-1,56,0
1449,2952,-17.37301708,33.10645655,28.01592,120.69364,28.021681,120.670423,-1,0,0
27,1782,11.62583792,48.69785349,28.00949,120.71444,27.997236,120.700653,7,5,0
1895,2075,35.13618349,-8.238503723,27.96905,120.70307,27.94054,120.69195,-1,3154,0
682,1435,-48.01757025,-19.81759911,28.0412,120.629,28.046174,120.636789,7,151,0
449,2871,29.31048517,-27.10709849,27.93173,120.70133,27.92341,120.69408,3,75,0
814,1144,-42.89381753,-29.83610413,28.06065,120.61145,28.05671,120.62176,7,77,0
740,2778,-8.956384279,-9.715555713,28.011421,120.622423,27.99859,120.64039,-1,30,0
3,1399,-35.00187267,-27.24304802,28.03927,120.5877,28.024487,120.608733,-1,27,0
454,1536,12.4895752,13.10194734,27.98,120.66708,27.985,120.67851,-1,163,0
942,2829,29.31309274,17.11512201,28.021266,120.794656,28.02612,120.79589,2,92,0
438,2743,-51.26231896,-23.18258225,28.03933,120.62364,28.049957,120.622963,7,57,0
385,2241,27.36668685,28.73209719,28.00125,120.72481,27.98751,120.72346,7,0,0
287,1311,7.52530326,-32.74113922,27.986822,120.630326,27.98966,120.57449,8,2,0
1502,2567,0.428987281,4.640607549,27.991292,120.664871,27.992138,120.656444,4,768,0
41,1848,10.18510737,-41.77351827,27.95746,120.61208,27.96164,120.66747,-1,2,0
1347,1528,-26.59275347,4.606683048,28.01058,120.65406,28.01484,120.64575,3,61,0
305,1636,-14.20958643,-15.0584131,28.008511,120.618079,28.01099,120.612006,4,23,0
41,2096,9.534011961,-43.67190096,27.95746,120.61208,27.97745,120.61375,-1,231,0
1605,2049,-48.50539294,-4.118100344,28.01353,120.6398,28.01711,120.63167,-1,281,0
919,2427,-22.61645677,25.66920583,28.01517,120.66789,28.0086,120.6772,-1,46,0
160,599,34.9046298,39.35597265,27.97864,120.71467,27.97321,120.72684,10,8783,0
609,2094,-33.79231516,-19.0391086,28.02096,120.62016,27.992,120.60987,-1,0,0
331,2899,-39.71123587,8.547918013,28.03958,120.62042,28.02802,120.65472,7,12,0
582,2130,69.14537353,17.77205425,27.86958,120.81319,27.85823,120.80871,6,259,0
1082,1145,-40.43379683,13.95219667,28.016688,120.655528,28.024208,120.653538,-1,124,0
2468,2890,-30.87562266,-0.079920805,28.022717,120.632107,28.02424,120.6348,3,60,0
1801,2444,-6.726521311,38.72435509,27.99838,120.67269,27.99277,120.67775,4,12,0
566,2736,7.351251027,40.12182841,28.0085,120.68531,28.008768,120.696683,-1,2,0
1559,1807,-47.55336395,-21.51112006,28.04273,120.62505,28.040568,120.63282,7,0,0
1134,2682,-6.522190212,-15.32647456,27.99644,120.63354,27.99605,120.64769,-1,88,0
172,1331,-37.72115352,-28.56019505,28.0428,120.62069,28.07361,120.61293,-1,39,0
328,761,-40.39914831,0.254032912,28.05929,120.65781,28.02569,120.64175,7,20,0
1112,2213,-55.87931192,-22.44780298,28.05274,120.62436,28.0397,120.63304,7,152,0
909,1102,17.17665113,-16.39525994,27.95992,120.64877,27.95246,120.64545,5,19,0
1977,2263,-12.11559392,12.98523472,27.99753,120.67522,28.00726,120.65848,-1,18,0
1380,2670,-9.117104372,54.66591829,28.00675,120.68244,28.004123,120.680295,4,2032,0
1188,2488,28.14081993,16.78091797,28.02612,120.795888,28.01749,120.80122,2,4077,0
1560,2440,-22.70757925,-46.81176518,28.034241,120.588717,28.043033,120.586455,9,370,0
486,2673,39.99756337,25.66055118,27.97508,120.74612,27.96916,120.74277,10,106,0
1504,2305,34.7508327,34.07199898,27.987372,120.734892,27.98543,120.73922,10,67,0
450,2505,19.36189454,-32.09472047,27.96474,120.57156,27.94729,120.54847,-1,75,0
1412,2272,41.05267564,-30.09126876,27.92129,120.70489,27.91974,120.69145,3,470,0
332,521,-4.75091988,15.39971576,28.00341,120.68731,27.99979,120.66739,-1,36,0
181,1194,20.47708594,1.820533694,27.97517,120.69185,27.9573,120.67705,-1,6,0
1628,2804,-22.21704892,44.81168933,28.01497,120.68572,28.02126,120.68452,7,309,0
47,1480,46.32347593,12.37961067,27.97433,120.75967,27.96194,120.78881,-1,20,0
727,1742,2.757818502,61.07336991,28.00933,120.69355,28.010383,120.6909,7,5558,0
433,1506,-51.89558425,18.7297368,28.0276,120.662,28.02799,120.66168,7,418,0
234,1802,-25.03394646,-15.87460155,28.01828,120.62547,28.0172,120.61454,-1,193,0
255,285,69.94567119,1.079501961,27.91211,120.79786,27.90175,120.80936,6,2122,0
2451,2618,11.01566632,45.53779986,28.01596,120.72171,28.016323,120.704,7,69,0
539,1605,-41.69608673,22.58489482,28.01516,120.65303,28.01353,120.6398,3,38,0
178,2373,-16.00519256,8.954185559,28.01444,120.65108,27.99672,120.65264,3,21,0
2033,2592,63.19872239,-8.568181924,27.9196,120.81824,27.93254,120.82423,6,208,0
2305,2342,45.13574408,20.9332142,27.98543,120.73922,27.96902,120.74658,10,162,0
1061,1116,42.92149869,-22.75480695,27.92415,120.70545,27.92366,120.70449,3,9263,0
1688,2131,8.288792837,-3.631308145,27.983768,120.665796,27.97509,120.65593,-1,22,0
763,1839,42.27335629,28.76489694,27.97775,120.74248,27.97706,120.75192,10,109,0
919,2415,-16.60979683,20.45426654,28.01517,120.66789,28.02,120.655,3,2,0
397,1562,-1.871668036,-38.34396807,27.98278,120.56366,27.99767,120.57531,8,18,0
621,1407,6.548156408,-26.79920563,27.98848,120.61075,27.97235,120.62717,8,45,0
982,1834,67.94401751,20.04849946,27.87452,120.79789,27.87957,120.7999,6,461,0
566,727,-1.951023244,56.21159915,28.0085,120.68531,28.00933,120.69355,-1,73,0
319,1284,34.22900515,-3.830861331,27.93831,120.66539,27.94439,120.71319,-1,0,0
475,1767,-2.157280004,-19.36137785,27.98226,120.62389,27.97914,120.65482,-1,11,0
328,1098,-44.30992403,-22.88250002,28.05929,120.65781,28.0475,120.62333,7,56,0
1779,2744,-30.6289351,18.99307572,28.01179,120.65261,28.0132,120.654,3,5,0
221,2632,23.00165528,56.32320711,28.00742,120.71768,28.0072,120.71529,7,2438,0
749,2422,48.01011949,0.134922606,27.9345,120.76993,27.93079,120.82979,-1,0,0
606,2024,-21.31720181,3.883324831,28.004829,120.6409,28.01102,120.64355,3,10,0
213,584,-12.77280547,-10.00671231,28.01009,120.63564,27.99383,120.62841,-1,10,0
515,1206,11.74350582,-23.66623235,27.96781,120.62801,27.95921,120.65553,-1,35,0
243,1515,-16.09850123,14.41284985,28.000291,120.647161,28.01034,120.65781,3,0,0
627,2706,-47.67646262,-13.63987876,28.0494,120.66193,28.05757,120.67252,7,75,0
2154,2822,41.14764569,21.74058961,27.96748,120.75293,27.97743,120.73394,10,7,0
2379,2743,-45.29815306,-23.59134036,28.04982,120.6511,28.049957,120.622963,7,20,0
552,1378,38.58217477,29.76335572,27.96536,120.74141,27.9833,120.74401,10,74,0
1079,2147,20.72056409,56.70173516,28.00471,120.71764,28.00191,120.72282,7,115,0
1230,1759,-40.13445846,6.970495927,28.02816,120.65689,28.018481,120.682668,-1,0,0
761,2642,-61.70046924,2.405064826,28.02569,120.64175,28.03965,120.64593,7,37,0
755,1391,40.2403711,-14.0530759,27.928,120.698,27.95467,120.69939,-1,117,0
17,19,8.362444086,8.829907291,27.97886,120.67718,27.98443,120.66958,-1,0,0
2405,2481,11.95831996,1.411362442,27.96984,120.68551,27.97265,120.66766,5,32,0
521,1582,-4.924980577,12.23914939,27.99979,120.66739,27.96936,120.67444,-1,19,0
823,2261,18.14434315,-3.883436843,27.9511,120.66043,27.97054,120.68557,5,4,0
703,1166,10.4074704,-37.20172087,27.99417,120.59982,27.95794,120.60138,-1,2,0
1555,2200,-65.82188788,9.950083587,28.043798,120.657967,28.03746,120.65611,7,2957,0
347,482,44.07957388,20.50241559,27.98785,120.71681,27.97359,120.74776,-1,37,0
2224,2533,12.81558136,18.29630437,27.98445,120.67253,27.98533,120.68503,4,123,0
1094,2290,-11.26464505,-28.8604174,28.01845,120.59962,28.01109,120.5954,3,119,0
906,2924,0.082639117,56.79046166,28.01211,120.69386,28.0079,120.69401,7,70,0
886,2000,37.21946247,-25.20800369,27.92484,120.70451,27.92247,120.70628,3,2,0
59,1296,72.72650514,2.742988513,27.90238,120.80278,27.89897,120.79855,6,31745,0
253,2214,16.08112545,3.979634908,27.9787,120.6874,27.9598,120.68203,-1,20,0
284,2250,43.41844056,-15.15230462,27.92764,120.69437,27.92446,120.6923,3,6959,0
403,636,31.05686225,43.73836996,27.98093,120.71034,27.98612,120.70958,7,2191,0
1242,2539,12.0194203,-29.72883004,27.94889,120.61987,27.97231,120.62724,8,4,0
298,1061,44.42810822,-25.97134218,27.92054,120.70164,27.92415,120.70545,3,251,0
539,2744,-41.378064,27.50858979,28.01516,120.65303,28.0132,120.654,3,190,0
2405,2788,23.54240782,-6.71315479,27.96984,120.68551,27.96243,120.65546,5,3,0
97,2955,-17.82612941,28.86056382,28.02629,120.6698,28.02188,120.66555,3,0,0
1276,1885,9.453842626,-42.47327815,28.00066,120.58221,27.96887,120.61609,8,26,0
1089,2323,-36.20753706,11.78985747,28.02804,120.57818,28.02463,120.6447,-1,46,0
1835,2642,-41.04533099,-14.54947628,28.03927,120.65678,28.03965,120.64593,7,0,0
403,1110,25.11419596,4.330026918,27.98093,120.71034,27.946867,120.69923,-1,20,0
1802,2168,-24.25955665,-17.45069831,28.0172,120.61454,28.02265,120.60445,3,0,0
2531,2778,-9.398667246,-16.26679311,27.99591,120.64416,27.99859,120.64039,3,5186,0
1308,1470,18.03238424,10.35339747,27.98404,120.68203,27.97225,120.68006,-1,196,0
1002,1334,-17.45347162,-51.61205215,28.04392,120.5765,28.0392,120.566,9,20,0
678,1608,-63.46762446,8.185596597,28.04554,120.65654,28.0453,120.65749,7,225,0
643,1232,-66.10858396,5.841126962,28.04355,120.65147,28.04357,120.651564,7,21033,0
1528,1952,-25.45107434,5.090469078,28.01484,120.64575,28.01814,120.64798,3,76,0
2801,2899,-32.08570923,23.69895554,28.01569,120.65545,28.02802,120.65472,-1,11,0
779,1596,-32.30419761,-32.95615573,28.03387,120.594038,28.027266,120.655901,-1,0,0
2232,2259,9.494034154,33.47965035,27.99607,120.71016,28.00154,120.69636,7,64,0
1108,2398,45.26985053,-31.76532694,27.924685,120.69711,27.923249,120.687804,3,443,0
457,2425,12.31741644,43.63170115,28.01851,120.70462,28.001305,120.717516,7,20,0
2263,2428,-3.279468353,5.337540388,28.00726,120.65848,27.98819,120.6531,-1,27,0
773,1926,3.681835774,16.00898979,27.989406,120.673557,28.01239,120.67322,-1,21,0
983,1767,6.40200661,-16.44594195,27.97699,120.64991,27.97914,120.65482,5,7719,0
672,1103,11.99388626,-35.94759964,27.96719,120.59359,27.97694,120.62826,8,28,0
1689,2323,-50.77459403,8.683933879,28.02095,120.64389,28.02463,120.6447,-1,534,0
231,1982,20.30409721,32.3660447,27.995464,120.7078,27.98851,120.70899,7,12,0
2714,2775,75.84814413,9.560859917,27.8832,120.80518,27.88321,120.80518,6,22409,0
77,600,-36.99015596,27.71331545,28.00743,120.64853,28.00892,120.64776,3,1696,0
1835,2167,-43.77722343,5.457191606,28.03927,120.65678,28.0438,120.65797,7,52,0
1576,2185,7.101222078,-35.37010937,27.970529,120.613192,27.97251,120.60263,8,207,0
1736,2483,-49.14293295,-32.96699707,28.029592,120.6244,28.02455,120.61196,-1,407,0
958,1577,-19.27637144,-48.26016228,28.04944,120.58116,28.04175,120.58651,9,21,0
1176,2581,-27.06706625,10.02314052,28.01711,120.65265,28.020019,120.648575,3,19,0
127,2250,42.91079035,-35.93509571,27.9207,120.68866,27.92446,120.6923,3,168,0
885,2810,40.69303109,24.67503245,27.96805,120.74305,27.96861,120.74222,10,176,0
1948,2119,42.25009741,21.51240159,27.96583,120.74971,27.97513,120.74591,10,12,0
412,1161,34.2886508,-37.63251631,27.91108,120.67813,27.90218,120.626462,3,2,0
1075,1220,-6.92915485,50.58714107,28.00112,120.67853,28.000812,120.679146,4,107,0
449,1600,37.54093517,-23.27149389,27.93173,120.70133,27.92162,120.70502,3,47,0
697,1141,44.11902798,-20.85502544,27.92414,120.70279,27.933084,120.674452,-1,28,0
42,975,-6.442737818,14.8524304,28.0014,120.65569,28.00397,120.67029,3,24,0
1386,1483,18.03134093,25.70722658,27.98557,120.68544,27.9897,120.71206,-1,92,0
1022,2241,22.55939072,43.96381606,27.99539,120.7173,27.98751,120.72346,7,257,0
89,1152,-25.09750456,15.25671399,28.0164,120.65703,28.013647,120.656985,3,7,0
178,1493,-40.45035786,24.64043468,28.01444,120.65108,28.013333,120.65,3,69,0
814,1927,-60.29068043,-23.47825469,28.06065,120.61145,28.04626,120.62785,7,1314,0
1426,2899,-40.47460263,12.02154585,28.02601,120.65011,28.02802,120.65472,7,50,0
1215,2420,5.479572198,-46.4396798,27.98702,120.60848,27.98362,120.61785,8,8858,0
14,736,-13.36707742,26.69309403,28.02496,120.66541,28.02026,120.67933,3,8,0
688,1718,-9.188794811,29.81874781,28.008405,120.68283,28.001831,120.717278,-1,57,0
1286,2893,-23.31429754,10.03912083,28.01117,120.65006,28.01724,120.64719,3,2,0
2023,2853,10.68402263,-42.95340102,27.97172,120.61373,27.97599,120.59211,8,40,0
1472,2099,1.435482824,47.00126172,27.99188,120.69412,27.99084,120.68506,4,232,0
440,1923,-10.2192496,0.567702232,28.00029,120.64716,27.99631,120.64437,3,9,0
866,1747,44.006865,35.16092335,27.97155,120.73972,27.978667,120.735061,10,789,0
1758,1939,1.796188254,26.67523481,27.99447,120.68038,28.00197,120.68016,4,25,0
1294,2004,-33.69126276,-44.52255228,28.06952,120.58518,28.05469,120.58692,9,3,0
2305,2360,47.55534927,32.86207264,27.98543,120.73922,27.97589,120.75072,10,283,0
547,1939,4.786291149,28.31669893,27.98521,120.67877,28.00197,120.68016,4,12,0
2893,2914,-36.49013894,15.93176501,28.01724,120.64719,28.01922,120.64427,3,40,0
171,1105,-13.80473345,-2.202798847,28.00072,120.63977,28.00791,120.64843,3,99,0
47,2425,37.34761619,14.82696718,27.97433,120.75967,28.001305,120.717516,-1,3,0
2575,2938,-22.48560992,-28.84547256,28.02926,120.59028,28.02158,120.59654,-1,610,0
202,402,-37.97955363,34.1030876,28.0087,120.65515,28.01188,120.66205,3,273,0
942,2093,31.05525137,13.76089059,28.021266,120.794656,28.02905,120.78585,2,79,0
1818,2232,14.35708502,33.41027768,27.98955,120.71298,27.99607,120.71016,7,67,0
745,814,-44.8245129,-18.016886,28.04541,120.65027,28.06065,120.61145,7,33,0
911,2516,39.75949944,31.21858807,27.96141,120.73461,27.97841,120.73883,10,252,0
1385,2483,-42.18854887,-3.260137924,28.05153,120.62762,28.02455,120.61196,-1,4,0
730,2359,8.402165575,40.30104076,28.0101,120.69668,28.00191,120.70463,7,0,0
709,1821,47.57548739,28.86715086,27.97153,120.73361,27.98011,120.74803,10,571,0
874,1711,-55.03486164,-16.59520485,28.04411,120.64767,28.06516,120.64246,7,62,0
874,2009,-61.36166182,-13.72524875,28.04411,120.64767,28.04976,120.647462,7,3735,0
756,2051,61.85931427,4.141268011,27.90472,120.82388,27.91544,120.83871,6,112,0
1982,2901,19.72241484,26.60448718,27.98851,120.70899,27.97339,120.7071,-1,15,0
307,1938,-41.75765483,30.93529007,28.01573,120.65876,28.01832,120.65141,3,90,0
268,1994,-12.8393975,40.19555057,28.002086,120.662539,27.992378,120.669665,-1,28,0
573,644,-12.18733179,35.15911886,28.014374,120.672952,28.01278,120.65944,3,105,0
224,2460,-17.58055811,23.58430875,28.01492,120.66976,28.021791,120.665431,3,38,0
317,924,-35.13444412,4.733268447,28.01994,120.655,28.03883,120.63972,-1,7,0
26,741,40.17180822,-46.7761753,27.91714,120.66023,27.95095,120.65688,-1,80,0
770,2272,41.05278896,-29.81558182,27.921591,120.704296,27.91974,120.69145,3,348,0
422,2841,6.81084319,58.51771088,28.00525,120.70299,28.000286,120.70749,7,443,0
1747,2663,30.32076507,33.47152025,27.978667,120.735061,27.99627,120.72691,-1,19,0
1133,1956,37.48303809,38.31283645,27.97533,120.72453,27.96946,120.72066,10,5215,0
159,2418,24.64062705,-14.35905503,27.94833,120.66804,27.93672,120.67951,5,1114,0
130,1161,36.87819885,-46.88800739,27.90369,120.65562,27.90218,120.626462,3,290,0
572,1749,9.479691051,-56.65216473,27.99271,120.56614,27.97581,120.57281,8,308,0
1612,2083,14.58825919,-38.1293621,27.9938,120.57017,27.95887,120.60962,-1,0,0
401,1448,24.41283997,38.35758764,27.994305,120.719787,27.99567,120.715,7,2,0
556,2059,-3.891497945,-27.40948438,27.99014,120.62903,27.987233,120.614505,8,54,0
463,1159,-13.11693606,-43.60446095,28.02702,120.57609,28.02791,120.59925,-1,15,0
1647,2110,32.76571472,-24.18009518,27.92515,120.70447,27.92408,120.70403,3,55,0
58,911,37.23918437,28.7243215,27.97969,120.74181,27.96141,120.73461,10,65,0
278,430,9.328637701,39.66429394,28.00309,120.69882,28.00437,120.69558,7,70,0
1416,2914,-48.81959372,7.527516685,28.01137,120.64581,28.01922,120.64427,3,311,0
935,2756,21.29447796,10.537257,27.97987,120.68111,27.98645,120.68772,4,2251,0
1682,2810,39.49930747,24.5831577,27.96568,120.73665,27.96861,120.74222,10,98,0
547,2756,-0.505995263,42.52522758,27.98521,120.67877,27.98645,120.68772,4,588,0
951,2779,65.19478358,-14.67065298,27.90882,120.83189,27.9069,120.82629,6,6237,0
48,906,-22.96627141,42.98103291,28.01947,120.67661,28.01211,120.69386,-1,12,0
1602,2375,32.64621263,-26.90745219,27.91457,120.70609,27.91276,120.70931,3,99,0
1506,1952,-45.10009813,19.55160581,28.02799,120.66168,28.01814,120.64798,-1,132,0
1211,1879,5.704464094,32.0046699,28.00477,120.69408,27.999526,120.680665,-1,0,0
250,1082,-24.93494044,18.59804475,28.014565,120.656448,28.016688,120.655528,3,79,0
561,1455,-37.04199448,-9.008190597,28.02374,120.641626,28.03905,120.62757,-1,0,0
120,147,-21.86413222,-23.43439745,28.0183,120.607999,28.01625,120.60085,3,116,0
464,746,19.00987045,-9.063276619,27.9659,120.64111,27.94545,120.66986,-1,2,0
347,1911,36.04650422,43.17853497,27.98785,120.71681,27.97773,120.72673,-1,569,0
73,234,-46.71959307,-4.747361294,28.01003,120.63314,28.01828,120.62547,-1,26,0
2017,2848,17.71224738,3.183617552,27.97928,120.68909,27.965369,120.686131,-1,5,0
2164,2263,-8.653561922,20.68500767,28.01286,120.66582,28.00726,120.65848,3,15,0
191,2307,22.38168807,-2.294412671,27.96628,120.68116,27.957377,120.682574,5,120,0
365,475,2.766777643,-12.36364623,27.98328,120.65734,27.98226,120.62389,-1,13,0
1596,1949,-37.33397745,4.899140525,28.027266,120.655901,28.02608,120.646,7,67,0
1395,1457,22.77573792,35.8330648,27.998361,120.720456,27.99566,120.715,7,2,0
951,1715,61.35535125,2.978392223,27.90882,120.83189,27.90618,120.83106,6,32,0
883,1052,31.81137551,35.13363648,27.99238,120.73064,27.97486,120.72843,-1,191,0
966,2309,63.96369504,-8.247114914,27.918388,120.823666,27.92657,120.81725,6,463,0
332,1326,5.925845288,27.8403602,28.00341,120.68731,28.0011,120.69646,-1,22,0
328,2729,-60.62458345,-17.55589044,28.05929,120.65781,28.05359,120.63947,7,1071,0
227,408,-57.94455075,-20.52757384,28.05333,120.63083,28.05042,120.6339,7,29525,0
419,1218,57.96315382,3.017694772,27.92169,120.82665,27.91539,120.8198,6,10,0
98,2079,-5.686379619,-15.51429863,27.996306,120.644374,27.99015,120.64099,3,8,0
688,2540,-8.16316588,25.13186948,28.008405,120.68283,27.991878,120.694119,4,2,0
367,2549,0.562699238,-45.31232442,27.99233,120.60381,27.98841,120.58255,8,68,0
347,550,18.2258946,55.22163739,27.98785,120.71681,28.0076,120.72365,7,21,0
959,1347,-37.50434145,31.16772982,28.009115,120.657413,28.01058,120.65406,3,1921,0
2853,2963,3.306395441,-28.03006079,27.97599,120.59211,27.98802,120.61588,8,56,0
2781,2958,31.52559865,14.08820496,28.04723,120.76804,28.01508,120.78821,2,99,0
552,1448,15.71692518,33.01603326,27.96536,120.74141,27.99567,120.715,-1,0,0
949,2827,-32.15902425,-45.58679558,28.042263,120.582178,28.05657,120.60001,-1,3,0
1582,1977,4.662691851,13.22996563,27.96936,120.67444,27.99753,120.67522,-1,4,0
198,2080,-0.785588999,20.03255346,27.99428,120.679324,27.994449,120.671107,4,115,0
1489,2211,35.6311572,-46.36878273,27.861,120.67971,27.90973,120.63455,3,82,0
708,2298,37.1509966,-9.627339469,27.9343,120.7072,27.92952,120.68107,-1,149,0
767,1807,-40.26632592,-15.61581267,28.03954,120.64044,28.040568,120.63282,7,48,0
2074,2241,32.00755582,46.53718212,27.986124,120.709577,27.98751,120.72346,7,119,0
520,1584,70.09262152,11.98390925,27.88953,120.79251,27.89209,120.81396,6,188,0
1015,2213,-32.28614023,-22.93602195,28.02245,120.61239,28.0397,120.63304,-1,0,0
202,1689,-33.61899737,14.94910997,28.0087,120.65515,28.02095,120.64389,3,12,0
666,814,-42.67900467,-46.1377939,28.07352,120.58467,28.06065,120.61145,-1,102,0
576,1246,-32.20874169,-6.756587008,28.02002,120.63138,28.018796,120.628228,-1,40,0
1759,2952,-23.25138868,42.74018803,28.018481,120.682668,28.021681,120.670423,3,20,0
168,1811,32.46222438,-43.24465108,27.88708,120.63386,27.89896,120.665197,3,5,0
1709,2154,47.91090482,19.9089946,27.97034,120.76311,27.96748,120.75293,10,857,0
724,1840,-7.845954367,4.234993436,27.99279,120.64931,27.9981,120.6541,3,27,0
639,982,61.65086489,14.09318471,27.86661,120.82636,27.87452,120.79789,6,39,0
2094,2185,2.743211423,-47.36744167,27.992,120.60987,27.97251,120.60263,8,43,0
48,761,-28.35280451,-0.741986742,28.01947,120.67661,28.02569,120.64175,-1,28,0
923,2743,-51.18907029,-19.10280543,28.06101,120.62576,28.049957,120.622963,7,43,0
1141,1683,26.937215,-17.68293895,27.933084,120.674452,27.95708,120.67304,5,37,0
1572,1913,-27.0776499,-27.85361894,28.02693,120.60664,28.02588,120.60418,3,5653,0
293,2914,-47.32930587,1.81425898,28.02476,120.635142,28.01922,120.64427,3,111,0
468,1908,-13.72506338,-22.51096097,28.02464,120.59155,28.0141,120.60512,3,5,0
955,1329,-51.23254977,15.55429063,28.04133,120.65311,28.02655,120.65947,7,27,0
2180,2227,3.136933202,1.343626538,27.98333,120.65125,27.98375,120.66578,-1,27,0
797,1430,38.93812052,4.275932929,27.97373,120.74409,27.9498,120.72544,10,52,0
651,1560,-34.27051113,-41.72152601,28.05562,120.60146,28.034241,120.588717,-1,5,0
833,2694,7.099183281,51.97695865,28.00262,120.7004,28.00118,120.70197,7,26,0
84,2392,-3.694576365,58.91676009,28.01988,120.68913,28.00878,120.68835,7,76,0
1321,2353,10.42192211,29.91074361,27.99863,120.68954,27.973777,120.682079,-1,25,0
547,608,12.44130848,17.69844067,27.98521,120.67877,27.99367,120.69233,4,6,0
318,2281,-7.656214688,7.576176963,27.97271,120.64743,28.00143,120.63625,-1,20,0
1164,2137,-67.76278898,4.836905653,28.04057,120.64705,28.04852,120.65349,7,272,0
89,1351,-57.55736925,5.046325291,28.0164,120.65703,28.04387,120.63355,-1,7,0
550,912,17.82281279,55.46206764,28.0076,120.72365,27.98324,120.72334,-1,587,0
2146,2840,-34.59765157,-40.98153905,28.051431,120.600469,28.04323,120.58656,-1,29,0
1605,2745,-34.39507348,-4.887216946,28.01353,120.6398,28.02921,120.62987,-1,32,0
520,1557,71.68691078,7.354697326,27.88953,120.79251,27.90165,120.81193,6,93,0
761,2323,-51.32722553,8.516107781,28.02569,120.64175,28.02463,120.6447,7,565,0
12,1888,63.30750285,11.62725801,27.8751,120.81027,27.89882,120.82105,6,49,0
1653,1673,-35.94987714,31.93750398,28.00714,120.65555,28.00217,120.64577,3,21,0
437,1262,5.564296142,4.236266236,27.98847,120.666286,27.98453,120.66027,4,237,0
2200,2642,-66.34902834,-0.367397662,28.03746,120.65611,28.03965,120.64593,7,2697,0
1091,1923,-11.889232,-0.610114673,28.00055,120.64544,27.99631,120.64437,3,98,0
720,1427,45.76666799,30.10928118,27.97976,120.74186,27.98011,120.74983,10,871,0
59,2128,72.72704298,4.757641911,27.90238,120.80278,27.8883,120.80901,6,1193,0
174,1098,-50.81948774,-19.71841164,28.04894,120.64323,28.0475,120.62333,7,97,0
1338,2666,-54.8206502,-22.07933084,28.056963,120.625239,28.04116,120.62863,7,109,0
682,2053,-53.82222892,-0.064251763,28.0412,120.629,28.01003,120.63016,-1,0,0
545,1123,12.56512732,-18.1367712,27.96676,120.65937,27.96552,120.64757,5,281,0
673,1015,-33.77501059,-40.74805592,28.05464,120.60495,28.02245,120.61239,-1,40,0
1005,1247,-35.1020732,28.76910481,28.00628,120.65332,28.00929,120.65212,3,150,0
664,2385,-1.421481385,20.39478213,27.99313,120.67216,27.998,120.672205,4,27,0
379,2336,74.29183524,14.65727891,27.87831,120.82092,27.87937,120.8036,6,560,0
1742,2010,4.705088529,30.94770947,28.010383,120.6909,27.99742,120.68104,-1,34,0
159,2176,24.08911256,-11.78929412,27.94833,120.66804,27.95843,120.65338,5,200,0
160,2637,28.7318243,33.05048202,27.97864,120.71467,27.99476,120.73128,-1,31,0
1806,2774,46.06395126,18.73258889,27.971111,120.759166,27.96407,120.76438,10,659,0
2841,2842,17.6236244,37.46249168,28.000286,120.70749,27.98853,120.69743,-1,2,0
1394,2597,-9.747434201,41.31619344,27.99572,120.672658,27.993358,120.671015,4,163,0
1555,2167,-65.24352577,8.469032776,28.043798,120.657967,28.0438,120.65797,7,325,0
1956,2487,37.51602239,37.56115919,27.96946,120.72066,27.96889,120.72583,10,162,0
2080,2385,-9.080798221,44.73927433,27.994449,120.671107,27.998,120.672205,4,2421,0
1782,2427,0.936653144,30.16955233,27.997236,120.700653,28.0086,120.6772,-1,0,0
273,1111,-34.88727974,0.253802474,28.02613,120.64691,28.02502,120.63963,7,30,0
414,656,17.51981972,-43.31829753,27.96162,120.59686,27.96161,120.59217,10,5901,0
279,883,40.04938562,44.0904614,27.98465,120.73383,27.99238,120.73064,-1,78,0
35,1560,-29.90918411,-53.49102347,28.06905,120.57281,28.034241,120.588717,9,45,0
1699,2366,12.45235211,3.479280714,27.97659,120.67899,27.97973,120.67677,5,28691,0
845,2880,-30.64796381,-54.21512865,28.06506,120.57549,28.06668,120.55625,9,123,0
1322,2841,0.436945797,56.1230609,28.00798,120.69032,28.000286,120.70749,7,70,0
2239,2925,-5.444749038,53.84326834,28.00222,120.68192,28.00248,120.68294,4,347,0
943,1052,39.66983851,36.95352109,27.98369,120.71502,27.97486,120.72843,-1,1225,0
211,1444,-7.597499166,-31.51435224,28.01211,120.58988,28.019216,120.588125,9,2165,0
655,2386,10.20113041,45.45197454,28.03962,120.71918,28.01849,120.70996,7,4,0
659,1624,6.104371595,-33.88746145,27.98025,120.58452,27.971715,120.608414,8,29,0
686,2268,-14.02465367,-50.3636834,28.035763,120.57132,28.04196,120.56845,9,0,0
159,1774,17.89802453,-7.623923023,27.94833,120.66804,27.99094,120.65242,5,2,0
109,1560,-24.69215457,-41.27108581,28.03316,120.59087,28.034241,120.588717,9,17239,0
515,1783,11.62474814,-24.13755707,27.96781,120.62801,27.96607,120.65206,-1,65,0
1419,2188,-50.8540536,-7.556124762,28.01125,120.62553,28.02031,120.62527,4,174,0
999,1848,10.79285254,-8.505373162,27.95989,120.64875,27.96164,120.66747,5,8,0
627,1938,-34.14775832,10.18962979,28.0494,120.66193,28.01832,120.65141,-1,4,0
1041,1557,56.97108763,6.633253461,27.909,120.82147,27.90165,120.81193,6,16,0
1085,1398,-28.82765491,-30.111487,28.0257,120.6129,28.02438,120.60303,3,171,0
332,530,-0.677967318,54.82383016,28.00341,120.68731,28.001624,120.691201,4,43,0
1904,2225,10.39208948,43.84714786,28.01361,120.68305,28.01963,120.71371,7,122,0
9,15,-2.852510625,-15.52574726,27.99378,120.6501,27.97664,120.63227,-1,49,0
779,1455,-31.66295319,-34.42441528,28.03387,120.594038,28.03905,120.62757,-1,8,0
2366,2405,18.18365893,11.97367877,27.97973,120.67677,27.96984,120.68551,5,1038,0
2245,2950,-0.619349451,-6.027776805,28.08922,120.70208,28.1063,120.674,-1,20,0
112,617,-19.76410016,-20.34578863,28.01472,120.61007,28.013371,120.594287,3,49,0
46,109,-48.64004494,-38.16224004,28.04917,120.61056,28.03316,120.59087,-1,250,0
2353,2793,20.76165182,-6.723151037,27.973777,120.682079,27.96841,120.73048,-1,0,0
691,1620,-46.05701064,-6.225334892,28.05782,120.58736,28.01578,120.62194,-1,4,0
2248,2479,33.00023734,-1.356231761,27.97512,120.69186,27.95756,120.72822,10,4,0
382,2559,-18.69638994,8.278747288,28.01967,120.6623,28.01104,120.64986,3,2,0
244,1972,-64.83925915,21.47225239,28.08021,120.69711,28.088679,120.680149,1,380,0
758,2236,-7.042604224,46.5838173,27.99542,120.68153,27.9946,120.674,4,2108,0
954,1380,-0.822889338,29.80318611,28.018214,120.672196,28.00675,120.68244,-1,7,0
1322,1723,10.24525093,30.37587339,28.00798,120.69032,28.01437,120.67295,-1,0,0
1061,1095,46.09600352,-20.37450463,27.92415,120.70545,27.92474,120.70282,3,323,0
563,1164,-59.40504865,5.4401435,28.03956,120.65442,28.04057,120.64705,7,100,0
1767,2682,-0.876200962,1.977828566,27.97914,120.65482,27.99605,120.64769,-1,168,0
1322,1991,-2.770310718,30.99010239,28.00798,120.69032,28.00104,120.67237,-1,10,0
77,440,-15.53860201,5.390477502,28.00743,120.64853,28.00029,120.64716,3,65,0
410,966,52.60484877,-4.370930751,27.95123,120.82795,27.918388,120.823666,6,12,0
1691,2433,-24.90535632,24.06362926,28.01519,120.66268,28.02202,120.66394,3,101,0
454,1920,8.74971411,3.598553124,27.98,120.66708,27.97507,120.66847,5,391,0
1430,1519,40.8099824,4.675990011,27.9498,120.72544,27.97433,120.75966,10,57,0
1020,1277,6.582376471,52.77343861,28.00029,120.70357,28.001156,120.703132,7,48,0
2099,2282,0.86330453,47.36449708,27.99084,120.68506,27.99125,120.69051,4,343,0
864,2840,-16.31596776,-54.08179167,28.03948,120.56891,28.04323,120.58656,9,246,0
911,1511,40.48200066,33.10534689,27.96141,120.73461,27.97302,120.73654,10,550,0
2127,2444,0.485016483,18.48359049,27.98869,120.6726,27.99277,120.67775,4,78,0
2153,2362,38.14486247,-32.62389506,27.91643,120.68875,27.92159,120.70412,3,205,0
1446,1765,-1.302778119,-34.60222822,27.98015,120.60519,27.9931,120.58597,8,9,0
436,566,-12.693087,35.95726309,28.01004,120.66769,28.0085,120.68531,-1,0,0
817,2605,-9.269502449,-41.5598483,28.02382,120.58085,28.024882,120.580737,9,55,0
1262,2120,-10.50144777,10.41863532,27.98453,120.66027,28.00312,120.65388,-1,6,0
387,1140,-15.84654894,-49.7112676,28.0246,120.58292,28.04193,120.57698,9,30,0
2062,2592,55.31110451,-0.664143348,27.92961,120.81073,27.93254,120.82423,6,78,0
874,2954,-70.2896142,10.85431759,28.04411,120.64767,28.05735,120.66573,7,103,0
48,2460,-21.03009774,36.25606887,28.01947,120.67661,28.021791,120.665431,3,251,0
705,2778,-15.77621158,-5.533344343,28.00227,120.63088,27.99859,120.64039,3,115,0
432,1939,-3.10312287,33.03710414,28.00074,120.67929,28.00197,120.68016,4,124,0
347,1187,5.420051688,-4.679861427,27.98785,120.71681,27.96331,120.66311,-1,5,0
1111,1401,-27.69938099,-2.911812384,28.02502,120.63963,28.01999,120.65209,-1,11,0
1256,2283,-22.87840606,7.182671884,28.01222,120.65195,28.012454,120.649446,3,12,0
312,502,7.939139292,1.532889214,27.97483,120.67456,27.975415,120.651576,5,253,0
1895,2142,21.11446208,26.21832411,27.96905,120.70307,27.98684,120.71242,-1,16,0
775,2380,35.19520454,-46.97192921,27.9189,120.64478,27.87032,120.66347,3,39,0
285,1557,70.81329705,1.803114658,27.90175,120.80936,27.90165,120.81193,6,10072,0
2074,2214,18.77817489,26.47589207,27.986124,120.709577,27.9598,120.68203,-1,5,0
1133,2516,36.98546147,32.54953732,27.97533,120.72453,27.97841,120.73883,10,131,0
295,364,-10.0859433,-37.47033599,28.02333,120.57606,28.01704,120.5833,9,20,0
57,362,-18.19906889,-18.4049675,28.00954,120.61511,28.01738,120.60605,-1,198,0
306,1110,34.09910386,-8.922368512,27.93177,120.67802,27.946867,120.69923,5,182,0
370,2298,25.25724887,-24.01233639,27.95455,120.65292,27.92952,120.68107,5,98,0
292,1030,-38.16996836,7.606032478,28.02857,120.65898,28.02341,120.66131,-1,63,0
1373,1873,-24.17177114,24.6593085,28.01793,120.66445,28.01486,120.66325,3,361,0
1709,1956,42.17772385,6.317525621,27.97034,120.76311,27.96946,120.72066,10,76,0
1164,1435,-41.6843247,-13.2953069,28.04057,120.64705,28.046174,120.636789,7,72,0
72,2059,3.683058627,-27.71204934,27.97367,120.59704,27.987233,120.614505,8,23,0
1123,2767,-10.17385194,5.051097148,27.96552,120.64757,28.00293,120.64916,-1,23,0
2362,2577,44.01838113,-29.08977386,27.92159,120.70412,27.92101,120.70502,3,736,0
55,458,29.84486337,-52.95679089,27.85781,120.66563,27.87682,120.64507,3,134,0
1321,2444,0.580197528,25.59538728,27.99863,120.68954,27.99277,120.67775,4,6,0
1596,1938,-46.37553712,16.75480197,28.027266,120.655901,28.01832,120.65141,-1,222,0
709,2624,29.99125296,25.15907415,27.97153,120.73361,27.97603,120.71773,10,22,0
73,214,-21.48845983,-6.493536031,28.01003,120.63314,28.01125,120.625528,-1,84,0
109,2847,-26.15201529,-42.93546023,28.03316,120.59087,28.041041,120.588459,9,218,0
220,1995,6.081472438,-53.64718619,27.9974,120.58543,27.98625,120.5825,8,195,0
49,2161,-9.142850777,-37.70169103,28.02104,120.58411,28.022133,120.574298,9,15,0
477,1724,17.53261625,41.30673035,27.994763,120.731284,28.00258,120.70728,7,24,0
405,1262,7.797619186,11.80874398,27.989232,120.680662,27.98453,120.66027,4,43,0
695,986,-34.71173913,-45.97679114,28.054694,120.586916,28.077531,120.587363,9,20,0
379,2615,73.43082968,15.68537336,27.87831,120.82092,27.87142,120.82061,6,950,0
124,446,5.343574285,-25.39715011,27.99261,120.62341,27.98581,120.61459,8,78,0
410,2430,52.02553049,-11.30716323,27.95123,120.82795,27.96011,120.81628,6,641,0
1020,2768,8.242925425,55.31668485,28.00029,120.70357,28.00063,120.70509,7,294,0
482,922,42.35525062,27.85599343,27.97359,120.74776,27.97842,120.75478,10,67,0
1296,2714,61.20260164,11.66815915,27.89897,120.79855,27.8832,120.80518,6,48,0
975,1977,-7.230394663,36.98335982,28.00397,120.67029,27.99753,120.67522,-1,114,0
86,1082,-44.18532915,30.60614727,28.01563,120.65181,28.016688,120.655528,3,1904,0
52,857,70.14958252,-9.568416714,27.93816,120.80145,27.93632,120.80777,6,8713,0
1391,1680,26.5693325,-2.447301448,27.95467,120.69939,27.96413,120.67139,-1,54,0
955,2954,-60.4807754,10.93643589,28.04133,120.65311,28.05735,120.66573,7,71,0
652,1791,61.72355238,13.39229338,27.88623,120.80236,27.86862,120.78313,6,30,0
1900,2292,-35.64789776,-59.86190602,28.06605,120.58485,28.04572,120.58643,9,326,0
621,2823,-2.404541802,-46.3715918,27.98848,120.61075,27.94947,120.55856,-1,0,0
1388,2031,-28.24357468,7.704819259,28.01822,120.64711,28.024044,120.64407,3,0,0
2606,2891,36.19632967,11.82239067,27.998592,120.80087,27.99425,120.83053,-1,22,0
535,2962,50.553254,-8.193690212,27.96456,120.79906,27.95764,120.82445,-1,116,0
2316,2669,-27.31875723,-30.9907871,28.0271,120.60091,28.02459,120.60332,3,850,0
1584,2183,70.42885639,5.683439873,27.89209,120.81396,27.89444,120.81353,6,16083,0
164,1194,23.73773801,-11.63180076,27.95724,120.65969,27.9573,120.67705,5,310,0
1884,1988,-26.85228259,-1.150434773,28.01661,120.63702,28.01854,120.63879,3,32,0
1999,2211,32.03286429,-41.56690208,27.91395,120.70028,27.90973,120.63455,3,195,0
48,1928,-18.37899966,35.17773795,28.01947,120.67661,28.02228,120.67645,3,20,0
127,2153,38.30618668,-37.38364824,27.9207,120.68866,27.91643,120.68875,3,3533,0
659,1257,10.95414308,-51.93164173,27.98025,120.58452,27.97868,120.57877,8,688,0
609,2890,-56.44848745,-6.418545194,28.02096,120.62016,28.02424,120.6348,3,533,0
212,2679,50.15126612,-8.75164369,27.95491,120.7872,27.96428,120.80753,2,359,0
1209,2225,13.28767337,44.95806268,28.00032,120.72752,28.01963,120.71371,7,186,0
566,1799,1.140795443,35.25141969,28.0085,120.68531,27.99461,120.68409,4,30,0
1502,2715,-11.21697774,43.10842569,27.991292,120.664871,27.99435,120.66326,4,2070,0
46,2914,-36.0208871,-6.422025247,28.04917,120.61056,28.01922,120.64427,-1,2,0
1105,2544,-38.23290129,26.75973611,28.00791,120.64843,28.01046,120.64997,3,810,0
464,1683,15.45582351,-24.44511651,27.9659,120.64111,27.95708,120.67304,-1,2,0
2233,2909,72.94554466,19.41669396,27.86543,120.81525,27.86513,120.81613,6,2314,0
149,2794,-23.47604821,22.5971771,28.01646,120.65935,28.01525,120.66602,3,11,0
1549,1591,16.95007906,32.97645671,27.98966,120.70619,28.00528,120.70899,7,74,0
2512,2928,-3.802553449,45.12257377,27.99935,120.67604,27.99271,120.68075,4,120,0
27,1793,14.97590503,41.24006469,28.00949,120.71444,28.00591,120.71482,7,13,0
1683,2446,0.32351289,11.31916697,27.95708,120.67304,27.98763,120.66308,-1,23,0
430,1025,1.64640497,55.44509123,28.00437,120.69558,27.992,120.69598,-1,37,0
1194,2508,26.15245624,-7.963720653,27.9573,120.67705,27.96724,120.66561,5,692,0
271,656,19.53780735,-43.4150993,27.956794,120.567095,27.96161,120.59217,10,79,0
2213,2513,2.682026674,-4.549192517,28.0397,120.63304,28.060569,120.603702,7,15,0
698,1221,-44.1858942,-49.65526128,28.07126,120.60869,28.074942,120.604791,9,1088,0
273,453,-35.13974903,2.194059933,28.02613,120.64691,28.023866,120.643318,-1,32,0
1243,1791,63.85584752,24.69613759,27.86417,120.78289,27.86862,120.78313,6,12693,0
628,2033,62.27400914,-9.414086251,27.92742,120.82878,27.9196,120.81824,6,19,0
893,1082,-20.44087394,16.82481941,28.00209,120.66254,28.016688,120.655528,3,0,0
25,191,9.413691492,-2.585954805,27.976204,120.667973,27.96628,120.68116,5,64,0
1454,2302,34.92744771,-20.48418975,27.92271,120.7068,27.92002,120.70535,3,30,0
283,1378,46.55722771,31.50647765,27.98338,120.744,27.9833,120.74401,10,6238,0
2099,2127,3.379063356,13.68979789,27.99084,120.68506,27.98869,120.6726,4,25,0
673,2407,-40.58806582,-29.76580139,28.05464,120.60495,28.06561,120.63194,7,9,0
539,1401,-39.2038233,17.97344554,28.01516,120.65303,28.01999,120.65209,3,300,0
358,1948,47.1682025,22.87728355,27.96854,120.74135,27.96583,120.74971,10,9988,0
1290,2755,6.656883459,31.58687469,28.003203,120.691994,27.99953,120.68067,-1,5,0
77,812,-36.47672251,29.13377564,28.00743,120.64853,28.01375,120.6551,3,338,0
857,2691,55.01085082,-2.80175849,27.93632,120.80777,27.93204,120.83665,6,103,0
2694,2841,10.92306075,36.76318402,28.00118,120.70197,28.000286,120.70749,7,31,0
2274,2615,73.2635375,16.47729623,27.87983,120.81482,27.87142,120.82061,6,1190,0
72,603,7.011280588,-38.92105379,27.97367,120.59704,27.97164,120.62661,8,72,0
164,246,23.25047692,-12.80030338,27.95724,120.65969,27.95634,120.66596,5,10801,0
949,2132,-21.50340795,-53.72625746,28.042263,120.582178,28.043908,120.588971,9,126,0
2168,2609,-19.84655844,-24.32347468,28.02265,120.60445,28.01418,120.59753,3,273,0
1380,2003,-7.966247173,52.59476438,28.00675,120.68244,28.00191,120.67862,4,189,0
109,1198,-24.11803446,-39.24326223,28.03316,120.59087,28.0332,120.591,9,2077,0
76,2750,12.41177832,36.55719428,27.99619,120.71034,28.00455,120.70115,7,43,0
264,539,-44.37623445,32.42823116,28.01535,120.66232,28.01516,120.65303,3,125,0
120,1100,-15.01684235,-22.04135841,28.0183,120.607999,28.00741,120.61911,-1,12,0
761,1273,-51.86347398,2.069448015,28.02569,120.64175,28.02347,120.61544,-1,49,0
1058,2012,-36.87472308,-10.96560554,28.04752,120.63044,28.02392,120.644412,-1,3,0
1251,2549,-0.41436004,-40.64008608,27.97825,120.55286,27.98841,120.58255,8,12,0
1308,2908,12.54041198,15.78279283,27.98404,120.68203,27.98585,120.6777,4,8,0
421,1440,50.59934197,2.996355738,27.91626,120.8268,27.92653,120.78661,6,205,0
2336,2779,61.7028158,12.60265716,27.87937,120.8036,27.9069,120.82629,6,27,0
300,1651,45.23594477,19.17639842,27.9685,120.75992,27.97707,120.74717,10,200,0
54,2658,-29.18138601,-11.72767371,28.018598,120.620672,28.023438,120.62652,-1,16,0
617,1398,-11.20293035,-27.61540433,28.013371,120.594287,28.02438,120.60303,3,231,0
159,1794,27.76237933,-9.707481143,27.94833,120.66804,27.94302,120.67619,5,3833,0
461,2037,62.54055043,10.22294452,27.8974,120.81737,27.9208,120.84047,6,17,0
16,2746,-37.06204764,-27.43655347,28.07646,120.62205,28.03863,120.61579,-1,2,0
1275,1529,-33.26011405,-51.3599651,28.1014,120.58443,28.10206,120.54994,9,17,0
644,2012,-32.44109383,3.435647019,28.01278,120.65944,28.02392,120.644412,3,40,0
340,2756,0.549490199,34.69321981,27.99961,120.68514,27.98645,120.68772,4,14,0
93,164,8.145905391,-7.229486491,27.95117,120.66753,27.95724,120.65969,5,20,0
1845,2279,23.02808424,39.78105399,27.99406,120.72557,27.98388,120.70501,-1,10,0
408,924,-43.0443042,-19.57323331,28.05042,120.6339,28.03883,120.63972,7,48,0
831,1683,21.65071706,-8.896924249,27.9762,120.668,27.95708,120.67304,5,11,0
2168,2840,-19.51608018,-47.88829107,28.02265,120.60445,28.04323,120.58656,-1,36,0
2129,2236,5.306691626,13.78999603,27.98951,120.64774,27.9946,120.674,-1,8,0
936,1285,-35.49638733,-7.628879783,28.02145,120.63334,28.04108,120.61641,-1,4,0
836,2542,-26.89221995,-23.43953546,28.02242,120.60801,28.01903,120.61189,3,13732,0
1724,2842,17.73783992,37.79636994,28.00258,120.70728,27.98853,120.69743,-1,23,0
1680,1699,17.4171557,10.90528779,27.96413,120.67139,27.97659,120.67899,5,320,0
959,1258,5.281706759,-7.473377804,28.009115,120.657413,28.011,120.654,3,16,0
1999,2005,43.03987272,-33.18642248,27.91395,120.70028,27.92325,120.6878,3,930,0
1269,1432,-19.68751934,-10.34514748,28.00799,120.62655,28.00892,120.62295,4,1020,0
600,2421,-34.90793714,17.49310457,28.00892,120.64776,28.014321,120.650131,3,36,0
2248,2353,22.59824675,8.317452935,27.97512,120.69186,27.973777,120.682079,-1,1080,0
382,624,-19.92882659,22.47729917,28.01967,120.6623,28.01854,120.66394,3,31,0
369,1763,60.62495435,-9.805465214,27.9277,120.83323,27.92159,120.82161,6,441,0
1563,2730,29.48080507,-24.84723201,27.92204,120.69661,27.92782,120.69643,3,111,0
617,1190,-15.05281911,-26.34328203,28.013371,120.594287,28.014501,120.596649,3,171,0
477,2142,37.65976319,45.45162781,27.994763,120.731284,27.98684,120.71242,7,33,0
125,1643,4.776794488,-29.82397724,27.98925,120.62584,27.98054,120.61279,8,13,0
1311,2445,5.346881708,-52.26084039,27.98966,120.57449,27.992515,120.595201,8,1938,0
2190,2756,13.49726623,18.66821884,27.98235,120.67423,27.98645,120.68772,-1,177,0
1633,1824,38.75845036,-29.28070231,27.921943,120.703398,27.9227,120.70332,3,212,0
1620,2197,-29.24838056,-12.83457053,28.01578,120.62194,28.04449,120.62163,-1,11,0
362,617,-20.28643829,-22.9407709,28.01738,120.60605,28.013371,120.594287,3,84,0
1474,2542,-12.67058309,-36.58878181,28.02436,120.58545,28.01903,120.61189,-1,31,0
1724,2885,20.2673962,38.31674995,28.00258,120.70728,27.99535,120.71624,7,21,0
2282,2662,13.92534755,29.33272589,27.99125,120.69051,27.9944,120.7017,4,0,0
1963,2503,-61.56461915,15.09059663,28.050194,120.692298,28.02203,120.68689,7,3,0
76,1321,12.2268239,29.95250695,27.99619,120.71034,27.99863,120.68954,-1,85,0
1189,1399,-36.77851463,-29.20217451,28.04554,120.61485,28.024487,120.608733,-1,9,0
1441,1596,-53.7377122,15.6798906,28.04381,120.65767,28.027266,120.655901,7,90,0
1895,2214,27.15149798,-0.654114106,27.96905,120.70307,27.9598,120.68203,-1,1841,0
621,1804,-16.69394618,-17.05530828,27.98848,120.61075,28.00502,120.61628,-1,62,0
1305,2223,62.94536987,-6.749103494,27.92668,120.81126,27.922663,120.824735,6,161,0
1605,2801,-35.76629754,17.30578112,28.01353,120.6398,28.01569,120.65545,3,4,0
729,1169,-16.63561649,-26.42746668,28.02336,120.60588,28.01606,120.6036,3,34,0
1543,2391,25.66066003,18.74734999,28.03307,120.79284,28.034242,120.80361,2,2777,0
159,1698,24.57253964,-12.59066232,27.94833,120.66804,27.95861,120.665556,5,4357,0
1349,1528,-40.31898824,21.92685578,28.01544,120.64648,28.01484,120.64575,3,305,0
955,2899,-54.65781914,15.92615801,28.04133,120.65311,28.02802,120.65472,7,90,0
224,2355,-16.61307507,26.05825628,28.01492,120.66976,28.02099,120.66672,3,47,0
39,257,-38.49822332,-50.21168517,28.10718,120.62483,28.076984,120.602335,9,35,0
386,2010,-5.000571438,48.77698054,27.99487,120.67969,27.99742,120.68104,4,86,0
1994,2353,-3.862428333,11.14390574,27.992378,120.669665,27.973777,120.682079,-1,14,0
893,2428,-3.929632874,8.141359897,28.00209,120.66254,27.98819,120.6531,-1,42,0
221,492,21.19174759,44.64252389,28.00742,120.71768,27.99261,120.71419,7,12,0
49,2175,-8.493165327,-34.23974356,28.02104,120.58411,28.025465,120.585303,9,195,0
561,2914,-50.34970204,7.698209978,28.02374,120.641626,28.01922,120.64427,3,855,0
1428,1646,-37.23805663,1.541379408,28.02259,120.62662,28.03083,120.63755,7,8,0
72,2668,16.46042504,-34.91243387,27.97367,120.59704,27.94903,120.59549,-1,47,0
773,1007,3.552187225,15.6880462,27.989406,120.673557,27.96558,120.68672,-1,4,0
1286,2120,-37.30424055,27.92631058,28.01117,120.65006,28.00312,120.65388,3,22,0
26,1279,36.39049656,-45.86230136,27.91714,120.66023,27.89941,120.63473,3,600,0
454,2633,9.710789675,12.3589525,27.98,120.66708,27.98511,120.67531,-1,59,0
3,2483,-33.67775736,-39.28971892,28.03927,120.5877,28.02455,120.61196,-1,12,0
2183,2223,54.37481498,4.295816908,27.89444,120.81353,27.922663,120.824735,6,32,0
1981,2483,-49.03623291,-32.69227582,28.04382,120.61146,28.02455,120.61196,-1,61,0
124,2420,-4.359979032,-26.3607589,27.99261,120.62341,27.98362,120.61785,8,1674,0
828,2593,23.81161025,-4.229381211,27.96168,120.677789,27.96314,120.66947,5,1789,0
663,2176,10.5781883,-9.580630452,27.97693,120.66377,27.95843,120.65338,5,16,0
1870,2703,-0.651721877,-11.31139168,27.99576,120.6574,27.99103,120.63464,-1,25,0
334,2210,-0.193091889,-25.16195452,27.984462,120.62474,27.9824,120.62638,8,108,0
2153,2398,40.78291411,-35.84895208,27.91643,120.68875,27.923249,120.687804,3,1245,0
202,2939,-36.60788386,30.65704316,28.0087,120.65515,28.011397,120.653141,3,845,0
59,285,71.50467917,2.877291698,27.90238,120.80278,27.90175,120.80936,6,7445,0
1965,2668,20.73605204,-44.22779031,27.94943,120.58007,27.94903,120.59549,10,477,0
136,1423,-38.05774123,22.57818524,28.01434,120.65091,28.0149,120.64587,3,73,0
1689,2890,-50.31374759,4.123787271,28.02095,120.64389,28.02424,120.6348,3,606,0
421,1293,56.85597453,-8.812567222,27.91626,120.8268,27.93743,120.83414,6,805,0
436,1889,-10.63128736,20.27172316,28.01004,120.66769,28.01442,120.65841,3,0,0
1445,2241,32.19435828,37.45396082,27.99263,120.7145,27.98751,120.72346,7,12,0
1569,2720,13.26990741,12.22622662,27.984146,120.678225,27.97853,120.684,-1,17,0
935,2838,4.321695579,-3.839521695,27.97987,120.68111,27.97867,120.677,-1,2,0
691,814,-42.80201153,-45.68848875,28.05782,120.58736,28.06065,120.61145,-1,230,0
644,2621,-10.26075557,25.52384168,28.01278,120.65944,28.01036,120.67777,-1,0,0
25,1994,3.72759376,10.57949705,27.976204,120.667973,27.992378,120.669665,-1,18,0
340,2392,-0.604783153,33.97639297,27.99961,120.68514,28.00878,120.68835,-1,7,0
629,1964,-66.31638901,16.29483376,28.0608,120.676028,28.05262,120.666572,7,1009,0
227,1610,-44.93274506,-25.84628074,28.05333,120.63083,28.05249,120.60567,7,85,0
638,735,-5.981209554,-15.69936666,27.99736,120.62159,27.993371,120.637184,8,176,0
971,2128,66.13803845,1.30021402,27.92205,120.80111,27.8883,120.80901,6,10,0
1110,1706,32.95562718,-13.86523823,27.946867,120.69923,27.9208,120.70586,-1,128,0
136,1082,-29.88795903,18.77790868,28.01434,120.65091,28.016688,120.655528,3,166,0
314,2822,36.45998256,28.03114524,27.97965,120.74458,27.97743,120.73394,10,52,0
1427,2326,44.34563509,28.66263714,27.98011,120.74983,27.97597,120.7509,10,367,0
328,2642,-59.01661096,9.405666824,28.05929,120.65781,28.03965,120.64593,7,63,0
170,2434,40.34100146,-25.90241757,27.92087,120.70636,27.92215,120.70629,3,209,0
1927,1984,-40.59201676,-15.03150438,28.04626,120.62785,28.039803,120.642004,7,12,0
908,1651,40.71261829,31.42470544,27.971495,120.733406,27.97707,120.74717,10,82,0
874,924,-60.18730517,5.138219362,28.04411,120.64767,28.03883,120.63972,7,186,0
481,815,-10.25777431,-36.98709074,28.00644,120.59212,28.022225,120.579329,-1,7,0
606,852,-34.41349665,17.13006006,28.004829,120.6409,28.013741,120.650393,3,24,0
481,949,-27.96465273,-52.07634121,28.00644,120.59212,28.042263,120.582178,-1,5,0
1103,2185,5.818915891,-42.55100852,27.97694,120.62826,27.97251,120.60263,8,236,0
135,1301,-19.11951914,-13.32305319,27.9974,120.622,28.00843,120.62111,4,174,0
522,2023,11.67752449,-37.68791785,27.95536,120.60011,27.97172,120.61373,-1,87,0
60,2779,57.20996301,8.171807244,27.89629,120.80392,27.9069,120.82629,6,4,0
1855,2543,9.389968709,6.524484278,27.98606,120.67631,27.978448,120.671401,-1,4,0
279,1747,45.18284657,36.24366219,27.98465,120.73383,27.978667,120.735061,10,32419,0
418,574,38.41258482,-21.73968706,27.925833,120.705277,27.93368,120.71241,3,34,0
2468,2941,-28.864401,9.980332541,28.022717,120.632107,28.015683,120.651721,3,6,0
814,2890,-40.2237633,-9.722582785,28.06065,120.61145,28.02424,120.6348,-1,4,0
2714,2966,61.67833569,12.00898258,27.8832,120.80518,27.90319,120.81717,6,65,0
545,2261,23.11093519,0.06715274,27.96676,120.65937,27.97054,120.68557,5,81,0
6,1733,-59.67742546,13.74269827,28.0635,120.68056,28.0677,120.68542,7,52,0
61,780,-9.944993431,52.81220154,28.00969,120.67408,28.01006,120.68043,-1,346,0
1533,2048,-37.20420366,-55.21405043,28.06943,120.56735,28.07875,120.58356,9,122,0
1650,2518,-52.51840408,-1.991250487,28.020022,120.631375,28.03042,120.62936,-1,2,0
475,2094,7.373301687,-40.06439086,27.98226,120.62389,27.992,120.60987,8,15,0
2075,2353,17.57614159,-2.801114839,27.94054,120.69195,27.973777,120.682079,5,6,0
2567,2597,-0.618667628,11.8552243,27.992138,120.656444,27.993358,120.671015,4,5,0
1015,1772,-27.97317945,-30.06928636,28.02245,120.61239,28.02618,120.60498,3,315,0
2120,2561,-11.45262523,13.00157943,28.00312,120.65388,28.00155,120.68023,-1,13,0
2292,2440,-23.28545192,-55.81261502,28.04572,120.58643,28.043033,120.586455,9,803,0
1470,2481,12.37130783,1.695738605,27.97225,120.68006,27.97265,120.66766,5,771,0
84,1591,12.92749313,45.21526908,28.01988,120.68913,28.00528,120.70899,7,14,0
1852,2119,41.55740725,21.05544474,27.96059,120.7497,27.97513,120.74591,10,10,0
1347,2767,-36.08900901,29.65574391,28.01058,120.65406,28.00293,120.64916,3,76,0
477,482,31.07809608,35.83822321,27.994763,120.731284,27.97359,120.74776,-1,61,0
237,961,-28.14026458,-54.09575663,28.023421,120.592786,28.06451,120.58223,-1,213,0
221,422,18.80214275,50.53894277,28.00742,120.71768,28.00525,120.70299,7,155,0
1166,1607,14.71271179,-32.94321864,27.95794,120.60138,27.95079,120.59932,10,232,0
403,2793,35.39044317,-0.211233561,27.98093,120.71034,27.96841,120.73048,-1,45,0
1926,2164,-32.35309063,42.92821878,28.01239,120.67322,28.01286,120.66582,3,864,0
2379,2860,-44.60566501,-17.778198,28.04982,120.6511,28.0702,120.62208,-1,17,0
644,844,-19.91817078,19.5728911,28.01278,120.65944,28.00813,120.67287,3,13,0
623,828,26.90837166,-7.311278357,27.94373,120.68649,27.96168,120.677789,5,145,0
513,676,36.17899804,-36.22954312,27.921152,120.682999,27.92115,120.683,3,145,0
1180,1213,20.09135688,4.0401564,27.97777,120.70138,27.97513,120.69553,-1,38,0
193,1458,29.61574417,13.50050471,28.02809,120.78452,28.023603,120.80906,2,82,0
912,2663,34.01923646,35.96165392,27.98324,120.72334,27.99627,120.72691,-1,187,0
2270,2644,25.82027559,15.89959369,28.05695,120.78536,28.019199,120.784475,2,20,0
115,1740,54.26582669,-8.545334816,27.94565,120.83188,27.9275,120.83694,6,46,0
467,2671,0.444731254,60.59099751,28.012398,120.68848,28.00505,120.694054,7,628,0
647,1092,9.441446433,-32.90267208,27.9749,120.63133,27.96187,120.66042,-1,0,0
497,1982,27.49582118,40.81893209,27.99143,120.70763,27.98851,120.70899,7,61,0
19,157,10.78569367,12.19016871,27.98443,120.66958,27.980814,120.677226,4,70,0
406,901,62.82409597,19.56862656,27.89033,120.77895,27.86601,120.77885,6,101,0
1049,2839,-11.9224803,15.45519858,28.00814,120.66242,28.0089,120.661773,3,21,0
331,2304,-41.988561,-19.86930521,28.03958,120.62042,28.04617,120.63678,7,45,0
1587,2163,-34.19112585,20.0900714,28.00917,120.64028,28.01064,120.64349,3,61,0
780,2878,-8.623147548,31.34111932,28.01006,120.68043,28.01298,120.67892,-1,36,0
108,450,15.64215674,-49.2843884,27.98228,120.5774,27.96474,120.57156,8,95,0
1415,1428,-45.18835649,0.48076773,28.01447,120.64201,28.02259,120.62662,-1,50,0
487,2127,4.272271113,19.68715035,27.98776,120.67428,27.98869,120.6726,4,5420,0
949,2887,-18.52691352,-57.77096508,28.042263,120.582178,28.04609,120.57533,9,1958,0
742,2407,-54.8936595,-17.22229722,28.069541,120.641029,28.06561,120.63194,7,145,0
1948,2326,37.48175707,25.75987328,27.96583,120.74971,27.97597,120.7509,10,49,0
855,1761,-0.634675249,27.75147617,28.001906,120.678622,27.99851,120.67952,4,4,0
554,1076,26.55161559,12.45189736,28.02289,120.80151,28.03881,120.82892,2,171,0
1083,1782,17.88752766,34.00991272,27.99432,120.7066,27.997236,120.700653,7,38,0
317,1990,-27.24257422,20.78163141,28.01994,120.655,28.02045,120.65999,3,104,0
1950,2142,35.59938229,46.58527975,27.99139,120.71952,27.98684,120.71242,7,1453,0
124,950,4.071336164,-24.83763063,27.99261,120.62341,27.98069,120.61263,8,11,0
273,1388,-44.17587908,17.68763396,28.02613,120.64691,28.01822,120.64711,-1,248,0
72,1965,14.11067525,-27.8937265,27.97367,120.59704,27.94943,120.58007,-1,0,0
234,1127,-22.38051193,-6.629573033,28.01828,120.62547,28.01,120.62972,4,23,0
25,2005,31.67205994,-13.01526364,27.976204,120.667973,27.92325,120.6878,-1,2,0
1277,2694,7.306494825,50.70045198,28.001156,120.703132,28.00118,120.70197,7,51,0
708,2272,41.93029276,-31.19212242,27.9343,120.7072,27.91974,120.69145,3,66,0
1351,1388,-39.49801856,-0.590215693,28.04387,120.63355,28.01822,120.64711,-1,4,0
224,1723,-29.90412504,44.54721387,28.01492,120.66976,28.01437,120.67295,3,9729,0
1939,2536,-7.693353545,53.37871389,28.00197,120.68016,28.00726,120.6775,4,310,0
550,2403,28.57431712,34.29783999,28.0076,120.72365,28.005136,120.71749,7,0,0
1360,2293,3.654059547,49.48076234,27.993854,120.698744,27.9937,120.6981,4,98,0
389,1453,-10.14781014,-7.442394201,28.01058,120.62116,27.99832,120.6366,-1,2,0
171,726,-15.83904005,-0.270752334,28.00072,120.63977,28.00074,120.64324,3,167,0
1286,1615,-22.49784446,9.425288641,28.01117,120.65006,28.01037,120.64773,3,28,0
2053,2088,-21.07038405,-5.318576102,28.01003,120.63016,28.00822,120.63366,-1,57,0
1845,2616,33.07970867,18.81414014,27.99406,120.72557,28.018222,120.70197,7,7,0
48,2557,-11.27737688,31.60464679,28.01947,120.67661,28.014329,120.680824,3,4,0
1969,2042,-11.65036687,-4.147679454,28.00303,120.63895,28.00136,120.63642,3,63,0
1549,1679,28.97982039,47.4709279,27.98966,120.70619,27.99338,120.70875,7,3317,0
600,1226,-33.53259575,27.35709054,28.00892,120.64776,28.01039,120.65256,3,50,0
803,924,-62.04090967,0.194242502,28.02715,120.65114,28.03883,120.63972,7,349,0
422,1360,7.510879782,36.47010751,28.00525,120.70299,27.993854,120.698744,-1,29,0
1285,1766,-54.14937162,-29.10069329,28.04108,120.61641,28.043254,120.617338,7,1795,0
1015,1590,-13.21820661,-38.43282039,28.02245,120.61239,28.02239,120.59436,3,88,0
2086,2268,-15.29285421,-51.02921062,28.03771,120.57585,28.04196,120.56845,9,12,0
112,1637,-16.96982697,-18.49767789,28.01472,120.61007,28.007347,120.618907,-1,144,0
1651,1865,45.4462801,31.39445086,27.97707,120.74717,27.97506,120.73909,10,7252,0
2450,2743,-50.62177311,-18.4383724,28.04901,120.63968,28.049957,120.622963,7,103,0
1101,1188,32.68235898,13.287559,28.008865,120.778256,28.02612,120.795888,2,49,0
522,2351,16.75627095,-41.40484504,27.95536,120.60011,27.95215,120.60432,10,35055,0
152,2779,64.93663117,3.587669436,27.91139,120.82389,27.9069,120.82629,6,11094,0
561,2012,-51.10337522,7.385937672,28.02374,120.641626,28.02392,120.644412,3,1813,0
420,1591,13.73487409,54.18570997,28.019477,120.715049,28.00528,120.70899,7,224,0
669,1415,-25.56917772,0.961202799,28.01255,120.63174,28.01447,120.64201,-1,37,0
124,2965,-3.881601134,-27.98064083,27.99261,120.62341,27.991469,120.622368,8,225,0
58,314,42.05049595,30.26592854,27.97969,120.74181,27.97965,120.74458,10,70,0
1753,2129,9.29209684,-8.112322313,27.96526,120.65283,27.98951,120.64774,5,2,0
1717,2094,-3.539649225,-29.44966614,27.99375,120.61713,27.992,120.60987,8,2768,0
1129,1293,54.56164584,-6.773001807,27.91593,120.8267,27.93743,120.83414,6,260,0
120,1273,-29.07672534,-17.69489958,28.0183,120.607999,28.02347,120.61544,3,32,0
318,335,8.823016661,-11.17941336,27.97271,120.64743,27.93483,120.66784,5,0,0
332,661,6.594381621,29.76247306,28.00341,120.68731,28.00053,120.6999,-1,17,0
1963,2650,-62.23801679,14.20866676,28.050194,120.692298,28.024386,120.675309,-1,7,0
234,1159,-28.20256276,-12.6941918,28.01828,120.62547,28.02791,120.59925,-1,28,0
935,1308,17.28091979,13.75764256,27.97987,120.68111,27.98404,120.68203,4,14428,0
1646,1736,-59.31259635,-1.159966396,28.03083,120.63755,28.029592,120.6244,7,172,0
389,1424,-15.02652256,-18.01312228,28.01058,120.62116,28.02108,120.60101,-1,19,0
1141,2418,37.97748173,-11.88671627,27.933084,120.674452,27.93672,120.67951,5,1396,0
467,2003,-1.805295346,31.78146398,28.012398,120.68848,28.00191,120.67862,-1,6,0
1581,2347,66.15503112,3.532635071,27.90633,120.81918,27.91091,120.81602,6,3289,0
964,2304,-52.50872885,-17.73804038,28.065834,120.64764,28.04617,120.63678,7,24,0
1052,2802,40.54819923,37.32233104,27.97486,120.72843,27.98055,120.72944,10,4674,0
198,487,-5.214048892,38.59821322,27.99428,120.679324,27.98776,120.67428,4,8,0
152,369,57.74191573,-6.520020058,27.91139,120.82389,27.9277,120.83323,6,107,0
23,264,-22.48673625,25.06869615,28.015057,120.667466,28.01535,120.66232,3,97,0
1395,1718,18.62347678,44.7066471,27.998361,120.720456,28.001831,120.717278,7,9,0
384,606,-37.84768459,21.19961572,28.01405,120.63301,28.004829,120.6409,-1,17,0
1167,1232,-56.2866593,2.675769047,28.03274,120.64129,28.04357,120.651564,7,4,0
2325,2934,43.97973235,-35.67421916,27.91782,120.69607,27.92333,120.69182,3,683,0
181,1956,26.32194409,6.898979479,27.97517,120.69185,27.96946,120.72066,10,20,0
1512,2439,-15.93604888,-52.71226261,28.04225,120.58748,28.04261,120.57226,9,110,0
152,2171,61.27211754,2.257412953,27.91139,120.82389,27.91955,120.83809,6,100,0
253,1699,15.85859725,8.008877741,27.9787,120.6874,27.97659,120.67899,-1,142,0
308,1789,-36.37877986,-58.13651231,28.07118,120.58698,28.09369,120.58816,9,124,0
1388,1510,-36.42294592,0.537525021,28.01822,120.64711,28.023269,120.632426,-1,21,0
556,1667,1.941537541,-21.97123857,27.99014,120.62903,27.93583,120.61337,8,12,0
403,911,27.08871093,6.364601214,27.98093,120.71034,27.96141,120.73461,-1,31,0
869,971,50.46655885,1.88465565,27.94864,120.77547,27.92205,120.80111,-1,72,0
449,1061,47.27057771,-23.32750449,27.93173,120.70133,27.92415,120.70545,3,9780,0
1082,1673,-32.57341718,26.53935199,28.016688,120.655528,28.00217,120.64577,3,12,0
1218,2037,58.40931914,2.288870501,27.91539,120.8198,27.9208,120.84047,6,6,0
1755,2000,32.65377235,-26.48154803,27.916499,120.696973,27.92247,120.70628,3,78,0
2537,2625,68.20219826,-3.673460974,27.92328,120.80462,27.89938,120.82864,6,22,0
2264,2788,16.78112652,-16.59816596,27.95241,120.64911,27.96243,120.65546,5,1088,0
182,1106,-26.85323392,-17.3248863,28.01939,120.61656,28.02311,120.59937,3,107,0
608,2924,4.440896273,34.88681579,27.99367,120.69233,28.0079,120.69401,-1,16,0
47,912,35.13913184,19.49606567,27.97433,120.75967,27.98324,120.72334,10,8,0
149,2762,-23.65277763,23.02103718,28.01646,120.65935,28.01919,120.67036,3,99,0
1718,2377,32.79143509,52.17808996,28.001831,120.717278,27.9934,120.719,7,173,0
1221,1331,-44.01949694,-48.66839416,28.074942,120.604791,28.07361,120.61293,9,4951,0
1338,1501,-56.35670173,-32.12056964,28.056963,120.625239,28.05557,120.61784,7,10014,0
59,2422,53.93927908,7.687813759,27.90238,120.80278,27.93079,120.82979,6,2,0
1312,1695,-10.22068286,-45.87243479,28.023857,120.581022,28.02937,120.5775,9,110,0
213,1428,-45.84539194,-4.676180126,28.01009,120.63564,28.02259,120.62662,-1,101,0
15,341,-4.06425316,-18.3299245,27.97664,120.63227,27.98975,120.64468,8,347,0
378,2641,49.4710141,-4.110762887,27.96458,120.79525,28.00624,120.82807,2,131,0
945,1849,72.24693897,9.923758042,27.87922,120.78748,27.89831,120.81286,6,33,0
999,1764,10.27076769,-28.35009769,27.95989,120.64875,27.96875,120.60619,-1,2,0
1963,2672,-63.30559324,16.89855201,28.050194,120.692298,28.02026,120.69523,7,36,0
430,2619,3.339592061,54.0930784,28.00437,120.69558,27.992814,120.696225,-1,11,0
1643,2330,5.245026712,-34.14226382,27.98054,120.61279,27.9967,120.60336,8,48,0
1149,2284,-17.24201697,35.4590973,28.02051,120.67683,28.02084,120.67866,3,61,0
86,919,-27.12849846,9.356296699,28.01563,120.65181,28.01517,120.66789,3,11,0
468,510,-32.8676719,-38.8194231,28.02464,120.59155,28.04567,120.60077,-1,23,0
774,2233,66.32187384,14.64723791,27.88389,120.81707,27.86543,120.81525,6,50,0
49,1560,-18.94930209,-42.86193435,28.02104,120.58411,28.034241,120.588717,9,200,0
1969,2767,-16.63747006,-1.477816342,28.00303,120.63895,28.00293,120.64916,3,461,0
697,1366,33.24609231,-25.37920941,27.92414,120.70279,27.90849,120.70916,3,41,0
1351,1703,-52.65816597,-21.97869818,28.04387,120.63355,28.0483,120.62027,7,189,0
240,1312,-8.255739132,-38.98131293,28.02561,120.58125,28.023857,120.581022,9,29,0
512,741,14.44082038,-14.88285722,27.96138,120.66311,27.95095,120.65688,5,69,0
1684,2541,1.0225817,-47.22008131,27.98796,120.61592,27.99417,120.59987,8,313,0
606,2428,-4.586240548,-2.327435797,28.004829,120.6409,27.98819,120.6531,-1,15,0
1087,1958,-18.49625432,22.88864863,28.02274,120.66726,28.01842,120.65967,3,0,0
370,1582,12.77621064,-8.62068881,27.95455,120.65292,27.96936,120.67444,5,6,0
841,2092,-49.28702732,2.023770437,28.0171,120.63698,28.0195,120.63455,3,6638,0
58,160,37.11414218,27.87415871,27.97969,120.74181,27.97864,120.71467,10,19,0
1620,2938,-26.68416178,-13.1927614,28.01578,120.62194,28.02158,120.59654,-1,8,0
1244,2471,-14.58432061,51.56104717,28.00503,120.67134,28.00877,120.66836,3,5078,0
198,547,4.277419109,21.25228944,27.99428,120.679324,27.98521,120.67877,4,7,0
428,2899,-35.52979325,8.652456515,28.02544,120.64799,28.02802,120.65472,7,5,0
1449,2804,-15.59884004,34.50479673,28.01592,120.69364,28.02126,120.68452,7,46,0
663,872,7.284951478,-1.660928422,27.97693,120.66377,27.98477,120.64882,5,43,0
31,1130,-49.38171792,-0.866663606,28.02343,120.63235,28.02327,120.63423,3,11,0
2127,2366,12.96393711,7.207113866,27.98869,120.6726,27.97973,120.67677,-1,29,0
1995,2023,0.728416766,-34.78225157,27.98625,120.5825,27.97172,120.61373,8,0,0
46,1506,-39.94954786,-10.67454142,28.04917,120.61056,28.02799,120.66168,7,3,0
636,1956,20.93885138,29.0340479,27.98612,120.70958,27.96946,120.72066,-1,15,0
160,709,39.32541733,35.55250296,27.97864,120.71467,27.97153,120.73361,10,962,0
603,647,9.716974849,-42.20238489,27.97164,120.62661,27.9749,120.63133,8,525,0
1007,1549,18.87547727,28.09406425,27.96558,120.68672,27.98966,120.70619,-1,0,0
772,1934,5.684544787,-7.45996848,28.05187,120.61117,28.046363,120.62567,7,58,0
331,1708,-34.30392521,-9.352277311,28.03958,120.62042,28.02381,120.59717,-1,87,0
440,724,-9.532863963,1.050683799,28.00029,120.64716,27.99279,120.64931,3,2,0
1441,2197,-43.71506837,-16.69764589,28.04381,120.65767,28.04449,120.62163,7,102,0
770,890,38.47112776,-23.58430521,27.921591,120.704296,27.92123,120.70681,3,40,0
541,1749,13.6847835,-49.05421278,27.96193,120.60948,27.97581,120.57281,-1,200,0
600,606,-36.58510471,24.60327257,28.00892,120.64776,28.004829,120.6409,3,216,0
59,2832,73.4355742,6.099532797,27.90238,120.80278,27.8881,120.80006,6,1302,0
160,866,37.27930939,33.71451521,27.97864,120.71467,27.97155,120.73972,10,175,0
340,608,-3.594289779,52.83042782,27.99961,120.68514,27.99367,120.69233,4,13,0
2,669,-21.06654084,-4.774453123,28.00506,120.63866,28.01255,120.63174,-1,92,0
437,773,-7.301351458,41.23586575,27.98847,120.666286,27.989406,120.673557,4,139,0
1258,2939,-19.12500707,11.47885266,28.011,120.654,28.011397,120.653141,3,72,0
1194,1348,28.02397726,-20.44955908,27.9573,120.67705,27.92776,120.69408,-1,2,0
1376,1800,32.89839475,37.47163488,27.99176,120.72451,27.987621,120.722773,7,361,0
775,2063,36.76316751,-42.33905653,27.9189,120.64478,27.90108,120.68568,3,39,0
1081,2236,-6.924825706,11.35990455,27.997963,120.659738,27.9946,120.674,-1,64,0
257,865,-38.66536439,-47.49463976,28.076984,120.602335,28.0464,120.604,-1,83,0
384,2914,-48.611203,7.236250159,28.01405,120.63301,28.01922,120.64427,-1,417,0
668,677,-35.07045218,-23.2957058,28.0105,120.60976,28.040628,120.619569,-1,0,0
850,1879,-0.399163978,35.78177454,27.99186,120.67498,27.999526,120.680665,4,11,0
1830,1900,-12.1627193,-49.54153863,28.0362,120.58118,28.06605,120.58485,9,79,0
98,2334,0.21001687,-12.80759903,27.996306,120.644374,27.98855,120.64216,-1,21,0
2190,2819,8.546125819,17.70994664,27.98235,120.67423,27.98575,120.68281,-1,17,0
920,2096,8.65008344,-31.33580857,27.94553,120.6091,27.97745,120.61375,-1,2,0
647,2319,7.975481549,-40.43800209,27.9749,120.63133,27.97631,120.60491,8,13,0
646,802,-11.74115148,29.04495112,28.02101,120.67872,28.01624,120.67802,3,4,0
405,633,11.47546794,22.49458708,27.989232,120.680662,27.98491,120.70392,4,19,0
1502,1947,2.640241898,14.70524943,27.991292,120.664871,27.98803,120.67876,4,27,0
461,1296,70.22973848,4.156674094,27.8974,120.81737,27.89897,120.79855,6,98,0
1534,2792,-14.40038527,32.05980044,28.017189,120.678534,28.02302,120.66759,3,62,0
803,1958,-39.61754551,14.13353578,28.02715,120.65114,28.01842,120.65967,-1,65,0
3,653,-16.87964666,-46.94175972,28.03927,120.5877,28.03924,120.56603,9,109,0
565,619,-25.65519775,28.28002202,28.00841,120.66454,28.01319,120.65921,3,72,0
358,2154,47.56632243,21.64256596,27.96854,120.74135,27.96748,120.75293,10,2065,0
1424,1881,-17.47428489,-26.92739685,28.02108,120.60101,28.01337,120.59429,3,25,0
2048,2594,-39.56767984,-55.83590315,28.07875,120.58356,28.08581,120.59066,9,1128,0
714,2318,-36.57981078,11.51515023,28.02373,120.65221,28.0217,120.647,-1,67,0
60,2946,71.30817858,1.650061683,27.89629,120.80392,27.91587,120.81258,6,217,0
1022,1718,27.64289492,52.70217806,27.99539,120.7173,28.001831,120.717278,7,315,0
27,2367,14.87121068,58.80845561,28.00949,120.71444,28.008302,120.718349,7,249,0
167,2757,51.29624317,-4.870895066,27.94045,120.7928,27.95417,120.82421,-1,15,0
1837,2534,-0.699543187,-22.55960198,27.98603,120.63754,27.986553,120.628013,8,76,0
633,2214,25.62495308,45.43530924,27.98491,120.70392,27.9598,120.68203,-1,0,0
662,1286,-23.8771323,6.101555582,28.011023,120.643553,28.01117,120.65006,3,8,0
850,2180,-7.33235683,8.773794647,27.99186,120.67498,27.98333,120.65125,-1,4,0
2294,2421,-30.16966197,8.097317683,28.017358,120.65303,28.014321,120.650131,3,0,0
464,1204,12.22821296,-29.3366683,27.9659,120.64111,27.94777,120.6125,-1,247,0
462,973,35.57245695,-26.28345246,27.92121,120.70312,27.93169,120.70193,3,109,0
41,2351,16.29439573,-41.1959665,27.95746,120.61208,27.95215,120.60432,10,2968,0
623,1698,19.39016726,-6.403669128,27.94373,120.68649,27.95861,120.665556,5,38,0
77,178,-36.40340809,26.86520897,28.00743,120.64853,28.01444,120.65108,3,203,0
541,1764,14.22253391,-43.52982821,27.96193,120.60948,27.96875,120.60619,-1,3954,0
2750,2804,-12.92068365,32.74657787,28.00455,120.70115,28.02126,120.68452,7,11,0
1005,1840,-31.3805748,32.43616582,28.00628,120.65332,27.9981,120.6541,3,87,0
1283,1799,2.432437292,37.3386935,27.992019,120.689101,27.99461,120.68409,4,31,0
48,1960,-22.07052944,38.53982377,28.01947,120.67661,28.02089,120.67732,3,97,0
386,1758,-3.147737497,37.60394917,27.99487,120.67969,27.99447,120.68038,4,165,0
2528,2890,-30.79263369,-0.965562396,28.023744,120.653645,28.02424,120.6348,-1,14,0
1956,2957,29.85856937,25.75616706,27.96946,120.72066,27.9672,120.7319,10,188,0
2847,2887,-19.44682647,-56.73590174,28.041041,120.588459,28.04609,120.57533,9,289,0
1204,1837,1.139772679,-21.10002475,27.94777,120.6125,27.98603,120.63754,-1,2,0
280,1151,-39.96829224,-56.80145337,28.07993,120.58958,28.082463,120.58878,9,16481,0
755,1844,44.72372952,-19.29497873,27.928,120.698,27.92562,120.70294,3,905,0
672,2668,19.13692272,-43.24414317,27.96719,120.59359,27.94903,120.59549,-1,101,0
925,1255,-13.71589932,40.30201624,28.00554,120.66603,27.9997,120.67055,3,37,0
1014,1400,-24.75060723,-20.45663552,28.0197,120.61522,28.01833,120.60806,3,67,0
599,2142,22.06575156,27.10780601,27.97321,120.72684,27.98684,120.71242,-1,50,0
118,1460,1.963438284,-21.16080634,27.985061,120.633096,27.985304,120.632788,8,2,0
2236,2767,-4.850151995,-5.215241115,27.9946,120.674,28.00293,120.64916,-1,5,0
1560,1654,-31.29444824,-32.47956722,28.034241,120.588717,28.02792,120.60131,-1,53,0
40,1295,31.73068603,-50.79356089,27.85902,120.65677,27.87791,120.67133,3,329,0
644,1347,-40.61302703,32.17883097,28.01278,120.65944,28.01058,120.65406,3,1871,0
319,1141,23.3038829,-17.21418502,27.93831,120.66539,27.933084,120.674452,5,632,0
1565,1605,-36.51613813,-8.492986487,28.03749,120.6251,28.01353,120.6398,-1,23,0
1938,1958,-45.69635335,30.864114,28.01832,120.65141,28.01842,120.65967,3,436,0
160,1386,21.31637671,23.10019255,27.97864,120.71467,27.98557,120.68544,-1,29,0
629,2200,-68.25853466,16.75829754,28.0608,120.676028,28.03746,120.65611,7,519,0
229,857,66.18250913,-6.128365641,27.93122,120.80706,27.93632,120.80777,6,171,0
2718,2853,15.09977177,-32.60110445,27.94477,120.59481,27.97599,120.59211,-1,13,0
412,2325,35.01118599,-37.87395887,27.91108,120.67813,27.91782,120.69607,3,29,0
1511,2545,39.0275978,32.72612674,27.97302,120.73654,27.977701,120.73082,10,98,0
1607,2399,21.11962754,-40.89754597,27.95079,120.59932,27.951096,120.598666,10,8640,0
1414,1724,11.62081532,52.50619264,28.00204,120.70609,28.00258,120.70728,7,205,0
627,1596,-42.163791,6.975999536,28.0494,120.66193,28.027266,120.655901,7,2,0
239,1307,23.47925507,15.14377681,28.03887,120.7934,28.0772,120.805,2,29,0
1191,2523,13.06976737,-32.57203282,27.95227,120.64535,27.95223,120.62989,5,0,0
1999,2302,35.19647868,-27.40445595,27.91395,120.70028,27.92002,120.70535,3,144,0
1415,2415,-26.90953669,2.935756007,28.01447,120.64201,28.02,120.655,3,33,0
1448,2663,31.23803483,53.89298642,27.99567,120.715,27.99627,120.72691,7,564,0
64,1082,-24.35741597,14.45171271,28.01276,120.65434,28.016688,120.655528,3,54,0
1469,1697,53.64567876,-0.794582566,27.93568,120.7957,27.93044,120.81856,6,79,0
1401,2433,-15.51537141,21.03580782,28.01999,120.65209,28.02202,120.66394,3,17,0
609,814,-38.96080538,-24.35307493,28.02096,120.62016,28.06065,120.61145,-1,37,0
182,2746,-31.94264111,-18.63352277,28.01939,120.61656,28.03863,120.61579,-1,0,0
414,2185,15.33943518,-35.69480602,27.96162,120.59686,27.97251,120.60263,-1,372,0
522,1311,10.25119977,-32.67418144,27.95536,120.60011,27.98966,120.57449,-1,4,0
42,1977,2.235129645,23.07065437,28.0014,120.65569,27.99753,120.67522,-1,25,0
98,2428,1.459131223,4.145989888,27.996306,120.644374,27.98819,120.6531,-1,0,0
143,2379,-68.26974669,7.356755789,28.04546,120.65895,28.04982,120.6511,7,3009,0
116,1974,24.24886079,15.41852179,28.06043,120.80995,28.04339,120.81815,2,15,0
2452,2767,-37.4934666,35.53948069,28.0105,120.66068,28.00293,120.64916,3,18,0
2074,2624,22.20075244,29.38018753,27.986124,120.709577,27.97603,120.71773,-1,100,0
813,1094,-23.10671829,-23.97364515,28.01833,120.607999,28.01845,120.59962,3,485,0
1167,2009,-56.86104356,2.967401455,28.03274,120.64129,28.04976,120.647462,7,5,0
318,1885,11.06587837,-23.48245907,27.97271,120.64743,27.96887,120.61609,-1,0,0
135,1033,-19.58391635,-12.76335709,27.9974,120.622,28.007951,120.626328,4,16,0
1033,1713,-50.63614232,-8.538881147,28.007951,120.626328,28.01567,120.62619,4,169,0
878,1782,2.517730979,55.53365632,28.000355,120.697765,27.997236,120.700653,7,1692,0
384,2499,-24.83887805,4.139174848,28.01405,120.63301,28.01676,120.64573,-1,30,0
703,2549,4.381868899,-51.73840427,27.99417,120.59982,27.98841,120.58255,8,122,0
475,2715,4.981492042,-22.40098918,27.98226,120.62389,27.99435,120.66326,-1,2,0
202,2767,-34.92953613,31.82766299,28.0087,120.65515,28.00293,120.64916,3,221,0
19,1947,15.59255101,15.58227072,27.98443,120.66958,27.98803,120.67876,4,173,0
515,2228,15.96066117,-28.66413487,27.96781,120.62801,27.94986,120.5872,-1,23,0
54,813,-24.71861701,-18.56815615,28.018598,120.620672,28.01833,120.607999,-1,4,0
746,755,39.02112781,-14.9553777,27.94545,120.66986,27.928,120.698,-1,35,0
1499,2670,6.501128095,31.93842021,28.00636,120.69525,28.004123,120.680295,-1,5,0
422,529,-21.36369744,46.97232998,28.00525,120.70299,28.01174,120.68077,-1,32,0
59,1305,51.76688568,5.973225935,27.90238,120.80278,27.92668,120.81126,6,18,0
1238,1515,-16.35742575,12.91101449,28.00439,120.65275,28.01034,120.65781,3,74,0
198,489,-1.791732688,23.66980832,27.99428,120.679324,27.99167,120.67799,4,53,0
1489,1728,29.76891711,-50.39955206,27.861,120.67971,27.85412,120.66711,3,124,0
1717,1848,10.14275382,-38.59557954,27.99375,120.61713,27.96164,120.66747,-1,2,0
1213,1851,21.26471717,5.171017414,27.97513,120.69553,27.980051,120.702261,-1,25,0
608,2232,12.97986716,30.26287204,27.99367,120.69233,27.99607,120.71016,-1,95,0
1966,1995,6.287992489,-54.09563298,27.99619,120.58337,27.98625,120.5825,8,267,0
1329,1596,-36.13783606,7.514139988,28.02655,120.65947,28.027266,120.655901,7,37,0
19,1092,4.770584257,-0.168963105,27.98443,120.66958,27.96187,120.66042,-1,26,0
1293,2537,62.57861141,-3.444436693,27.93743,120.83414,27.92328,120.80462,6,39,0
1214,2316,-28.32067345,-33.2253211,28.02798,120.6019,28.0271,120.60091,3,1513,0
2061,2074,27.29787848,42.98350961,27.98839,120.68338,27.986124,120.709577,-1,27,0
2535,2621,-22.85883815,46.48913629,28.01377,120.68309,28.01036,120.67777,-1,86,0
81,1718,13.67073983,35.19040365,28.003179,120.699031,28.001831,120.717278,7,11,0
590,2149,19.9152712,8.003639374,27.98463,120.68406,27.98472,120.69611,4,20,0
850,1761,-5.239067291,45.86294986,27.99186,120.67498,27.99851,120.67952,4,106,0
171,207,-10.21507046,2.798975401,28.00072,120.63977,27.99871,120.65225,3,16,0
418,2721,37.16092306,-22.56344877,27.925833,120.705277,27.92299,120.70473,3,23,0
1727,2223,62.6878865,-13.34322162,27.91218,120.83617,27.922663,120.824735,6,116,0
446,2420,4.770870369,-45.82276329,27.98581,120.61459,27.98362,120.61785,8,7822,0
1090,1749,0.621695845,-38.44466122,27.92639,120.56111,27.97581,120.57281,-1,35,0
907,1272,32.25687924,29.56006547,27.9842,120.72674,27.98589,120.73098,-1,0,0
1230,1510,-34.37273378,-10.83938375,28.02816,120.65689,28.023269,120.632426,7,9,0
283,358,38.89071597,29.90881206,27.98338,120.744,27.96854,120.74135,10,145,0
728,1767,1.221293942,6.160748518,27.98895,120.65771,27.97914,120.65482,-1,412,0
1759,1926,-23.83765545,45.5617524,28.018481,120.682668,28.01239,120.67322,3,96,0
1578,1612,7.400813002,-53.9237237,27.97058,120.5853,27.9938,120.57017,8,39,0
1067,1980,18.21795331,6.37729351,27.974212,120.684207,27.9546,120.667,5,9,0
273,745,-60.96130399,2.128039854,28.02613,120.64691,28.04541,120.65027,7,27,0
1290,2169,2.399500454,56.80672866,28.003203,120.691994,28.002851,120.698951,7,147,0
2956,2958,30.54272523,15.18982825,28.01751,120.79482,28.01508,120.78821,2,446,0
1162,1691,-36.21607725,40.96856533,28.01597,120.66415,28.01519,120.66268,3,209,0
155,842,62.07355175,7.243278711,27.90066,120.82456,27.90945,120.81881,6,43,0
2396,2926,-49.62228576,-28.24518895,28.03985,120.62173,28.04361,120.61806,7,97,0
1218,1260,64.52795148,-12.93212292,27.91539,120.8198,27.91444,120.83278,6,796,0
1500,2926,-47.84077578,-27.10490577,28.05006,120.62061,28.04361,120.61806,7,80,0
1105,1423,-23.11596443,3.695584562,28.00791,120.64843,28.0149,120.64587,3,24,0
1520,2297,40.38575727,-23.22601324,27.92287,120.7033,27.92659,120.71116,3,106,0
836,1654,-28.37780877,-32.31809485,28.02242,120.60801,28.02792,120.60131,3,31,0
287,1848,1.023481022,-15.52050945,27.986822,120.630326,27.96164,120.66747,-1,0,0
2408,2864,43.79698233,18.24053793,27.97638,120.75557,27.9665,120.76112,10,62,0
1535,2816,-56.83295813,-3.190075675,28.03768,120.63277,28.04411,120.63996,7,117,0
1764,1965,15.93333721,-29.13779456,27.96875,120.60619,27.94943,120.58007,-1,176,0
1582,2149,17.82860508,4.941795851,27.96936,120.67444,27.98472,120.69611,-1,59,0
859,1496,20.70683664,1.175738321,27.95386,120.68203,27.97767,120.70127,-1,27,0
1673,1923,-15.43833204,1.471713206,28.00217,120.64577,27.99631,120.64437,3,92,0
591,2881,17.31251233,53.76999769,28.008214,120.716163,28.00606,120.714808,7,77,0
1187,1576,10.36819275,-27.53521873,27.96331,120.66311,27.970529,120.613192,-1,0,0
573,1788,-10.77504129,30.46696404,28.014374,120.672952,28.02779,120.65438,-1,7,0
26,2272,34.65060291,-43.14118611,27.91714,120.66023,27.91974,120.69145,3,7,0
281,535,50.00737494,-0.842607311,27.94397,120.77876,27.96456,120.79906,2,2,0
1061,1408,46.42243293,-25.11107195,27.92415,120.70545,27.92298,120.7071,3,6063,0
143,2622,-69.55229218,8.020110576,28.04546,120.65895,28.0547,120.64565,7,193,0
384,669,-48.60117977,-6.783661329,28.01405,120.63301,28.01255,120.63174,4,20071,0
1082,2417,-22.75527632,20.05952384,28.016688,120.655528,28.01324,120.6611,3,57,0
2185,2549,6.948828789,-50.87160023,27.97251,120.60263,27.98841,120.58255,8,27,0
705,1653,-5.215721558,0.00506113,28.00227,120.63088,28.00714,120.65555,3,4,0
332,2099,7.223870828,23.28459453,28.00341,120.68731,27.99084,120.68506,4,31,0
1166,2668,17.1432715,-42.52144564,27.95794,120.60138,27.94903,120.59549,10,270,0
1828,2137,-44.03045566,-15.25289122,28.039716,120.651201,28.04852,120.65349,7,11,0
980,1761,2.645412488,23.14041956,27.99716,120.67088,27.99851,120.67952,4,75,0
534,1391,29.91998496,-11.37828954,27.93767,120.66978,27.95467,120.69939,-1,17,0
1515,2762,-13.41370751,20.4317091,28.01034,120.65781,28.01919,120.67036,3,40,0
1415,2617,-26.30879131,3.04313368,28.01447,120.64201,28.02136,120.65561,3,19,0
2869,2890,-34.77002638,-0.749542411,28.025565,120.639291,28.02424,120.6348,-1,4,0
1365,1956,29.94628105,29.7791198,27.982061,120.727042,27.96946,120.72066,-1,47,0
1956,2142,22.07590163,27.6310553,27.96946,120.72066,27.98684,120.71242,-1,41,0
1526,1718,24.95987521,36.33817897,27.98884,120.71605,28.001831,120.717278,7,49,0
1506,2658,-32.34550803,-14.72708705,28.02799,120.66168,28.023438,120.62652,7,7,0
779,949,-23.88262741,-46.38320936,28.03387,120.594038,28.042263,120.582178,9,46,0
257,1331,-43.63561173,-48.60832034,28.076984,120.602335,28.07361,120.61293,9,3533,0
1263,1478,-11.61537543,30.14797005,28.02077,120.6738,28.02333,120.63639,-1,0,0
1974,2286,30.4958953,11.10637203,28.04339,120.81815,28.06047,120.84031,2,98,0
364,1626,-9.167038863,-32.19191031,28.01704,120.5833,28.01389,120.60169,-1,8,0
1284,2005,34.18613452,-6.662923897,27.94439,120.71319,27.92325,120.6878,-1,55,0
1289,1936,-25.03854177,14.76557234,28.0114,120.65314,28.0164,120.657,3,23,0
1455,2379,-58.17844856,-12.17980991,28.03905,120.62757,28.04982,120.6511,7,377,0
298,2000,38.53741504,-25.98525949,27.92054,120.70164,27.92247,120.70628,3,211,0
1105,1958,-27.57867154,17.91916274,28.00791,120.64843,28.01842,120.65967,3,177,0
553,2446,-14.17191263,42.27691519,27.999,120.66,27.98763,120.66308,-1,23,0
58,252,34.78669809,29.60983252,27.97969,120.74181,27.9874,120.73534,10,80,0
1544,1989,52.04848979,-6.173319321,27.94688,120.81569,27.93336,120.81773,6,5,0
379,611,71.13885748,14.27360923,27.87831,120.82092,27.867358,120.820794,6,51,0
2420,2703,-6.457370335,-20.66747931,27.98362,120.61785,27.99103,120.63464,8,115,0
54,1428,-45.04354013,-6.708163622,28.018598,120.620672,28.02259,120.62662,-1,219,0
769,2089,6.458058922,2.092689202,27.97575,120.65879,27.970224,120.651685,5,32,0
46,227,-59.01725244,-19.61471169,28.04917,120.61056,28.05333,120.63083,7,2079,0
130,2380,34.88226727,-47.1167409,27.90369,120.65562,27.87032,120.66347,3,408,0
815,1560,-15.07144694,-42.57841332,28.022225,120.579329,28.034241,120.588717,9,75,0
1241,1401,-27.38025121,19.16350686,28.01972,120.656976,28.01999,120.65209,3,82,0
1969,2053,-9.892053809,-7.589001187,28.00303,120.63895,28.01003,120.63016,-1,25,0
864,1744,-19.57446792,-51.76616072,28.03948,120.56891,28.049438,120.581163,9,102,0
1276,1643,8.175136302,-34.51334138,28.00066,120.58221,27.98054,120.61279,8,46,0
1038,2703,-7.148512614,-19.34621485,27.9897,120.63813,27.99103,120.63464,8,636,0
2274,2303,62.82643648,11.61458421,27.87983,120.81482,27.90821,120.80227,6,23,0
691,2150,-34.93692099,-34.29786104,28.05782,120.58736,27.99711,120.58895,-1,16,0
692,1208,11.62911207,53.88688946,28.00622,120.6991,28.006628,120.70461,7,255,0
502,1267,7.413308485,-5.031184864,27.975415,120.651576,27.969489,120.657672,5,14,0
1772,1900,-18.58474958,-30.86299021,28.02618,120.60498,28.06605,120.58485,-1,17,0
147,734,-19.10371331,-21.83043873,28.01625,120.60085,28.01097,120.60609,3,97,0
1796,2656,-35.79750275,7.690407174,28.04071,120.63988,28.024797,120.649708,7,25,0
779,1510,-43.07513724,-2.943355432,28.03387,120.594038,28.023269,120.632426,-1,14,0
176,2568,-36.50365607,-30.72857785,28.02521,120.6105,28.04901,120.58582,-1,0,0
758,868,-6.2962808,37.00976052,27.99542,120.68153,28.01279,120.66871,-1,11,0
57,1590,-15.04546878,-20.99269821,28.00954,120.61511,28.02239,120.59436,-1,38,0
475,2083,11.41094368,-31.63230527,27.98226,120.62389,27.95887,120.60962,-1,30,0
615,2282,3.274275435,17.2233864,27.99109,120.67677,27.99125,120.69051,4,0,0
647,1125,3.178005644,-23.28671558,27.9749,120.63133,27.987701,120.628236,8,19,0
1229,2263,-17.59594916,13.19228137,28.01112,120.65735,28.00726,120.65848,3,123,0
1923,2788,0.899869367,-12.89513123,27.99631,120.64437,27.96243,120.65546,-1,15,0
1453,2042,-8.557842222,-4.13212567,27.99832,120.6366,28.00136,120.63642,3,35,0
797,1070,33.93437348,21.41465788,27.97373,120.74409,27.97374,120.7589,10,27,0
682,1605,-42.05233946,0.582062613,28.0412,120.629,28.01353,120.6398,-1,4,0
631,2790,0.13982968,-47.80845095,27.98274,120.56357,27.99273,120.60679,8,74,0
108,659,10.63653177,-52.10327221,27.98228,120.5774,27.98025,120.58452,8,272,0
677,1058,-57.99254449,-28.66911701,28.040628,120.619569,28.04752,120.63044,7,1436,0
1173,2724,-18.66361837,13.7885612,28.01246,120.65751,28.012221,120.657545,3,0,0
638,2096,6.585756444,-35.11784212,27.99736,120.62159,27.97745,120.61375,8,47,0
1575,2816,-59.51130916,2.856753022,28.03973,120.6399,28.04411,120.63996,7,195,0
1082,2493,-44.35926052,29.59406599,28.016688,120.655528,28.01736,120.65303,3,144,0
566,1290,-0.781093312,56.95611141,28.0085,120.68531,28.003203,120.691994,-1,106,0
188,341,-3.295746155,-18.40746599,27.97988,120.63103,27.98975,120.64468,8,278,0
2355,2894,-15.90231693,26.07490424,28.02099,120.66672,28.01941,120.67004,3,19,0
2057,2413,64.88324802,20.55898125,27.86515,120.79611,27.85882,120.79137,6,16,0
263,2703,0.747907081,-22.32028549,27.988147,120.628893,27.99103,120.63464,8,28,0
271,685,17.71469046,-48.13709921,27.956794,120.567095,27.97822,120.56591,-1,33,0
318,1206,9.746599814,-14.49809421,27.97271,120.64743,27.95921,120.65553,5,28,0
221,1422,18.22675924,51.67957103,28.00742,120.71768,28.00506,120.71172,7,112,0
841,1416,-39.57951613,27.3006825,28.0171,120.63698,28.01137,120.64581,3,359,0
149,1546,-25.49043537,23.33327243,28.01646,120.65935,28.014012,120.66431,3,36,0
1893,2793,39.01349097,35.26553378,27.97148,120.72848,27.96841,120.73048,10,210,0
1119,2963,-0.503863616,-27.67997584,27.98495,120.62353,27.98802,120.61588,8,336,0
1167,2213,-59.11417982,0.565162509,28.03274,120.64129,28.0397,120.63304,7,40,0
925,1380,-2.998528767,26.5306555,28.00554,120.66603,28.00675,120.68244,-1,4,0
202,2109,-31.16814463,26.20403379,28.0087,120.65515,28.01345,120.65446,3,63,0
566,2561,-6.295519971,56.02787757,28.0085,120.68531,28.00155,120.68023,4,111,0
1557,1763,54.80579815,5.740604649,27.90165,120.81193,27.92159,120.82161,6,0,0
1563,2967,35.45464548,-22.54872492,27.92204,120.69661,27.92614,120.70507,3,71,0
89,2012,-45.68681662,17.8343841,28.0164,120.65703,28.02392,120.644412,3,162,0
1944,2387,15.96570823,-50.21529611,27.97112,120.57378,27.9665,120.57004,8,3388,0
372,935,-0.183110648,31.04381846,27.99629,120.68028,27.97987,120.68111,4,7,0
415,2968,-46.45154931,16.06901279,28.01975,120.65219,28.02802,120.6546,-1,46,0
1369,2149,10.90353467,13.68013633,27.98473,120.6773,27.98472,120.69611,4,0,0
1980,2237,19.76118903,-9.022859739,27.9546,120.667,27.92797,120.69797,-1,2,0
924,1441,-43.81883065,-13.40091112,28.03883,120.63972,28.04381,120.65767,7,0,0
109,2938,-21.19258215,-40.01330567,28.03316,120.59087,28.02158,120.59654,-1,52,0
670,1572,-27.46262267,-27.00926275,28.026927,120.60664,28.02693,120.60664,3,725,0
1424,1913,-25.85433429,-27.73969512,28.02108,120.60101,28.02588,120.60418,3,322,0
1391,2842,25.19067304,2.79475898,27.95467,120.69939,27.98853,120.69743,-1,37,0
1285,2200,-38.63782429,-15.47062579,28.04108,120.61641,28.03746,120.65611,7,32,0
2162,2881,19.16538607,43.85371652,27.99836,120.72046,28.00606,120.714808,7,4,0
1286,2617,-25.34005046,13.19425833,28.01117,120.65006,28.02136,120.65561,3,50,0
870,2765,40.09206577,13.6537893,27.99111,120.78113,27.99898,120.82573,-1,6,0
1055,2966,74.03897053,5.046704055,27.89321,120.79688,27.90319,120.81717,6,436,0
182,1159,-26.5270583,-20.23604937,28.01939,120.61656,28.02791,120.59925,3,106,0
936,1115,-25.31947345,-11.08292088,28.02145,120.63334,28.01941,120.61672,3,0,0
1843,1855,13.06837933,16.21066884,27.983923,120.680378,27.98606,120.67631,4,224,0
314,524,34.82732638,27.16841219,27.97965,120.74458,27.98139,120.7382,10,9,0
89,803,-61.56248799,-0.495429449,28.0164,120.65703,28.02715,120.65114,-1,325,0
273,1351,-59.26550743,3.898368259,28.02613,120.64691,28.04387,120.63355,7,94,0
982,2472,68.38743459,19.64498257,27.87452,120.79789,27.86229,120.80734,6,430,0
257,2816,-37.94566698,-12.01773842,28.076984,120.602335,28.04411,120.63996,-1,8,0
409,1129,48.96694915,5.207763222,27.95855,120.75661,27.91593,120.8267,-1,9,0
268,1837,-6.330938156,10.67195599,28.002086,120.662539,27.98603,120.63754,-1,2,0
2433,2501,-27.78715845,23.13553555,28.02202,120.66394,28.02007,120.6623,3,82,0
49,1089,-9.233459091,-46.56873165,28.02104,120.58411,28.02804,120.57818,9,1729,0
2422,2757,53.75483408,-9.559997215,27.93079,120.82979,27.95417,120.82421,6,125,0
86,2117,-28.89269564,14.44261612,28.01563,120.65181,28.0167,120.6534,3,88,0
1522,2142,24.46208156,30.1468745,27.987423,120.723357,27.98684,120.71242,7,4,0
153,2431,-22.64639856,-1.045482163,28.00858,120.63748,28.0053,120.633,3,59,0
309,794,20.98082527,-43.42375313,27.95804,120.59516,27.96834,120.57402,-1,188,0
1865,1911,38.38448257,33.40495222,27.97506,120.73909,27.97773,120.72673,10,199,0
439,1286,-24.31523583,6.062747971,28.02332,120.64816,28.01117,120.65006,3,18,0
414,1876,18.60279137,-43.0522522,27.96162,120.59686,27.954186,120.587915,10,655,0
1796,1981,-39.94691071,-12.13317542,28.04071,120.63988,28.04382,120.61146,7,25,0
1885,2319,12.24138266,-43.04982667,27.96887,120.61609,27.97631,120.60491,8,101,0
387,2438,-15.92032064,-46.42193377,28.0246,120.58292,28.04073,120.58623,9,9,0
55,1905,30.47103538,-52.4811056,27.85781,120.66563,27.86345,120.67392,3,7136,0
461,2946,67.51576315,3.012840769,27.8974,120.81737,27.91587,120.81258,6,19,0
684,2398,30.66379935,-40.20832307,27.88258,120.62827,27.923249,120.687804,3,46,0
1422,1457,20.73614992,44.85028546,28.00506,120.71172,27.99566,120.715,7,68,0
529,727,3.168719849,61.4963791,28.01174,120.68077,28.00933,120.69355,-1,84,0
868,1691,-23.06562014,25.30634791,28.01279,120.66871,28.01519,120.66268,3,37,0
621,1684,3.231546974,-46.20759034,27.98848,120.61075,27.98796,120.61592,8,12187,0
1731,1969,-17.04150053,-2.391134977,28.00652,120.64463,28.00303,120.63895,3,306,0
490,1306,-6.131938129,-13.07954565,28.00307,120.6298,27.99383,120.62833,-1,45,0
98,2281,-8.906755412,-2.230633665,27.996306,120.644374,28.00143,120.63625,3,23,0
1351,2483,-35.81488532,-10.99090944,28.04387,120.63355,28.02455,120.61196,-1,4,0
77,1100,-25.44240975,4.059113899,28.00743,120.64853,28.00741,120.61911,-1,0,0
2255,2742,-6.212071005,49.98300534,27.99861,120.67972,27.99959,120.67971,4,11,0
436,467,-6.642406606,22.54856463,28.01004,120.66769,28.012398,120.68848,-1,18,0
1216,2272,38.85656297,-31.00569714,27.91978,120.70622,27.91974,120.69145,3,239,0
1155,2966,3.646474067,-5.391280152,27.9164,120.82583,27.90319,120.81717,6,2,0
694,1904,-22.14431194,48.73336163,28.015,120.686,28.01361,120.68305,7,726,0
1259,1673,-12.85117628,-1.852356324,28.00517,120.6494,28.00217,120.64577,3,191,0
1515,2968,-37.67437325,32.83213884,28.01034,120.65781,28.02802,120.6546,-1,8,0
319,2021,27.62960091,-18.02247743,27.93831,120.66539,27.92043,120.68424,-1,7,0
1380,2427,-8.820564997,53.1323428,28.00675,120.68244,28.0086,120.6772,4,455,0
883,1022,15.56212872,31.84008295,27.99238,120.73064,27.99539,120.7173,7,14,0
1108,2297,46.83541005,-26.36804177,27.924685,120.69711,27.92659,120.71116,3,760,0
1351,2746,-53.1671238,-25.52014909,28.04387,120.63355,28.03863,120.61579,7,143,0
1052,2479,40.88205354,3.569494848,27.97486,120.72843,27.95756,120.72822,10,55,0
257,2602,-37.20775556,-49.65301822,28.076984,120.602335,28.041463,120.586511,9,66,0
906,2127,2.554681621,15.47704784,28.01211,120.69386,27.98869,120.6726,-1,42,0
1169,1913,-18.34485319,-25.90777754,28.01606,120.6036,28.02588,120.60418,3,48,0
966,1041,59.02780939,4.945402619,27.918388,120.823666,27.909,120.82147,6,53,0
421,2033,63.49216989,-9.546281119,27.91626,120.8268,27.9196,120.81824,6,368,0
1501,1560,-43.15659787,-31.68450979,28.05557,120.61784,28.034241,120.588717,-1,51,0
1003,2627,30.70009555,12.94786228,28.01839,120.82983,28.01826,120.7953,2,61,0
924,1743,-58.67315635,3.417134472,28.03883,120.63972,28.02983,120.63357,7,8,0
382,1030,-50.87609489,19.91717497,28.01967,120.6623,28.02341,120.66131,3,198,0
54,1416,-26.93541067,-11.08783044,28.018598,120.620672,28.01137,120.64581,-1,10,0
412,2418,25.79760832,-19.42546508,27.91108,120.67813,27.93672,120.67951,-1,43,0
1612,2541,2.210910358,-53.43560434,27.9938,120.57017,27.99417,120.59987,8,320,0
221,2556,23.37402556,53.2864723,28.00742,120.71768,28.00322,120.7122,7,612,0
273,1273,-54.66775529,3.610249304,28.02613,120.64691,28.02347,120.61544,-1,60,0
1347,1443,-13.76969698,25.6626786,28.01058,120.65406,28.02212,120.67074,3,51,0
1528,1779,-24.26405112,4.214261472,28.01484,120.64575,28.01179,120.65261,3,41,0
1123,1582,13.01848181,-24.60940832,27.96552,120.64757,27.96936,120.67444,5,7,0
232,604,-18.16233317,-27.22332755,28.0199,120.59592,28.015777,120.594444,3,201,0
923,1500,-55.5782674,-19.47889649,28.06101,120.62576,28.05006,120.62061,7,338,0
131,373,-33.63636205,-53.37357605,28.09088,120.555876,28.09339,120.55599,9,93,0
1098,2407,-51.86635584,-20.12475009,28.0475,120.62333,28.06561,120.63194,7,333,0
2241,2959,26.87617164,48.1670766,27.98751,120.72346,27.996193,120.708797,7,178,0
815,2602,-14.76733489,-43.06840523,28.022225,120.579329,28.041463,120.586511,9,14,0
2190,2788,10.20830086,7.764990117,27.98235,120.67423,27.96243,120.65546,5,38,0
1432,2467,-35.13217345,-5.812316375,28.00892,120.62295,28.025613,120.638246,-1,8,0
1472,1591,15.49020723,28.7475025,27.99188,120.69412,28.00528,120.70899,-1,0,0
577,2391,30.15779978,11.65518207,28.018317,120.838836,28.034242,120.80361,2,5,0
1441,2213,-61.47005184,8.952740965,28.04381,120.65767,28.0397,120.63304,7,171,0
682,803,-43.69115792,6.963844725,28.0412,120.629,28.02715,120.65114,7,25,0
606,726,-11.66966353,0.048755859,28.004829,120.6409,28.00074,120.64324,3,76,0
1602,1999,41.94333246,-32.28995382,27.91457,120.70609,27.91395,120.70028,3,7166,0
49,2290,-9.716611133,-32.97978446,28.02104,120.58411,28.01109,120.5954,-1,92,0
1771,2931,5.710030817,36.28679848,27.99855,120.69275,27.998552,120.692752,4,6,0
1108,2000,44.4973497,-21.86604278,27.924685,120.69711,27.92247,120.70628,3,387,0
213,2914,-48.18419407,6.420516914,28.01009,120.63564,28.01922,120.64427,3,112,0
19,850,-7.906629947,41.03564079,27.98443,120.66958,27.99186,120.67498,4,66,0
104,2575,-23.18075916,-34.01386501,28.0211,120.601,28.02926,120.59028,-1,64,0
2632,2811,17.68865911,51.91376486,28.0072,120.71529,28.00595,120.72062,7,375,0
1989,2496,62.06855215,-5.463062281,27.93336,120.81773,27.94412,120.76969,-1,173,0
1563,2250,45.65848557,-34.31660177,27.92204,120.69661,27.92446,120.6923,3,3362,0
534,1102,14.9869423,-10.41045067,27.93767,120.66978,27.95246,120.64545,5,0,0
2198,2816,-37.56766608,-5.983981004,28.01139,120.622331,28.04411,120.63996,-1,0,0
698,1465,-37.53956871,-51.83408417,28.07126,120.60869,28.090984,120.588938,9,23,0
1796,2879,-63.60531641,1.22189521,28.04071,120.63988,28.040077,120.644167,7,1155,0
2316,2609,-17.32503729,-28.7735576,28.0271,120.60091,28.01418,120.59753,3,169,0
870,1456,42.89268784,12.57489907,27.99111,120.78113,27.9905,120.76564,10,461,0
1007,2298,17.48611846,0.116639822,27.96558,120.68672,27.92952,120.68107,5,4,0
759,2822,40.78594158,26.05521109,27.97238,120.74249,27.97743,120.73394,10,30,0
2542,2844,-22.99624761,-22.56749065,28.01903,120.61189,28.0199,120.60572,3,116,0
1388,1952,-44.46794861,21.74312542,28.01822,120.64711,28.01814,120.64798,3,572,0
994,1528,-36.88867484,17.3788929,28.01318,120.65352,28.01484,120.64575,3,141,0
2333,2456,-20.91407952,32.74526264,28.02407,120.66508,28.022125,120.670739,3,112,0
1966,2541,3.615140269,-52.6001086,27.99619,120.58337,27.99417,120.59987,8,487,0
1817,2812,-60.67040623,5.993862555,28.040399,120.645646,28.03998,120.64414,7,38,0
820,1422,13.51475983,38.78223656,28.00789,120.70721,28.00506,120.71172,7,0,0
876,2053,-46.01349244,-0.587415016,28.01851,120.63892,28.01003,120.63016,-1,21,0
576,1620,-47.11724182,-7.664373066,28.02002,120.63138,28.01578,120.62194,-1,21,0
1103,2059,3.839430616,-26.64071705,27.97694,120.62826,27.987233,120.614505,8,20,0
1357,1900,-41.10591625,-44.44829726,28.05143,120.60047,28.06605,120.58485,-1,729,0
561,1385,-44.07841987,1.357715801,28.02374,120.641626,28.05153,120.62762,-1,2,0
422,1248,7.316587785,54.47512521,28.00525,120.70299,28.002061,120.703124,7,160,0
2622,2729,-60.25066329,-15.22216143,28.0547,120.64565,28.05359,120.63947,7,8333,0
2359,2425,12.73887236,40.29900125,28.00191,120.70463,28.001305,120.717516,7,61,0
1233,2575,-15.79800435,-39.48028808,28.01428,120.58353,28.02926,120.59028,9,26,0
76,1376,27.42878234,51.31840098,27.99619,120.71034,27.99176,120.72451,7,116,0
556,2428,-0.93312087,-14.89048582,27.99014,120.62903,27.98819,120.6531,-1,4,0
2281,2942,-10.17026453,1.413661707,28.00143,120.63625,27.99994,120.64617,3,29,0
2190,2353,16.04386773,13.063505,27.98235,120.67423,27.973777,120.682079,5,431,0
362,1618,-20.06071677,-22.5540072,28.01738,120.60605,28.00977,120.60049,3,392,0
1680,2261,22.91652983,0.262981544,27.96413,120.67139,27.97054,120.68557,5,78,0
468,2834,-13.40567977,-30.90330338,28.02464,120.59155,28.00969,120.59728,3,51,0
42,1394,-4.33784146,13.90552655,28.0014,120.65569,27.99572,120.672658,-1,4,0
2729,2890,-40.50136762,-11.91708091,28.05359,120.63947,28.02424,120.6348,-1,10,0
159,2264,18.25264139,-15.07877954,27.94833,120.66804,27.95241,120.64911,5,397,0
1378,2477,44.76793001,30.4757973,27.9833,120.74401,27.98208,120.74589,10,633,0
291,331,-34.39234101,-21.2470865,28.023257,120.659016,28.03958,120.62042,-1,38,0
533,2190,5.129130418,-0.928517664,27.97788,120.66759,27.98235,120.67423,5,21,0
1293,1335,57.31706439,-8.097949929,27.93743,120.83414,27.92006,120.82563,6,55,0
2602,2816,-37.11317568,-6.581119042,28.041463,120.586511,28.04411,120.63996,-1,0,0
1590,2178,-16.16348565,-38.54547736,28.02239,120.59436,28.02937,120.59162,-1,247,0
312,1394,0.094018096,15.67196204,27.97483,120.67456,27.99572,120.672658,-1,10,0
1938,2968,-35.39125868,11.87450778,28.01832,120.65141,28.02802,120.6546,-1,17,0
878,2149,4.183150338,38.98665265,28.000355,120.697765,27.98472,120.69611,-1,37,0
575,2190,4.224711625,6.372220811,27.98117,120.66776,27.98235,120.67423,-1,479,0
1104,1723,-4.928732031,21.23212706,27.99923,120.67458,28.01437,120.67295,-1,0,0
2694,2881,14.8363477,41.71449226,28.00118,120.70197,28.00606,120.714808,7,36,0
906,1613,9.579475591,38.94769351,28.01211,120.69386,28.00291,120.69868,7,35,0
196,1441,-65.20952078,7.884496251,28.04336,120.653,28.04381,120.65767,7,75,0
188,464,16.16768003,-22.37715104,27.97988,120.63103,27.9659,120.64111,8,723,0
1682,2516,40.09557068,31.06268614,27.96568,120.73665,27.97841,120.73883,10,352,0
1544,1852,52.06605527,-3.864618937,27.94688,120.81569,27.96059,120.7497,-1,0,0
751,779,-33.83374991,-38.26056082,28.02449,120.61195,28.03387,120.594038,-1,16,0
902,1749,-0.970816582,-38.48219296,27.99381,120.57017,27.97581,120.57281,8,8,0
1308,1342,7.950287853,26.24146016,27.98404,120.68203,28.00491,120.67627,4,34,0
2366,2908,12.49258818,15.33877324,27.97973,120.67677,27.98585,120.6777,-1,21,0
1651,2803,36.54472315,26.87272725,27.97707,120.74717,27.96758,120.73351,10,25,0
574,2272,34.21035137,-12.85207949,27.93368,120.71241,27.91974,120.69145,3,67,0
2507,2816,-42.74829708,-12.90948299,28.02519,120.66642,28.04411,120.63996,-1,0,0
195,499,-56.48520174,-24.84266896,28.041109,120.62863,28.04339,120.62726,7,179,0
925,2010,4.020952523,25.71725839,28.00554,120.66603,27.99742,120.68104,-1,37,0
438,1285,-53.81708085,-28.84904879,28.03933,120.62364,28.04108,120.61641,7,503,0
149,2087,-14.88476006,21.28728067,28.01646,120.65935,28.02363,120.66164,3,20,0
117,2150,-26.13173328,-38.24816838,28.026108,120.592702,27.99711,120.58895,3,182,0
640,1373,-25.52150198,21.66636106,28.01677,120.65806,28.01793,120.66445,3,63,0
1447,1799,-4.910674163,53.40017839,28.0035,120.6833,27.99461,120.68409,4,2,0
1555,2379,-67.80497185,7.068479105,28.043798,120.657967,28.04982,120.6511,7,836,0
1276,1487,-0.784205723,-39.18212602,28.00066,120.58221,27.9731,120.55136,8,10,0
1005,1175,-32.47405212,28.43628583,28.00628,120.65332,28.00978,120.65422,3,120,0
2125,2288,12.7903799,44.44541909,28.005059,120.711717,28.014173,120.713536,7,3,0
883,2315,26.0241829,32.51614943,27.99238,120.73064,27.9939,120.72128,7,65,0
1993,2064,61.93734122,16.83333216,27.8714,120.79231,27.889525,120.804362,6,160,0
120,1169,-21.09151491,-22.43043244,28.0183,120.607999,28.01606,120.6036,3,352,0
1020,1436,24.32166072,48.97073829,28.00029,120.70357,27.996111,120.710277,7,37,0
1407,1495,11.89038829,-30.10470407,27.97235,120.62717,27.95745,120.62666,8,73,0
439,812,-45.48356905,18.81742374,28.02332,120.64816,28.01375,120.6551,3,96,0
1565,1736,-57.94172128,-4.948146411,28.03749,120.6251,28.029592,120.6244,7,300,0
72,1306,7.388160628,-33.11171157,27.97367,120.59704,27.99383,120.62833,8,0,0
1509,1601,54.06904235,-4.348277522,27.9249,120.82617,27.94796,120.8414,6,57,0
950,2103,6.030622052,-32.4554254,27.98069,120.61263,27.98211,120.59701,8,88,0
46,172,-57.27194593,-30.06260409,28.04917,120.61056,28.0428,120.62069,7,425,0
2360,2667,35.02259891,19.1235373,27.97589,120.75072,27.98624,120.73426,10,81,0
387,1560,-20.86107447,-43.54242164,28.0246,120.58292,28.034241,120.588717,9,4078,0
906,2762,-23.18590618,38.158277,28.01211,120.69386,28.01919,120.67036,-1,98,0
1412,1655,36.01621168,-26.06429329,27.92129,120.70489,27.92826,120.70156,3,35,0
758,1723,-5.825028687,24.33975005,27.99542,120.68153,28.01437,120.67295,-1,8,0
1684,2549,-1.71564379,-44.76942828,27.98796,120.61592,27.98841,120.58255,8,3,0
421,2028,60.11382387,-6.146381098,27.91626,120.8268,27.92122,120.80887,6,342,0
1141,1194,29.65243875,-12.47906684,27.933084,120.674452,27.9573,120.67705,5,16,0
2096,2853,8.032985697,-47.74962954,27.97745,120.61375,27.97599,120.59211,8,99,0
1515,1889,-39.9426548,34.70669143,28.01034,120.65781,28.01442,120.65841,3,328,0
1003,2679,50.35577503,-4.739712309,28.01839,120.82983,27.96428,120.80753,2,16,0
595,1342,-7.555038005,32.06779383,28.01681,120.67808,28.00491,120.67627,-1,33,0
1285,2666,-48.65422782,-25.85451641,28.04108,120.61641,28.04116,120.62863,7,88,0
224,916,-28.15664032,46.71645427,28.01492,120.66976,28.01381,120.65692,3,14,0
331,510,-34.00190832,-35.23152369,28.03958,120.62042,28.04567,120.60077,-1,6,0
2049,2745,-39.57616487,-4.346363181,28.01711,120.63167,28.02921,120.62987,-1,7,0
1398,1560,-50.44901793,-35.40880726,28.02438,120.60303,28.034241,120.588717,-1,888,0
1442,2968,-33.37646232,6.561901865,28.021742,120.649455,28.02802,120.6546,-1,13,0
1284,2342,33.28154278,-5.575088012,27.94439,120.71319,27.96902,120.74658,10,8,0
2010,2715,-1.194210268,36.35125876,27.99742,120.68104,27.99435,120.66326,4,35,0
1295,1693,31.33589602,-51.09569538,27.87791,120.67133,27.85534,120.66953,3,42,0
161,2450,-43.51030549,-17.66062633,28.043888,120.656111,28.04901,120.63968,7,23,0
1483,2750,13.51090879,33.3758821,27.9897,120.71206,28.00455,120.70115,7,0,0
14,2381,-29.37283697,23.92460714,28.02496,120.66541,28.02682,120.66634,3,202,0
264,1813,-26.38543074,19.95880586,28.01535,120.66232,28.01988,120.65723,3,48,0
1618,1626,-20.02712879,-20.87922409,28.00977,120.60049,28.01389,120.60169,3,3734,0
1888,2324,68.76227636,13.1345599,27.89882,120.82105,27.8722,120.8266,6,140,0
916,2682,-20.6602523,13.52565782,28.01381,120.65692,27.99605,120.64769,3,0,0
394,1444,-18.36900525,-38.768247,28.029211,120.593311,28.019216,120.588125,-1,8,0
369,1305,61.67744151,-10.22655872,27.9277,120.83323,27.92668,120.81126,6,313,0
838,2617,-30.35716545,14.10440291,28.01758,120.65251,28.02136,120.65561,3,103,0
1385,1807,-57.22991345,-22.25007491,28.05153,120.62762,28.040568,120.63282,7,266,0
1089,2318,-45.47683898,19.67818358,28.02804,120.57818,28.0217,120.647,-1,1547,0
326,2425,21.43256042,52.94933197,28.0003,120.71557,28.001305,120.717516,7,216,0
372,2099,-2.942264598,47.3274384,27.99629,120.68028,27.99084,120.68506,4,381,0
945,1922,65.35190543,20.63756086,27.87922,120.78748,27.85558,120.80096,6,95,0
57,1736,-34.65193377,-23.53489755,28.00954,120.61511,28.029592,120.6244,-1,8,0
1078,1455,-34.21108159,-17.94100364,28.015777,120.621944,28.03905,120.62757,-1,2,0
1714,1821,46.1587783,29.52581819,27.98008,120.74344,27.98011,120.74803,10,327,0
54,1094,-27.47390326,-12.65129723,28.018598,120.620672,28.01845,120.59962,-1,23,0
1999,2021,42.66660258,-33.16136594,27.91395,120.70028,27.92043,120.68424,3,9798,0
727,1771,10.78666435,30.53515154,28.00933,120.69355,27.99855,120.69275,-1,17,0
195,673,-46.53768904,-24.9536973,28.041109,120.62863,28.05464,120.60495,7,53,0
1983,2832,73.59552995,8.315522637,27.88689,120.80628,27.8881,120.80006,6,464,0
87,2153,37.7902245,-32.71883268,27.92144,120.6877,27.91643,120.68875,3,152,0
178,2581,-44.430004,24.07468215,28.01444,120.65108,28.020019,120.648575,3,674,0
1900,2948,-34.09835465,-42.03483069,28.06605,120.58485,28.05192,120.60027,-1,39,0
1049,2452,-37.0410306,36.2267785,28.00814,120.66242,28.0105,120.66068,3,353,0
604,2938,-20.79186185,-25.87558657,28.015777,120.594444,28.02158,120.59654,3,678,0
1695,1823,-12.4215385,-46.60255229,28.02937,120.5775,28.037123,120.578514,9,46,0
1519,1709,48.28086929,17.67273909,27.97433,120.75966,27.97034,120.76311,10,22700,0
2010,2214,16.42857056,-1.880978765,27.99742,120.68104,27.9598,120.68203,-1,20,0
1105,2617,-37.13898945,18.63918853,28.00791,120.64843,28.02136,120.65561,3,8,0
239,1324,26.39315222,12.7867143,28.03887,120.7934,28.0278,120.808,2,1074,0
234,576,-49.69147764,-2.607038881,28.01828,120.62547,28.02002,120.63138,-1,338,0
1871,2593,9.978676881,-1.498875908,27.96874,120.65488,27.96314,120.66947,5,63,0
672,2351,15.92228696,-43.06906173,27.96719,120.59359,27.95215,120.60432,-1,515,0
986,1896,-34.58334102,-50.29137206,28.077531,120.587363,28.10296,120.57827,9,76,0
1187,2298,30.00647561,-9.59771898,27.96331,120.66311,27.92952,120.68107,5,50,0
2385,2597,-9.726586786,44.05504403,27.998,120.672205,27.993358,120.671015,4,128,0
213,803,-22.64917984,-2.831745195,28.01009,120.63564,28.02715,120.65114,-1,39,0
608,1059,3.514004945,-3.744432229,27.99367,120.69233,27.99556,120.68277,4,66,0
1369,1536,11.26054801,13.09066204,27.98473,120.6773,27.985,120.67851,4,112,0
23,2894,-18.06710004,24.49967399,28.015057,120.667466,28.01941,120.67004,3,47,0
836,2509,-25.28917156,-25.93038578,28.02242,120.60801,28.02225,120.60442,3,5628,0
1273,1605,-36.25340148,-2.72210535,28.02347,120.61544,28.01353,120.6398,3,24,0
1053,1522,26.46491814,34.41375173,27.99068,120.7167,27.987423,120.723357,7,42,0
837,2890,-60.44571041,4.41125427,28.040151,120.648416,28.02424,120.6348,-1,34,0
1441,2914,-37.03879555,10.35637315,28.04381,120.65767,28.01922,120.64427,-1,0,0
108,367,0.589659824,-35.81829576,27.98228,120.5774,27.99233,120.60381,8,5,0
972,1980,26.85318304,-8.329482336,27.94366,120.68317,27.9546,120.667,5,229,0
621,2539,5.941648317,-32.03281046,27.98848,120.61075,27.97231,120.62724,8,21,0
1218,2028,67.09440499,-5.77144041,27.91539,120.8198,27.92122,120.80887,6,370,0
305,1689,-48.04039195,7.750220755,28.008511,120.618079,28.02095,120.64389,-1,34,0
109,407,-22.5303305,-42.40119516,28.03316,120.59087,28.026727,120.58226,9,1156,0
585,2841,8.433547418,53.58398102,28.00115,120.70215,28.000286,120.70749,7,201,0
1679,1818,18.726813,29.09943865,27.99338,120.70875,27.98955,120.71298,7,27,0
1584,2037,63.50488146,10.46388972,27.89209,120.81396,27.9208,120.84047,6,52,0
2790,2791,2.725689694,-54.10459964,27.99273,120.60679,27.99739,120.58551,8,209,0
633,2149,28.85629961,44.32362553,27.98491,120.70392,27.98472,120.69611,4,471,0
2305,2516,45.72173743,33.85592206,27.98543,120.73922,27.97841,120.73883,10,1374,0
1110,1391,35.07308193,-7.458134561,27.946867,120.69923,27.95467,120.69939,-1,12560,0
331,2029,-54.84269946,-25.71130612,28.03958,120.62042,28.0414,120.62359,7,223,0
447,1549,29.70493715,45.87263356,27.99055,120.7118,27.98966,120.70619,7,147,0
819,2500,67.65773449,-3.964616614,27.91736,120.79806,27.9127,120.77824,6,1941,0
1453,1605,-23.19945755,2.303105273,27.99832,120.6366,28.01353,120.6398,3,62,0
331,2379,-50.30293786,-21.09994402,28.03958,120.62042,28.04982,120.6511,7,25,0
1351,1506,-62.06503587,0.555357879,28.04387,120.63355,28.02799,120.66168,7,39,0
845,986,-32.9030687,-55.91880911,28.06506,120.57549,28.077531,120.587363,9,210,0
1578,2319,6.599627237,-50.64252764,27.97058,120.5853,27.97631,120.60491,8,87,0
767,1164,-60.74541233,5.631226781,28.03954,120.64044,28.04057,120.64705,7,264,0
1175,1256,-17.54033795,10.42234373,28.00978,120.65422,28.01222,120.65195,3,18,0
2,2428,-3.862038121,-3.904232855,28.00506,120.63866,27.98819,120.6531,-1,60,0
673,1899,-45.8834634,-42.31430578,28.05464,120.60495,28.06248,120.60338,-1,7260,0
1054,1105,-5.93072364,-2.956133226,27.99918,120.641648,28.00791,120.64843,3,48,0
1089,2581,-44.75253212,20.38081406,28.02804,120.57818,28.020019,120.648575,-1,775,0
410,1480,53.4745997,-8.985527019,27.95123,120.82795,27.96194,120.78881,-1,125,0
605,1778,-8.984632583,-42.69414216,28.0258,120.57913,28.024885,120.580733,9,298,0
1743,2745,-55.68222869,-1.950528754,28.02983,120.63357,28.02921,120.62987,7,105,0
308,2818,-30.05419022,-49.3061123,28.07118,120.58698,28.04104,120.58846,9,22,0
331,955,-38.6025282,-14.8894455,28.03958,120.62042,28.04133,120.65311,7,80,0
1855,2236,-3.570260117,43.25298792,27.98606,120.67631,27.9946,120.674,4,141,0
1428,2581,-30.90902977,3.432001558,28.02259,120.62662,28.020019,120.648575,-1,8,0
255,2422,53.45332387,4.856892501,27.91211,120.79786,27.93079,120.82979,6,5,0
332,467,-0.682187484,59.1698655,28.00341,120.68731,28.012398,120.68848,-1,216,0
463,1089,-10.31503463,-45.02952507,28.02702,120.57609,28.02804,120.57818,9,34845,0
19,1255,-12.43082092,39.92537442,27.98443,120.66958,27.9997,120.67055,-1,2,0
328,1736,-36.19339631,-17.09110427,28.05929,120.65781,28.029592,120.6244,7,5,0
497,1549,29.3102935,46.13589157,27.99143,120.70763,27.98966,120.70619,7,144,0
384,1478,-26.07088717,-2.67624088,28.01405,120.63301,28.02333,120.63639,-1,12,0
189,2366,19.75203104,9.449550285,27.98396,120.69007,27.97973,120.67677,-1,215,0
1373,2333,-24.83294074,36.45824498,28.01793,120.66445,28.02407,120.66508,3,154,0
560,2392,7.273982357,44.42508442,28.016323,120.703784,28.00878,120.68835,7,40,0
814,1736,-52.50580629,-28.96551202,28.06065,120.61145,28.029592,120.6244,7,65,0
202,2345,-17.24438,12.53821687,28.0087,120.65515,28.009036,120.657267,3,41,0
1152,1946,-20.10570596,5.892741247,28.013647,120.656985,28.015216,120.662524,3,0,0
109,2653,-24.50891602,-41.81153056,28.03316,120.59087,28.03697,120.58917,9,1279,0
703,2182,8.982744152,-32.23576623,27.99417,120.59982,27.96515,120.61124,8,0,0
117,1618,-12.17601111,-31.63435488,28.026108,120.592702,28.00977,120.60049,3,20,0
1687,2939,-40.65787513,28.50671017,28.0134,120.65344,28.011397,120.653141,3,286,0
684,1454,29.97969764,-16.5991928,27.88258,120.62827,27.92271,120.7068,3,0,0
1082,2899,-47.61266994,16.85612133,28.016688,120.655528,28.02802,120.65472,-1,104,0
2347,2678,63.83305396,2.330212651,27.91091,120.81602,27.911388,120.823888,6,330,0
1936,2415,-45.25514748,30.33268542,28.0164,120.657,28.02,120.655,3,216,0
109,2609,-14.73618131,-27.50120072,28.03316,120.59087,28.01418,120.59753,-1,29,0
331,1608,-35.57601317,-19.97643965,28.03958,120.62042,28.0453,120.65749,7,63,0
1599,2351,14.75017076,-32.04263253,27.955208,120.625696,27.95215,120.60432,-1,116,0
779,1592,-17.21329713,-42.60726799,28.03387,120.594038,28.04448,120.57033,9,42,0
427,2164,-8.048241123,18.36142813,28.005808,120.669146,28.01286,120.66582,3,32,0
79,2272,44.84098177,-32.23629866,27.921889,120.696181,27.91974,120.69145,3,2008,0
1376,1950,36.62193085,46.26581363,27.99176,120.72451,27.99139,120.71952,7,6023,0
2010,2255,-6.033403373,51.28746109,27.99742,120.68104,27.99861,120.67972,4,1937,0
512,515,12.60207351,-15.04866154,27.96138,120.66311,27.96781,120.62801,-1,6,0
697,973,44.84880612,-28.0485155,27.92414,120.70279,27.93169,120.70193,3,358,0
1560,2542,-25.69812771,-19.43722217,28.034241,120.588717,28.01903,120.61189,-1,46,0
510,979,-22.26314739,-39.40720573,28.04567,120.60077,28.02921,120.59331,9,34,0
1682,2241,35.86528594,34.9332196,27.96568,120.73665,27.98751,120.72346,-1,118,0
446,2103,4.939197595,-48.21994812,27.98581,120.61459,27.98211,120.59701,8,226,0
2458,2630,28.96656519,-45.97032791,27.85734,120.67149,27.855366,120.673155,3,27,0
1321,1394,0.276837455,32.71787481,27.99863,120.68954,27.99572,120.672658,4,25,0
756,2347,64.3290559,4.391460962,27.90472,120.82388,27.91091,120.81602,6,103,0
857,1440,68.86301844,-7.067708504,27.93632,120.80777,27.92653,120.78661,6,541,0
542,1208,11.85239534,56.43995119,28.00788,120.70268,28.006628,120.70461,7,312,0
1697,2018,58.92264229,-5.150521437,27.93044,120.81856,27.92674,120.82518,6,193,0
2318,2467,-30.48635605,5.674652458,28.0217,120.647,28.025613,120.638246,-1,28,0
1284,1563,31.55921076,-18.29925346,27.94439,120.71319,27.92204,120.69661,-1,32,0
1079,2403,17.82843063,53.79606863,28.00471,120.71764,28.005136,120.71749,7,490,0
709,2516,42.6258101,34.13706232,27.97153,120.73361,27.97841,120.73883,10,2039,0
1347,2939,-38.72024621,28.81947757,28.01058,120.65406,28.011397,120.653141,3,2678,0
468,2146,-34.03031667,-41.49536037,28.02464,120.59155,28.051431,120.600469,-1,9,0
673,1503,-31.22429208,-40.67275425,28.05464,120.60495,28.0363,120.5857,-1,4,0
1443,2952,-22.58733831,36.88968898,28.02212,120.67074,28.021681,120.670423,3,356,0
2067,2177,-15.04618957,-41.73504233,28.028224,120.587166,28.024786,120.575538,9,0,0
720,797,44.48004813,31.32478079,27.97976,120.74186,27.97373,120.74409,10,1736,0
462,1174,38.31780907,-28.85014943,27.92121,120.70312,27.92084,120.70303,3,199,0
442,749,72.11160998,-6.527791917,27.92124,120.83163,27.9345,120.76993,-1,31,0
1380,1799,-0.096591582,33.60049305,28.00675,120.68244,27.99461,120.68409,4,53,0
159,1187,24.65819185,-12.18030676,27.94833,120.66804,27.96331,120.66311,5,690,0
2404,2425,16.56841454,46.02325815,28.00556,120.71921,28.001305,120.717516,7,74,0
381,1239,-1.422355042,14.12778336,27.99445,120.67111,27.87124,120.64996,-1,93,0
911,1656,39.3594318,4.818978044,27.96141,120.73461,27.94263,120.73736,10,13,0
72,204,6.904341067,-36.13749042,27.97367,120.59704,27.99015,120.62566,8,16,0
1141,2331,36.96637184,-39.82034849,27.933084,120.674452,27.92645,120.67635,-1,2997,0
257,1610,-40.03126064,-25.254255,28.076984,120.602335,28.05249,120.60567,-1,13,0
775,2398,30.95840467,-40.27020842,27.9189,120.64478,27.923249,120.687804,3,33,0
928,2279,26.54307535,48.01403694,27.99601,120.708,27.98388,120.70501,-1,17,0
1104,1328,-1.37170972,23.17150483,27.99923,120.67458,27.99862,120.67265,4,236,0
162,178,-25.80540452,8.230811853,28.014918,120.647761,28.01444,120.65108,3,4,0
2755,2846,0.087150344,32.02300953,27.99953,120.68067,28.00084,120.68266,4,130,0
2441,2822,36.91460604,33.65489449,27.98416,120.72974,27.97743,120.73394,10,84,0
202,2344,-14.0181743,10.36603098,28.0087,120.65515,28.000843,120.64058,3,11,0
520,945,74.82144862,10.66273587,27.88953,120.79251,27.87922,120.78748,6,17672,0
1982,2074,31.34873318,45.21028775,27.98851,120.70899,27.986124,120.709577,7,5409,0
109,1610,-39.68789256,-33.29373249,28.03316,120.59087,28.05249,120.60567,-1,11,0
1100,1908,0.595908895,-3.50543768,28.00741,120.61911,28.0141,120.60512,-1,9,0
670,1772,-35.47326567,-29.24385804,28.026927,120.60664,28.02618,120.60498,3,14,0
1955,2767,-15.17742643,0.869383589,28.00278,120.646,28.00293,120.64916,3,389,0
677,1766,-51.01656732,-30.05304675,28.040628,120.619569,28.043254,120.617338,7,34,0
407,1089,-8.925400541,-47.06736046,28.026727,120.58226,28.02804,120.57818,9,38738,0
308,2515,-43.52141156,-47.19913174,28.07118,120.58698,28.06853,120.60201,9,4552,0
1443,2535,-18.04549822,33.1311691,28.02212,120.67074,28.01377,120.68309,3,48,0
691,2784,-39.33580851,-45.76922268,28.05782,120.58736,28.05184,120.61542,-1,112,0
554,2538,30.5803629,13.98247548,28.02289,120.80151,28.00886,120.77826,-1,35,0
331,499,-47.10922561,-22.19332166,28.03958,120.62042,28.04339,120.62726,7,46,0
77,86,-31.62346803,18.68788372,28.00743,120.64853,28.01563,120.65181,3,122,0
2209,2539,12.97527362,-24.8992776,27.96734,120.67106,27.97231,120.62724,-1,12,0
959,2581,-21.47024253,15.26172187,28.009115,120.657413,28.020019,120.648575,3,2,0
551,2723,65.27000478,22.82213831,27.86131,120.79032,27.856201,120.797741,6,306,0
1108,1633,38.78700977,-29.61364588,27.924685,120.69711,27.921943,120.703398,3,322,0
214,1988,-26.07320045,-5.320948246,28.01125,120.625528,28.01854,120.63879,-1,54,0
424,954,-19.67966222,35.13870182,28.025412,120.669507,28.018214,120.672196,3,3,0
2663,2802,29.65169741,33.08687984,27.99627,120.72691,27.98055,120.72944,-1,37,0
227,353,-39.06791035,-30.48081417,28.05333,120.63083,28.04744,120.60876,7,41,0
2055,2816,-54.46793386,-3.594709701,28.02288,120.63142,28.04411,120.63996,7,37,0
578,2123,39.465231,-38.64930529,27.91219,120.68358,27.92383,120.67387,3,1304,0
159,1496,22.32119817,2.895313647,27.94833,120.66804,27.97767,120.70127,-1,0,0
1002,2292,-17.9752011,-55.98382558,28.04392,120.5765,28.04572,120.58643,9,173,0
1848,2123,30.09583694,-14.62862341,27.96164,120.66747,27.92383,120.67387,-1,13,0
27,2881,15.05038106,58.97847537,28.00949,120.71444,28.00606,120.714808,7,1474,0
2176,2482,12.30405779,-10.69930456,27.95843,120.65338,27.9536,120.65488,5,47,0
916,2349,-22.9489374,17.51496148,28.01381,120.65692,28.01461,120.65761,3,51,0
42,2703,-7.243257652,0.07279392,28.0014,120.65569,27.99103,120.63464,-1,27,0
982,2789,67.39441231,22.52193676,27.87452,120.79789,27.87222,120.79381,6,2133,0
2592,2904,57.70083037,-5.38714682,27.93254,120.82423,27.95985,120.77797,-1,2,0
1316,2624,32.36060724,4.224590394,27.97332,120.71019,27.97603,120.71773,10,86,0
1428,2012,-36.92328781,1.024069142,28.02259,120.62662,28.02392,120.644412,-1,54,0
528,1103,1.974709163,-23.18542519,27.987113,120.628219,27.97694,120.62826,8,28,0
1426,2266,-34.76590317,7.271594262,28.02601,120.65011,28.02675,120.64983,7,20,0
1549,1699,18.08428259,27.11859738,27.98966,120.70619,27.97659,120.67899,-1,10,0
1977,2224,7.223940777,12.193716,27.99753,120.67522,27.98445,120.67253,4,30,0
981,2063,32.86817213,-47.50784681,27.89495,120.67037,27.90108,120.68568,3,92,0
335,752,22.66479009,-16.38702186,27.93483,120.66784,27.9454,120.65697,5,1092,0
2570,2775,73.32445649,8.498162645,27.8882,120.80334,27.88321,120.80518,6,481,0
1483,2662,32.31319888,46.76805974,27.9897,120.71206,27.9944,120.7017,-1,2,0
1927,2486,-45.1581398,-20.18288801,28.04626,120.62785,28.04854,120.66293,7,28,0
838,1176,-39.57863616,18.72673018,28.01758,120.65251,28.01711,120.65265,3,86,0
1124,2966,55.89378833,1.660785582,27.92529,120.82185,27.90319,120.81717,6,76,0
72,2076,7.406924322,-52.23031379,27.97367,120.59704,27.99335,120.57729,8,100,0
4,1311,5.764070798,-37.66885819,27.98663,120.61963,27.98966,120.57449,8,35,0
728,2428,1.281931744,4.730208073,27.98895,120.65771,27.98819,120.6531,-1,1071,0
655,2804,9.757288797,66.45965595,28.03962,120.71918,28.02126,120.68452,7,49,0
724,1994,-0.449327059,13.19732038,27.99279,120.64931,27.992378,120.669665,-1,19,0
515,1103,4.446542951,-39.58600765,27.96781,120.62801,27.97694,120.62826,8,7345,0
803,2467,-39.93825078,2.254130347,28.02715,120.65114,28.025613,120.638246,7,28,0
751,2004,-32.17818187,-29.06975344,28.02449,120.61195,28.05469,120.58692,-1,8,0
1186,2767,-12.84572049,5.610410562,28.00302,120.64575,28.00293,120.64916,3,128,0
2420,2550,-1.010302046,-28.90462147,27.98362,120.61785,27.98622,120.61752,8,1728,0
842,2128,66.26441838,2.278861893,27.90945,120.81881,27.8883,120.80901,6,42,0
621,1612,6.93880608,-55.26407059,27.98848,120.61075,27.9938,120.57017,8,168,0
609,1455,-58.8580235,-5.738165784,28.02096,120.62016,28.03905,120.62757,-1,508,0
776,2380,28.34697928,-47.51511087,27.86219,120.64959,27.87032,120.66347,3,8,0
1295,2465,34.76280538,-51.56968843,27.87791,120.67133,27.88796,120.64935,3,697,0
73,1528,-25.11290667,-2.6518026,28.01003,120.63314,28.01484,120.64575,3,0,0
42,1286,-32.96801865,28.58480191,28.0014,120.65569,28.01117,120.65006,3,28,0
246,319,24.06101336,-9.815443367,27.95634,120.66596,27.93831,120.66539,5,38,0
705,2188,-14.75804458,-10.33612593,28.00227,120.63088,28.02031,120.62527,-1,2,0
1526,1679,25.69474338,37.69347571,27.98884,120.71605,27.99338,120.70875,7,65,0
1061,1999,42.80599628,-31.76356875,27.92415,120.70545,27.91395,120.70028,3,1145,0
928,2142,19.13749666,33.80650611,27.99601,120.708,27.98684,120.71242,7,0,0
2627,2927,29.02080372,17.63987972,28.01826,120.7953,28.02026,120.79958,2,14237,0
15,1998,-3.435156499,-22.46610388,27.97664,120.63227,27.987217,120.623164,8,402,0
547,1582,7.649335625,15.40231036,27.98521,120.67877,27.96936,120.67444,-1,2,0
16,308,-38.10285149,-45.9717358,28.07646,120.62205,28.07118,120.58698,9,18,0
134,883,33.32207236,35.76171716,27.989953,120.728443,27.99238,120.73064,7,5,0
708,811,38.66104256,-17.25560813,27.9343,120.7072,27.92878,120.69672,3,182,0
1500,2784,-55.59789445,-30.96137313,28.05006,120.62061,28.05184,120.61542,7,15583,0
9,2089,6.320628632,-13.72224016,27.99378,120.6501,27.970224,120.651685,-1,2,0
49,1503,-9.618696761,-48.04332768,28.02104,120.58411,28.0363,120.5857,9,782,0
2746,2888,-43.79655737,-28.69903538,28.03863,120.61579,28.05349,120.61286,7,77,0
1019,2274,73.58485596,14.1435924,27.89391,120.81686,27.87983,120.81482,6,517,0
309,2096,13.3084105,-29.65533655,27.95804,120.59516,27.97745,120.61375,-1,88,0
234,1969,-9.55659673,-3.797823915,28.01828,120.62547,28.00303,120.63895,-1,14,0
243,600,-5.919881203,-3.25644981,28.000291,120.647161,28.00892,120.64776,3,13,0
1638,1799,-0.231478971,18.67875644,27.99258,120.67111,27.99461,120.68409,4,180,0
521,2512,-4.041667955,16.43249861,27.99979,120.66739,27.99935,120.67604,-1,19,0
415,2493,-27.13399417,12.31514804,28.01975,120.65219,28.01736,120.65303,3,8,0
1093,1424,-14.44405041,-34.31611614,28.03228,120.58055,28.02108,120.60101,-1,17,0
1771,2896,8.963812976,32.5391629,27.99855,120.69275,28.00594,120.69008,-1,0,0
761,1416,-45.56430511,2.071785256,28.02569,120.64175,28.01137,120.64581,-1,39,0
1682,2673,40.11123321,24.76324012,27.96568,120.73665,27.96916,120.74277,10,146,0
2099,2190,13.39702787,18.43582854,27.99084,120.68506,27.98235,120.67423,-1,101,0
1338,2921,-59.06757501,-21.76842842,28.056963,120.625239,28.04626,120.62812,7,383,0
603,672,12.6187268,-43.28412789,27.97164,120.62661,27.96719,120.59359,8,38,0
1455,1804,-36.24676558,-19.01498952,28.03905,120.62757,28.00502,120.61628,-1,2,0
421,2854,58.59882137,3.879920656,27.91626,120.8268,27.91056,120.82462,6,48,0
46,1501,-49.32395276,-43.32043072,28.04917,120.61056,28.05557,120.61784,7,7046,0
1228,2233,67.59505751,14.81915007,27.873505,120.818568,27.86543,120.81525,6,39,0
1206,2176,15.39843107,-16.31968756,27.95921,120.65553,27.95843,120.65338,5,4906,0
1110,2325,29.70468942,-9.939300121,27.946867,120.69923,27.91782,120.69607,-1,41,0
97,2569,-19.3828242,30.48043563,28.02629,120.6698,28.025414,120.669513,3,43,0
2303,2713,54.04496231,3.794578502,27.90821,120.80227,27.9236,120.82555,6,118,0
1441,1927,-61.81775024,9.413810797,28.04381,120.65767,28.04626,120.62785,7,81,0
1298,2031,-29.2710292,-3.532467148,28.01943,120.636564,28.024044,120.64407,3,182,0
1331,1685,-37.32812584,-53.30524091,28.07361,120.61293,28.08692,120.5856,9,43,0
147,217,-20.98011706,-25.2565643,28.01625,120.60085,28.01578,120.59444,3,406,0
1995,2853,9.693988282,-53.80054098,27.98625,120.5825,27.97599,120.59211,8,7738,0
164,1103,3.301512899,-14.11653687,27.95724,120.65969,27.97694,120.62826,-1,19,0
312,2531,4.007609496,0.598953343,27.97483,120.67456,27.99591,120.64416,-1,2,0
1439,2265,20.71133415,38.15902819,28.005515,120.719495,27.99418,120.70931,7,0,0
11,455,22.14250764,33.63202139,27.99544,120.72251,27.992983,120.713162,7,25,0
686,1738,-14.67740682,-55.10011586,28.035763,120.57132,28.04081,120.57769,9,77,0
876,2198,-32.09441911,-5.448044919,28.01851,120.63892,28.01139,120.622331,-1,2,0
1249,1587,-34.04738249,20.31729733,28.00533,120.6479,28.00917,120.64028,3,42,0
1748,2236,-0.10807946,22.67210644,27.99958,120.67043,27.9946,120.674,-1,7,0
1386,1911,13.51930728,22.82353491,27.98557,120.68544,27.97773,120.72673,-1,5,0
803,2762,-36.30476241,7.326560495,28.02715,120.65114,28.01919,120.67036,-1,54,0
1461,2736,10.96432453,39.24165197,28.008516,120.702342,28.008768,120.696683,7,22,0
213,609,-42.40086901,-5.196025329,28.01009,120.63564,28.02096,120.62016,3,18,0
1333,1761,-3.352431633,35.29484494,27.998832,120.679759,27.99851,120.67952,4,25,0
359,747,-27.9184238,27.51053124,28.0113,120.6614,28.01175,120.66003,3,67,0
1298,2542,-31.13417237,-1.851192103,28.01943,120.636564,28.01903,120.61189,3,62,0
326,2632,16.95721979,47.72400029,28.0003,120.71557,28.0072,120.71529,7,41,0
539,2038,-39.6868586,23.56019473,28.01516,120.65303,28.014166,120.650833,3,114,0
761,1130,-35.80334396,-4.104092033,28.02569,120.64175,28.02327,120.63423,-1,36,0
1006,2790,-2.605911351,-43.01225033,27.99467,120.56692,27.99273,120.60679,8,70,0
1008,1058,-45.74285062,-25.0343234,28.06212,120.60705,28.04752,120.63044,-1,110,0
3,308,-35.41444908,-58.39014486,28.03927,120.5877,28.07118,120.58698,9,253,0
372,1029,-0.443679729,25.67793022,27.99629,120.68028,27.99905,120.67896,4,85,0
1767,2131,5.557367993,3.328706893,27.97914,120.65482,27.97509,120.65593,5,16477,0
1457,2949,20.04928775,39.78635062,27.99566,120.715,28.000868,120.712569,7,13,0
1348,2021,37.22026401,-12.70517581,27.92776,120.69408,27.92043,120.68424,3,68,0
138,906,8.0089489,44.58654189,28.04427,120.69476,28.01211,120.69386,7,2,0
812,1938,-45.5597949,25.96260572,28.01375,120.6551,28.01832,120.65141,3,336,0
923,1912,-56.41267073,-17.48508699,28.06101,120.62576,28.05972,120.64548,7,208,0
205,758,2.879809189,36.44698648,27.9885,120.68917,27.99542,120.68153,4,17,0
143,2644,-62.78033756,13.63842788,28.04546,120.65895,28.019199,120.784475,-1,6,0
1409,2617,-36.56925712,9.670184141,28.02498,120.65306,28.02136,120.65561,-1,31,0
318,638,-0.750682995,-15.40591756,27.97271,120.64743,27.99736,120.62159,-1,10,0
135,1528,-16.02916969,-12.4788653,27.9974,120.622,28.01484,120.64575,-1,0,0
25,2620,-4.860537771,10.51550666,27.976204,120.667973,28.005401,120.667985,-1,4,0
643,2225,-61.80848108,12.01905061,28.04355,120.65147,28.01963,120.71371,7,13,0
439,2614,-28.77176651,-9.559035039,28.02332,120.64816,28.01688,120.6293,-1,0,0
786,2379,-54.33398548,-16.55428643,28.065163,120.642463,28.04982,120.6511,7,120,0
422,796,6.770836433,51.65990544,28.00525,120.70299,28.00145,120.70189,7,40,0
487,1380,0.976566886,31.8806373,27.98776,120.67428,28.00675,120.68244,4,2,0
483,529,-9.04968215,32.31493732,28.015482,120.68332,28.01174,120.68077,3,24,0
402,427,-9.491407613,16.63447068,28.01188,120.66205,28.005808,120.669146,3,25,0
599,2248,23.6655415,5.415777463,27.97321,120.72684,27.97512,120.69186,10,257,0
57,1301,-18.69124413,-13.51564905,28.00954,120.61511,28.00843,120.62111,4,248,0
221,2563,22.27812713,55.35941338,28.00742,120.71768,28.00611,120.71718,7,169,0
1563,2021,43.29855516,-33.1857251,27.92204,120.69661,27.92043,120.68424,3,1209,0
307,1936,-43.51706443,31.66735345,28.01573,120.65876,28.0164,120.657,3,207,0
1204,2351,17.37255773,-39.57679306,27.94777,120.6125,27.95215,120.60432,10,3010,0
820,1886,12.57221011,48.44505099,28.00789,120.70721,28.010095,120.696678,7,28,0
1767,2229,-7.763679475,5.575106143,27.97914,120.65482,27.99852,120.65649,-1,76,0
160,2842,18.75023635,21.40538627,27.97864,120.71467,27.98853,120.69743,-1,6,0
819,2028,69.1631218,-4.310432596,27.91736,120.79806,27.92122,120.80887,6,1741,0
202,2712,-35.83057586,17.64618605,28.0087,120.65515,28.01694,120.64891,3,2,0
46,2029,-40.82510239,-22.59736607,28.04917,120.61056,28.0414,120.62359,7,90,0
202,2318,-28.16090168,5.51841958,28.0087,120.65515,28.0217,120.647,3,33,0
341,1103,-2.75219962,-17.36195266,27.98975,120.64468,27.97694,120.62826,8,50,0
381,2446,-10.89918424,40.5076705,27.99445,120.67111,27.98763,120.66308,4,38,0
935,1622,3.904180074,27.71852148,27.97987,120.68111,28.00126,120.6875,4,28,0
2456,2804,-19.55972848,35.610206,28.022125,120.670739,28.02126,120.68452,-1,55,0
972,1133,32.9008818,-0.159363791,27.94366,120.68317,27.97533,120.72453,-1,10,0
842,2913,68.99309518,-1.211451012,27.90945,120.81881,27.92081,120.81459,6,163,0
1422,1769,24.43327526,50.58649227,28.00506,120.71172,27.998722,120.707177,7,114,0
77,2914,-23.30412539,5.219974069,28.00743,120.64853,28.01922,120.64427,3,7,0
1736,2468,-29.88703836,6.288135077,28.029592,120.6244,28.022717,120.632107,-1,27,0
17,1582,13.81122241,5.289871472,27.97886,120.67718,27.96936,120.67444,5,146,0
906,2736,3.778666194,60.47908418,28.01211,120.69386,28.008768,120.696683,7,197,0
115,1129,54.03721113,-8.93970014,27.94565,120.83188,27.91593,120.8267,6,23,0
772,2568,-40.51917025,-33.2763803,28.05187,120.61117,28.04901,120.58582,-1,43,0
772,2513,-45.80319528,-41.55231803,28.05187,120.61117,28.060569,120.603702,7,419,0
1830,2840,-21.55813219,-55.98480105,28.0362,120.58118,28.04323,120.58656,9,264,0
318,1103,8.646209167,-18.57887288,27.97271,120.64743,27.97694,120.62826,-1,29,0
5,2792,-19.55457153,30.92030639,28.05615,120.67115,28.02302,120.66759,-1,15,0
644,1653,-38.26209965,33.5759614,28.01278,120.65944,28.00714,120.65555,3,293,0
2318,2528,-44.41930596,16.86440453,28.0217,120.647,28.023744,120.653645,-1,318,0
308,1273,-34.21018824,-44.67064195,28.07118,120.58698,28.02347,120.61544,-1,6,0
684,1728,29.31348606,-45.97097945,27.88258,120.62827,27.85412,120.66711,3,13,0
682,1506,-59.75277378,0.396687546,28.0412,120.629,28.02799,120.66168,7,87,0
1740,2422,59.35174274,-10.99781615,27.9275,120.83694,27.93079,120.82979,6,834,0
3,2575,-26.46004132,-44.18359549,28.03927,120.5877,28.02926,120.59028,9,874,0
135,234,-16.76032548,-12.772362,27.9974,120.622,28.01828,120.62547,4,14,0
1061,1108,47.35680568,-21.16140755,27.92415,120.70545,27.924685,120.69711,3,1615,0
2278,2415,-15.91649116,22.00632882,28.0258,120.65965,28.02,120.655,-1,0,0
11,486,41.78011769,29.02116993,27.99544,120.72251,27.97508,120.74612,-1,79,0
1023,1232,-62.55714265,8.886832732,28.046787,120.661963,28.04357,120.651564,7,16,0
846,2305,11.1062869,69.53977005,28.00453,120.74869,27.98543,120.73922,-1,206,0
113,2092,-22.19152067,-2.161358117,28.01211,120.63736,28.0195,120.63455,3,55,0
752,2405,21.05688316,-7.678869571,27.9454,120.65697,27.96984,120.68551,5,2,0
567,2272,38.93741766,-30.55084878,27.92073,120.70491,27.91974,120.69145,3,281,0
2,341,-9.786421688,-6.075217646,28.00506,120.63866,27.98975,120.64468,-1,11,0
143,915,-16.90069898,29.48906681,28.04546,120.65895,28.024778,120.671965,-1,7,0
1351,2200,-66.6705032,1.435651701,28.04387,120.63355,28.03746,120.65611,7,121,0
578,1141,33.50096335,-37.44632245,27.91219,120.68358,27.933084,120.674452,-1,28,0
608,633,5.836982068,38.8530606,27.99367,120.69233,27.98491,120.70392,4,5,0
972,2519,20.88988041,1.86183545,27.94366,120.68317,27.99715,120.70087,-1,13,0
1805,2248,21.94261484,4.536188178,27.970239,120.685696,27.97512,120.69186,-1,137,0
2248,2298,25.25099211,3.985642684,27.97512,120.69186,27.92952,120.68107,-1,4,0
164,2508,14.83946614,-16.85102088,27.95724,120.65969,27.96724,120.66561,5,256,0
1108,1154,30.35248261,-30.51455848,27.924685,120.69711,27.92365,120.69173,3,370,0
491,1958,-23.82652004,21.48932865,28.014866,120.661141,28.01842,120.65967,3,155,0
973,1794,39.22249776,-12.66002547,27.93169,120.70193,27.94302,120.67619,-1,41,0
507,2279,29.93435668,42.35019346,27.98393,120.7051,27.98388,120.70501,4,19,0
911,2564,37.72927724,-1.528091537,27.96141,120.73461,27.96169,120.70433,10,490,0
312,858,11.32668657,7.977973235,27.97483,120.67456,27.985,120.676,-1,12,0
1198,1503,-23.6595894,-39.77276544,28.0332,120.591,28.0363,120.5857,9,257,0
608,1679,17.51664163,31.02510552,27.99367,120.69233,27.99338,120.70875,-1,67,0
183,2705,-8.268456088,-0.466156983,27.995578,120.650046,27.999704,120.646389,3,8,0
1965,2155,18.93803281,-33.82173156,27.94943,120.58007,27.93749,120.59711,10,29,0
2116,2513,-41.47610992,-36.0686833,28.04925,120.60197,28.060569,120.603702,7,165,0
464,956,11.36526654,-22.5740425,27.9659,120.64111,27.97159,120.65547,-1,2,0
353,2407,-35.14281391,-28.35969856,28.04744,120.60876,28.06561,120.63194,7,0,0
1373,2894,-22.25781812,33.62852246,28.01793,120.66445,28.01941,120.67004,3,141,0
450,1311,0.081410653,-38.02402353,27.96474,120.57156,27.98966,120.57449,8,42,0
402,1866,-17.49075016,21.90410138,28.01188,120.66205,28.01517,120.66503,3,35,0
2169,2841,9.915436908,37.01843947,28.002851,120.698951,28.000286,120.70749,7,51,0
1,2119,38.2255857,21.44217447,27.97014,120.75603,27.97513,120.74591,10,11,0
232,1424,-16.48078962,-27.0661781,28.0199,120.59592,28.02108,120.60101,3,0,0
1605,2890,-50.71303803,5.759023384,28.01353,120.6398,28.02424,120.6348,3,595,0
1956,2937,31.62938672,26.5183678,27.96946,120.72066,27.97398,120.7324,10,6,0
646,803,-38.79966744,6.934270479,28.02101,120.67872,28.02715,120.65114,-1,10,0
1684,2853,3.205577718,-28.43629432,27.98796,120.61592,27.97599,120.59211,8,77,0
1120,1839,37.77534142,17.48097427,27.979201,120.744915,27.97706,120.75192,10,24,0
1289,1938,-30.01005914,14.43477719,28.0114,120.65314,28.01832,120.65141,3,76,0
257,2857,-42.75861617,-51.29524587,28.076984,120.602335,28.09805,120.59534,9,15266,0
945,2303,53.3078814,6.329672421,27.87922,120.78748,27.90821,120.80227,6,110,0
1795,2137,-69.81005401,11.41169493,28.05247,120.66674,28.04852,120.65349,7,206,0
755,2696,38.10666521,-24.45514324,27.928,120.698,27.92345,120.70485,3,11,0
414,1204,15.86208744,-39.62683026,27.96162,120.59686,27.94777,120.6125,10,157,0
2453,2847,-36.77963431,-38.65206214,28.04644,120.60417,28.041041,120.588459,-1,30,0
57,1572,-17.92209186,-30.08797253,28.00954,120.61511,28.02693,120.60664,-1,70,0
227,2784,-60.09821207,-20.27650953,28.05333,120.63083,28.05184,120.61542,7,1633,0
415,2421,-29.74635332,13.5987111,28.01975,120.65219,28.014321,120.650131,3,78,0
1311,2791,5.905475368,-54.70278702,27.98966,120.57449,27.99739,120.58551,8,180,0
813,1398,-24.413583,-24.09427436,28.01833,120.607999,28.02438,120.60303,3,1208,0
54,668,-26.39941491,-11.84166744,28.018598,120.620672,28.0105,120.60976,-1,7,0
2407,2450,-58.42339756,-17.32039421,28.06561,120.63194,28.04901,120.63968,7,143,0
1563,2357,32.68991426,-14.16443258,27.92204,120.69661,27.92044,120.6689,3,91,0
1747,1821,47.42355482,32.06907337,27.978667,120.735061,27.98011,120.74803,10,681,0
298,2302,35.8877442,-27.73085314,27.92054,120.70164,27.92002,120.70535,3,139,0
76,2360,33.29121145,20.93118633,27.99619,120.71034,27.97589,120.75072,-1,29,0
1698,2481,13.36792849,-4.628568076,27.95861,120.665556,27.97265,120.66766,5,240,0
1384,2012,-49.46823264,8.472102082,28.023261,120.644248,28.02392,120.644412,3,202,0
27,2425,17.58500398,54.54942286,28.00949,120.71444,28.001305,120.717516,7,309,0
669,1419,-48.7593614,-7.330521614,28.01255,120.63174,28.01125,120.62553,4,352,0
233,1655,40.61938256,-22.64016947,27.9299,120.70635,27.92826,120.70156,3,16,0
426,2323,-35.74218873,2.95470569,28.025933,120.641498,28.02463,120.6447,7,19,0
520,1296,74.09160063,5.497655844,27.88953,120.79251,27.89897,120.79855,6,1371,0
467,1742,1.071432185,60.3729586,28.012398,120.68848,28.010383,120.6909,7,11480,0
27,906,11.01317487,47.59283955,28.00949,120.71444,28.01211,120.69386,7,58,0
1316,2422,29.58103657,5.842082491,27.97332,120.71019,27.93079,120.82979,-1,4,0
816,824,-11.70959012,-1.274674443,28.000546,120.645436,28.002956,120.643807,3,135,0
2209,2353,13.24341356,2.240103762,27.96734,120.67106,27.973777,120.682079,5,221,0
1020,2959,23.92238573,47.31261477,28.00029,120.70357,27.996193,120.708797,7,102,0
2200,2831,-62.2972863,2.999299204,28.03746,120.65611,28.04021,120.64658,7,377,0
1315,2375,37.9649111,-30.03407464,27.91937,120.7061,27.91276,120.70931,3,69,0
1394,1470,-10.76289715,39.22235297,27.99572,120.672658,27.97225,120.68006,-1,2,0
556,1673,-5.761533238,-12.24464233,27.99014,120.62903,28.00217,120.64577,-1,5,0
1058,1098,-57.85306694,-23.93686641,28.04752,120.63044,28.0475,120.62333,7,5874,0
1401,2816,-57.30231471,4.689915495,28.01999,120.65209,28.04411,120.63996,-1,2,0
46,1572,-49.11589486,-36.31671648,28.04917,120.61056,28.02693,120.60664,-1,488,0
677,2029,-35.9831974,-21.17300985,28.040628,120.619569,28.0414,120.62359,7,59,0
1166,1578,17.65755521,-41.83188589,27.95794,120.60138,27.97058,120.5853,-1,19,0
1141,2600,35.92200618,-16.0695112,27.933084,120.674452,27.93308,120.67445,5,3263,0
1764,1914,9.49445239,-28.92379778,27.96875,120.60619,27.968664,120.609359,8,58,0
1115,2614,-25.94336255,-9.915632776,28.01941,120.61672,28.01688,120.6293,-1,2,0
1323,1363,66.52546687,19.92308283,27.85707,120.81238,27.87025,120.79516,6,91,0
585,608,3.30496272,52.09944922,28.00115,120.70215,27.99367,120.69233,-1,66,0
1368,2490,31.45567574,-49.10570119,27.88111,120.671061,27.88534,120.6674,3,72,0
951,2033,4.297497518,-6.068356968,27.90882,120.83189,27.9196,120.81824,6,19,0
656,2668,21.38304904,-43.88854643,27.96161,120.59217,27.94903,120.59549,10,1833,0
1133,2342,45.00032393,24.31187296,27.97533,120.72453,27.96902,120.74658,10,62,0
224,1402,-27.27736502,46.72001849,28.01492,120.66976,28.014576,120.681581,3,1885,0
1120,1821,45.29223065,29.77509598,27.979201,120.744915,27.98011,120.74803,10,521,0
1900,2048,-37.05535314,-58.94012327,28.06605,120.58485,28.07875,120.58356,9,5250,0
1895,1935,16.98061091,7.371996001,27.96905,120.70307,27.97505,120.67499,-1,20,0
405,2715,-2.938391139,42.25804691,27.989232,120.680662,27.99435,120.66326,4,26,0
1679,1950,29.17070298,49.2837777,27.99338,120.70875,27.99139,120.71952,7,535,0
130,2465,38.33339068,-49.89338354,27.90369,120.65562,27.88796,120.64935,3,2291,0
1718,2288,14.86119329,50.12215891,28.001831,120.717278,28.014173,120.713536,7,109,0
1093,1823,-11.14940941,-48.11995114,28.03228,120.58055,28.037123,120.578514,9,466,0
724,2131,0.919937889,-12.10448352,27.99279,120.64931,27.97509,120.65593,-1,20,0
842,1849,67.77535227,4.077840123,27.90945,120.81881,27.89831,120.81286,6,576,0
1082,1990,-47.1177201,31.31435285,28.016688,120.655528,28.02045,120.65999,3,99,0
298,1108,44.22260505,-31.58030866,27.92054,120.70164,27.924685,120.69711,3,235,0
47,1878,46.16924568,14.8220845,27.97433,120.75967,27.97253,120.76819,10,5477,0
1394,1979,2.635700302,16.13472693,27.99572,120.672658,28.00367,120.67052,-1,64,0
340,487,-0.226969691,35.27637766,27.99961,120.68514,27.98776,120.67428,4,8,0
749,1296,52.2896439,0.17612803,27.9345,120.76993,27.89897,120.79855,-1,14,0
1070,1839,40.31127971,15.96464676,27.97374,120.7589,27.97706,120.75192,10,94,0
1974,1976,24.32013487,18.42783292,28.04339,120.81815,28.04558,120.80338,2,519,0
364,1093,-18.19730168,-42.64254958,28.01704,120.5833,28.03228,120.58055,9,179,0
1684,1797,2.848351953,-25.74705029,27.98796,120.61592,27.98643,120.62096,8,5,0
109,176,-33.34354227,-29.19345504,28.03316,120.59087,28.02521,120.6105,-1,22,0
659,1578,11.67181531,-49.87300669,27.98025,120.58452,27.97058,120.5853,8,865,0
1204,1885,12.70289624,-38.84384888,27.94777,120.6125,27.96887,120.61609,-1,60,0
9,440,-14.30883347,0.883348227,27.99378,120.6501,28.00029,120.64716,3,91,0
703,1966,3.248328739,-52.5092167,27.99417,120.59982,27.99619,120.58337,8,282,0
9,1988,-22.22888024,5.87033272,27.99378,120.6501,28.01854,120.63879,3,4,0
357,779,-13.75228285,-50.53086773,28.03643,120.57447,28.03387,120.594038,9,9,0
1295,2335,32.3274442,-52.8577611,27.87791,120.67133,27.86624,120.66547,3,2270,0
115,1509,54.10811263,-6.206295852,27.94565,120.83188,27.9249,120.82617,6,0,0
636,2214,18.92750059,30.10372936,27.98612,120.70958,27.9598,120.68203,-1,47,0
1650,2294,-27.91817551,-6.871317677,28.020022,120.631375,28.017358,120.65303,-1,0,0
414,794,14.62633586,-34.41616321,27.96162,120.59686,27.96834,120.57402,-1,83,0
2611,2715,-2.183467077,15.2720084,27.995832,120.677166,27.99435,120.66326,4,70,0
1445,1769,19.64827745,36.10030034,27.99263,120.7145,27.998722,120.707177,7,78,0
1134,2428,-2.207611875,-7.911663692,27.99644,120.63354,27.98819,120.6531,-1,22,0
1852,2864,46.2201082,19.78896294,27.96059,120.7497,27.9665,120.76112,10,2129,0
14,382,-26.58903553,36.4719975,28.02496,120.66541,28.01967,120.6623,3,273,0
228,2914,-34.62514818,2.231859237,28.024509,120.644121,28.01922,120.64427,3,54,0
924,1555,-60.74272061,9.467463995,28.03883,120.63972,28.043798,120.657967,7,2,0
422,1386,4.068919508,51.13202548,28.00525,120.70299,27.98557,120.68544,-1,12,0
583,1433,-37.59920236,15.03197768,28.023258,120.644214,28.015196,120.648057,3,10,0
15,72,2.767134822,-19.43091023,27.97664,120.63227,27.97367,120.59704,8,12,0
1474,2887,-17.00593474,-50.74930514,28.02436,120.58545,28.04609,120.57533,9,26,0
2243,2496,71.03462249,-6.492871043,27.94879,120.80808,27.94412,120.76969,-1,170,0
326,1457,27.56811068,52.19159845,28.0003,120.71557,27.99566,120.715,7,109,0
866,2160,45.62928704,22.54035199,27.97155,120.73972,27.9668,120.7548,10,487,0
1787,2351,16.61546916,-30.64655368,27.90939,120.56294,27.95215,120.60432,10,10,0
2175,2653,-16.92772739,-43.11617321,28.025465,120.585303,28.03697,120.58917,9,8,0
518,1506,-23.55734651,35.15020906,28.025347,120.666909,28.02799,120.66168,-1,187,0
521,844,-4.266610293,21.73351067,27.99979,120.66739,28.00813,120.67287,3,19,0
570,2048,-32.45226083,-51.81979297,28.0722,120.5703,28.07875,120.58356,9,10,0
188,1038,5.406214384,-23.43605749,27.97988,120.63103,27.9897,120.63813,8,46,0
521,1342,-3.638785875,20.95624716,27.99979,120.66739,28.00491,120.67627,-1,45,0
2589,2765,33.48281319,10.44683842,28.02612,120.83038,27.99898,120.82573,2,147,0
949,1312,-17.34685657,-47.56609299,28.042263,120.582178,28.023857,120.581022,9,4,0
1915,2439,-17.77618657,-51.92075622,28.04515,120.55602,28.04261,120.57226,9,0,0
661,1780,5.95289372,51.37610761,28.00053,120.6999,27.99905,120.69979,7,146,0
2347,2570,59.82244881,10.89590536,27.91091,120.81602,27.8882,120.80334,6,28,0
287,2094,7.52283953,-39.72227193,27.986822,120.630326,27.992,120.60987,8,6,0
1563,1602,40.36265947,-32.27833429,27.92204,120.69661,27.91457,120.70609,3,73,0
1618,2445,-12.43005097,-28.77792217,28.00977,120.60049,27.992515,120.595201,-1,3,0
264,906,-36.84917564,40.81113038,28.01535,120.66232,28.01211,120.69386,-1,20,0
1386,1851,15.21978631,24.44658355,27.98557,120.68544,27.980051,120.702261,4,6,0
406,1313,63.23170665,19.7742048,27.89033,120.77895,27.86156,120.7809,6,33,0
234,1510,-44.57425002,-6.271025337,28.01828,120.62547,28.023269,120.632426,-1,154,0
741,2848,5.352602542,-11.70350976,27.95095,120.65688,27.965369,120.686131,5,21,0
224,1866,-22.68953126,26.5582924,28.01492,120.66976,28.01517,120.66503,3,61,0
637,1020,8.023103767,49.73242468,28.01522,120.68916,28.00029,120.70357,7,13,0
1596,2200,-53.95604612,14.95892661,28.027266,120.655901,28.03746,120.65611,7,147,0
327,2918,-34.58441854,1.163431185,28.02432,120.64367,28.024315,120.643674,3,2,0
502,2366,7.665815595,-9.686225721,27.975415,120.651576,27.97973,120.67677,5,47,0
529,844,-6.833423564,23.84830732,28.01174,120.68077,28.00813,120.67287,3,21,0
293,426,-38.57629773,0.293268319,28.02476,120.635142,28.025933,120.641498,-1,29,0
547,2481,12.43016925,14.15026044,27.98521,120.67877,27.97265,120.66766,-1,163,0
468,2116,-36.76372258,-40.64143826,28.02464,120.59155,28.04925,120.60197,-1,26,0
35,1151,-31.68924404,-52.73426845,28.06905,120.57281,28.082463,120.58878,9,125,0
154,1876,18.94288805,-33.28007885,27.9473,120.56566,27.954186,120.587915,10,2,0
1830,2575,-24.36136458,-42.81165084,28.0362,120.58118,28.02926,120.59028,9,286,0
1500,2116,-40.58161872,-32.56765628,28.05006,120.62061,28.04925,120.60197,7,203,0
273,1650,-31.93691693,-11.99007284,28.02613,120.64691,28.020022,120.631375,-1,38,0
73,936,-48.80179323,-3.002118916,28.01003,120.63314,28.02145,120.63334,3,231,0
1501,2784,-45.95556729,-33.30299687,28.05557,120.61784,28.05184,120.61542,7,23198,0
631,902,-0.73563655,-38.77593574,27.98274,120.56357,27.99381,120.57017,8,60,0
893,1103,-4.022705593,11.91122562,28.00209,120.66254,27.97694,120.62826,-1,2,0
1500,2453,-42.51052338,-33.29220603,28.05006,120.62061,28.04644,120.60417,7,128,0
956,1994,0.941940581,13.33185068,27.97159,120.65547,27.992378,120.669665,-1,8,0
2214,2720,15.63598372,5.564669578,27.9598,120.68203,27.97853,120.684,-1,119,0
192,893,-14.3707954,44.45338315,28.002732,120.666557,28.00209,120.66254,3,209,0
3,353,-37.88697979,-37.52163784,28.03927,120.5877,28.04744,120.60876,-1,227,0
54,2053,-32.18084716,-8.694090377,28.018598,120.620672,28.01003,120.63016,4,39,0
421,1763,63.41999146,-10.43870611,27.91626,120.8268,27.92159,120.82161,6,1004,0
487,1582,9.140073399,8.384333391,27.98776,120.67428,27.96936,120.67444,-1,139,0
797,2673,41.09543773,24.89400607,27.97373,120.74409,27.96916,120.74277,10,558,0
1257,2541,1.103559618,-35.75470282,27.97868,120.57877,27.99417,120.59987,8,13,0
440,1453,-12.96334612,0.388135721,28.00029,120.64716,27.99832,120.6366,3,2,0
454,1753,7.961274708,-2.56297387,27.98,120.66708,27.96526,120.65283,5,55,0
667,1376,33.34033927,30.8755967,27.986198,120.732437,27.99176,120.72451,-1,28,0
1244,2424,-15.18178372,52.49404429,28.00503,120.67134,28.01008,120.67058,3,3723,0
372,2010,-3.447809445,48.32943221,27.99629,120.68028,27.99742,120.68104,4,10852,0
582,2826,73.51311632,19.60563178,27.86958,120.81319,27.86957,120.81322,6,25152,0
657,1814,33.87000389,-46.73387589,27.878795,120.706921,27.88108,120.671,3,68,0
869,2374,48.86991455,1.485187427,27.94864,120.77547,27.93982,120.7985,-1,20,0
1298,2294,-29.39390668,-2.701533347,28.01943,120.636564,28.017358,120.65303,3,14,0
1795,2379,-69.9758691,9.802729634,28.05247,120.66674,28.04982,120.6511,7,195,0
720,2360,46.75978597,31.78135038,27.97976,120.74186,27.97589,120.75072,10,271,0
1727,2233,70.94286377,15.68317586,27.91218,120.83617,27.86543,120.81525,6,115,0
1259,2767,-33.36772502,31.09107115,28.00517,120.6494,28.00293,120.64916,3,1379,0
695,1474,-26.16145121,-49.18893381,28.054694,120.586916,28.02436,120.58545,9,44,0
1284,2497,33.90336322,-2.109383637,27.94439,120.71319,27.92371,120.73494,-1,10,0
1110,1877,39.05459037,-16.20870231,27.946867,120.69923,27.928215,120.695478,-1,55,0
1386,1549,26.1198894,42.44005549,27.98557,120.68544,27.98966,120.70619,-1,29,0
2005,2248,21.5611577,4.725349785,27.92325,120.6878,27.97512,120.69186,-1,18,0
2087,2617,-51.46255482,20.37159294,28.02363,120.66164,28.02136,120.65561,3,143,0
243,2220,-6.029038268,-1.512238467,28.000291,120.647161,28.00312,120.65703,3,22,0
1273,2575,-22.55335285,-36.64655276,28.02347,120.61544,28.02926,120.59028,-1,35,0
535,2759,50.07220463,-6.811187495,27.96456,120.79906,27.96648,120.78929,2,223,0
109,609,-32.97528058,-27.70171859,28.03316,120.59087,28.02096,120.62016,-1,2,0
349,1563,43.89841274,-23.41715155,27.92317,120.70288,27.92204,120.69661,3,865,0
136,1605,-22.20211287,5.531316402,28.01434,120.65091,28.01353,120.6398,3,34,0
1749,2549,5.108828092,-52.74957711,27.97581,120.57281,27.98841,120.58255,8,983,0
1502,2611,-0.022337453,16.39769565,27.991292,120.664871,27.995832,120.677166,4,0,0
755,1284,32.7169035,-18.93369938,27.928,120.698,27.94439,120.71319,-1,3,0
1373,2952,-17.32584355,27.52716072,28.01793,120.66445,28.021681,120.670423,3,13,0
98,726,-7.540486623,-2.391208337,27.996306,120.644374,28.00074,120.64324,3,2,0
989,2190,3.733807653,8.32658497,27.987092,120.667981,27.98235,120.67423,-1,267,0
415,428,-31.01677771,7.902970311,28.01975,120.65219,28.02544,120.64799,-1,8,0
2399,2718,20.63678677,-40.06483344,27.951096,120.598666,27.94477,120.59481,10,5911,0
335,2021,35.46066989,-34.28542934,27.93483,120.66784,27.92043,120.68424,-1,69,0
71,780,-10.73313943,29.1082103,28.01392,120.67932,28.01006,120.68043,-1,9,0
7,723,-35.8587053,20.31324251,28.0131,120.641,28.01311,120.6415,3,11,0
2288,2881,15.14726255,48.22322723,28.014173,120.713536,28.00606,120.714808,7,75,0
1502,1582,1.890560818,1.68967824,27.991292,120.664871,27.96936,120.67444,-1,57,0
1170,1510,-36.09748426,-4.340650464,28.023333,120.636389,28.023269,120.632426,-1,25,0
1386,1843,12.8939768,18.701846,27.98557,120.68544,27.983923,120.680378,4,28,0
1134,2344,-6.166410465,-12.61302352,27.99644,120.63354,28.000843,120.64058,-1,83,0
1849,2789,59.34149848,11.9837631,27.89831,120.81286,27.87222,120.79381,6,170,0
1215,2445,3.119167416,-49.41717959,27.98702,120.60848,27.992515,120.595201,8,350,0
482,2793,46.83777669,26.53134639,27.97359,120.74776,27.96841,120.73048,10,524,0
307,1045,-24.33848286,19.47311572,28.01573,120.65876,28.0167,120.656,3,38,0
27,76,16.19213566,39.7839497,28.00949,120.71444,27.99619,120.71034,7,27,0
720,2007,40.8651683,13.67817234,27.97976,120.74186,27.99715,120.77526,10,39,0
1140,1503,-12.75081273,-57.42779749,28.04193,120.57698,28.0363,120.5857,9,421,0
19,1933,2.338211681,6.495605761,27.98443,120.66958,27.9843,120.66116,4,17,0
906,2444,-2.364698655,38.96729951,28.01211,120.69386,27.99277,120.67775,-1,11,0
391,936,-35.81982966,-2.318086684,28.02273,120.64301,28.02145,120.63334,3,64,0
2033,2496,64.0821317,-8.578364766,27.9196,120.81824,27.94412,120.76969,-1,273,0
2479,2802,35.866917,0.782664823,27.95756,120.72822,27.98055,120.72944,10,38,0
621,2445,4.843814102,-50.92960932,27.98848,120.61075,27.992515,120.595201,8,2371,0
1161,2021,31.4780263,-37.65533254,27.90218,120.626462,27.92043,120.68424,3,0,0
659,1995,9.061719352,-53.4877336,27.98025,120.58452,27.98625,120.5825,8,2254,0
1826,2272,44.74065254,-34.43795086,27.92285,120.68994,27.91974,120.69145,3,1501,0
2116,2857,-38.79707562,-51.6494567,28.04925,120.60197,28.09805,120.59534,-1,26,0
490,2653,-36.624364,-31.22461175,28.00307,120.6298,28.03697,120.58917,-1,18,0
2792,2899,-37.85722612,7.879790827,28.02302,120.66759,28.02802,120.65472,-1,16,0
608,1879,0.263949138,34.29163559,27.99367,120.69233,27.999526,120.680665,4,139,0
48,1482,-22.98535407,40.32608095,28.01947,120.67661,28.02168,120.67042,3,144,0
1271,1385,-42.96781819,-21.11050449,28.047627,120.634779,28.05153,120.62762,7,8,0
1646,2954,-37.39703977,3.122907231,28.03083,120.63755,28.05735,120.66573,7,0,0
1519,1956,44.88067037,16.15635045,27.97433,120.75966,27.96946,120.72066,10,33,0
668,1807,-35.22644215,-10.58788431,28.0105,120.60976,28.040568,120.63282,-1,4,0
1529,2048,-34.46642998,-53.20027376,28.10206,120.54994,28.07875,120.58356,9,200,0
1603,1787,16.22214491,-31.33079438,27.94403,120.59556,27.90939,120.56294,10,29,0
552,763,38.9142668,26.00333317,27.96536,120.74141,27.97775,120.74248,10,64,0
382,1244,-11.45163756,20.65578825,28.01967,120.6623,28.00503,120.67134,3,0,0
125,2420,4.917739971,-29.3645773,27.98925,120.62584,27.98362,120.61785,8,109,0
391,2528,-28.80313942,5.377522933,28.02273,120.64301,28.023744,120.653645,-1,22,0
560,1136,8.53028948,45.78385741,28.016323,120.703784,28.04624,120.66456,7,2,0
2005,2871,44.4610891,-35.86857309,27.92325,120.6878,27.92341,120.69408,3,1115,0
418,2362,39.91667568,-23.2918504,27.925833,120.705277,27.92159,120.70412,3,127,0
1082,1687,-32.93815118,24.20917763,28.016688,120.655528,28.0134,120.65344,3,106,0
2458,2530,30.59760049,-52.20987653,27.85734,120.67149,27.861446,120.66791,3,927,0
4,2534,-0.117458447,-23.87338613,27.98663,120.61963,27.986553,120.628013,8,28,0
959,1796,-41.91429593,-10.57436537,28.009115,120.657413,28.04071,120.63988,-1,7,0
192,1255,-6.483314199,12.68299408,28.002732,120.666557,27.9997,120.67055,3,5,0
1548,2762,-18.63834034,23.87404284,28.01442,120.66161,28.01919,120.67036,3,114,0
457,1628,7.143831246,45.19049945,28.01851,120.70462,28.01497,120.68572,7,51,0
394,1089,-13.54303288,-42.35989356,28.029211,120.593311,28.02804,120.57818,-1,14,0
93,859,21.51431367,-10.46118348,27.95117,120.66753,27.95386,120.68203,5,21,0
84,2621,-8.546574057,32.53133871,28.01988,120.68913,28.01036,120.67777,-1,53,0
1191,2022,19.06190245,-16.5792083,27.95227,120.64535,27.94096,120.64958,5,4276,0
1995,2541,0.611854699,-42.66625861,27.98625,120.5825,27.99417,120.59987,8,47,0
133,2261,25.65366976,0.952513402,27.9535,120.69621,27.97054,120.68557,5,94,0
143,627,-68.39528725,9.019848414,28.04546,120.65895,28.0494,120.66193,7,13084,0
1460,2715,2.396281069,-16.75048105,27.985304,120.632788,27.99435,120.66326,-1,15,0
852,1286,-38.76585732,25.65552214,28.013741,120.650393,28.01117,120.65006,3,397,0
1705,2171,59.64350472,2.303183329,27.90977,120.83609,27.91955,120.83809,6,90,0
1465,2594,-40.82512838,-53.70335613,28.090984,120.588938,28.08581,120.59066,9,2149,0
4,1837,-4.654946503,-19.74145927,27.98663,120.61963,27.98603,120.63754,8,157,0
684,981,29.83690394,-44.33905991,27.88258,120.62827,27.89495,120.67037,3,17,0
1501,2009,-49.89537688,-16.15281258,28.05557,120.61784,28.04976,120.647462,7,3,0
1717,1804,-13.30329947,-19.92703853,27.99375,120.61713,28.00502,120.61628,-1,23,0
522,818,12.30768163,-32.93248266,27.95536,120.60011,27.94749,120.64401,-1,8,0
1308,1360,13.54435957,24.06982061,27.98404,120.68203,27.993854,120.698744,4,15,0
906,1342,-7.242763585,54.1080075,28.01211,120.69386,28.00491,120.67627,-1,62,0
746,1102,16.86193773,-13.00734649,27.94545,120.66986,27.95246,120.64545,5,66,0
1276,1765,4.98985808,-54.78483781,28.00066,120.58221,27.9931,120.58597,8,1891,0
684,835,31.74346238,-46.02995784,27.88258,120.62827,27.87789,120.68776,3,179,0
227,2396,-55.97831848,-20.03627001,28.05333,120.63083,28.03985,120.62173,7,248,0
522,1407,14.75838975,-27.47405479,27.95536,120.60011,27.97235,120.62717,-1,18,0
814,1294,-37.06470507,-45.22851468,28.06065,120.61145,28.06952,120.58518,-1,32,0
560,1506,10.13413298,67.32430519,28.016323,120.703784,28.02799,120.66168,7,57,0
508,1736,-38.52806688,-17.10521067,28.04337,120.65572,28.029592,120.6244,7,33,0
2874,2964,22.85143987,17.30586064,28.068889,120.756389,28.07691,120.77662,2,214,0
1360,1496,23.13045453,4.262567206,27.993854,120.698744,27.97767,120.70127,4,125,0
257,1661,-30.86131596,-51.30010875,28.076984,120.602335,28.060416,120.573888,9,21,0
41,1204,15.5572462,-40.24799408,27.95746,120.61208,27.94777,120.6125,10,778,0
86,2294,-39.762902,18.98810827,28.01563,120.65181,28.017358,120.65303,3,452,0
589,1803,-25.42020754,26.51475636,28.013126,120.664223,28.01235,120.66512,3,63,0
358,2071,42.63778628,25.63468211,27.96854,120.74135,27.97079,120.74276,10,847,0
328,2009,-62.34711359,-13.89135143,28.05929,120.65781,28.04976,120.647462,7,5422,0
766,1094,-14.41207942,-15.74601891,28.00726,120.61292,28.01845,120.59962,-1,70,0
1276,2372,-3.499653417,-35.09384071,28.00066,120.58221,28.023805,120.597166,-1,21,0
287,1998,-5.525124253,-23.30099957,27.986822,120.630326,27.987217,120.623164,8,2536,0
534,1563,30.08244035,-23.14965574,27.93767,120.66978,27.92204,120.69661,-1,3,0
2446,2508,7.260584553,5.171872341,27.98763,120.66308,27.96724,120.66561,-1,54,0
2373,2471,-6.986674638,10.38174701,27.99672,120.65264,28.00877,120.66836,3,2,0
378,914,51.82487454,-0.266697287,27.96458,120.79525,27.93088,120.80284,-1,49,0
705,1054,-12.85233773,-6.673508533,28.00227,120.63088,27.99918,120.641648,3,23,0
741,1683,20.79958968,-14.83406222,27.95095,120.65688,27.95708,120.67304,5,332,0
984,2125,23.94135492,53.58233423,28.002192,120.710532,28.005059,120.711717,7,130,0
1176,1433,-27.43579412,12.3594893,28.01711,120.65265,28.015196,120.648057,3,22,0
1070,1427,40.61835815,15.79936859,27.97374,120.7589,27.98011,120.74983,10,9,0
995,1337,20.20867206,-47.63177638,27.941,120.574,27.9422,120.581,10,4204,0
1596,1796,-58.4520759,3.10933143,28.027266,120.655901,28.04071,120.63988,7,99,0
1338,1940,-45.50205681,-37.87092986,28.056963,120.625239,28.05756,120.60725,7,159,0
814,1934,1.731641602,-5.393059621,28.06065,120.61145,28.046363,120.62567,7,92,0
859,1698,19.49020916,-5.985042729,27.95386,120.68203,27.95861,120.665556,5,39,0
599,2848,23.92350469,0.726804905,27.97321,120.72684,27.965369,120.686131,-1,110,0
1899,2085,-40.54365253,-43.0486529,28.06248,120.60338,28.04973,120.58807,9,446,0
2190,2738,8.245465404,11.94047898,27.98235,120.67423,27.98625,120.67291,-1,75,0
1689,2426,-42.6305381,14.75903357,28.02095,120.64389,28.0241,120.647393,3,55,0
79,2159,42.16589798,-17.32873687,27.921889,120.696181,27.9283,120.69546,3,381,0
1741,1947,-1.649787101,42.18848147,27.98857,120.68057,27.98803,120.67876,4,329,0
1871,2129,8.572166155,-6.895931733,27.96874,120.65488,27.98951,120.64774,5,6,0
408,1796,-58.64752461,-14.42858786,28.05042,120.6339,28.04071,120.63988,7,1287,0
1973,2841,17.12663024,37.40104252,27.99978,120.70721,28.000286,120.70749,7,37,0
856,1439,21.69507671,56.2813343,28.0052,120.72043,28.005515,120.719495,7,336,0
2207,2734,37.23131567,-45.64160293,27.890556,120.636418,27.90428,120.63587,3,56,0
1218,1989,64.70361162,-6.257803027,27.91539,120.8198,27.93336,120.81773,6,148,0
1731,2559,-21.87213154,6.814974427,28.00652,120.64463,28.01104,120.64986,3,37,0
617,1913,-16.92751584,-26.58989588,28.013371,120.594287,28.02588,120.60418,3,73,0
54,80,-25.26344735,-11.71877252,28.018598,120.620672,28.01143,120.62756,4,23,0
216,430,7.583418819,37.83072811,27.998761,120.697185,28.00437,120.69558,7,8,0
950,1215,3.660571419,-43.66904133,27.98069,120.61263,27.98702,120.60848,8,715,0
257,2725,-41.39761991,-55.10615329,28.076984,120.602335,28.08578,120.59077,9,8742,0
331,1506,-60.82150787,0.984789917,28.03958,120.62042,28.02799,120.66168,7,89,0
584,824,-1.671355988,-9.153559524,27.99383,120.62841,28.002956,120.643807,-1,14,0
1103,1870,-5.312004308,10.06557542,27.97694,120.62826,27.99576,120.6574,-1,5,0
1620,2862,-49.21110826,-9.088107379,28.01578,120.62194,28.01436,120.62323,4,573,0
11,2881,27.91531086,52.76762311,27.99544,120.72251,28.00606,120.714808,7,179,0
367,2445,4.658605454,-50.84398792,27.99233,120.60381,27.992515,120.595201,8,3812,0
685,2387,1.650423652,-37.88101485,27.97822,120.56591,27.9665,120.57004,8,66,0
1940,2888,-47.42402612,-42.32523722,28.05756,120.60725,28.05349,120.61286,7,3935,0
1284,2901,25.95087938,3.747235049,27.94439,120.71319,27.97339,120.7071,10,131,0
1170,2745,-38.97712684,-1.262497357,28.023333,120.636389,28.02921,120.62987,-1,6,0
87,697,35.3009822,-29.82606031,27.92144,120.6877,27.92414,120.70279,3,42,0
1326,2259,3.66781873,54.1606351,28.0011,120.69646,28.00154,120.69636,7,244,0
1747,2119,40.97050149,29.45652615,27.978667,120.735061,27.97513,120.74591,10,127,0
76,550,15.32766301,35.18008548,27.99619,120.71034,28.0076,120.72365,7,22,0
2093,2644,27.58311787,15.35394621,28.02905,120.78585,28.019199,120.784475,2,143,0
977,2061,0.274806109,26.0752908,27.99364,120.68164,27.98839,120.68338,4,2,0
643,860,-56.68783358,4.117676479,28.04355,120.65147,28.03044,120.64309,7,4,0
293,2656,-34.24305099,6.387706292,28.02476,120.635142,28.024797,120.649708,-1,16,0
1969,2614,-26.18223407,-9.191378266,28.00303,120.63895,28.01688,120.6293,-1,0,0
609,2316,-30.20229589,-32.17828265,28.02096,120.62016,28.0271,120.60091,3,79,0
759,1806,48.01402239,19.53635799,27.97238,120.74249,27.971111,120.759166,10,36,0
1689,2467,-38.07842261,0.729457584,28.02095,120.64389,28.025613,120.638246,-1,111,0
565,2164,-35.59709391,37.82516259,28.00841,120.66454,28.01286,120.66582,3,769,0
2064,2615,66.97124302,15.84316742,27.889525,120.804362,27.87142,120.82061,6,42,0
1273,1338,-53.45759534,-30.41212004,28.02347,120.61544,28.056963,120.625239,-1,40,0
510,670,-30.38411236,-35.64435021,28.04567,120.60077,28.026927,120.60664,-1,90,0
138,259,-62.01064815,14.51156967,28.04427,120.69476,28.05022,120.66531,7,17,0
1124,1509,60.40610099,-12.03284434,27.92529,120.82185,27.9249,120.82617,6,1467,0
463,721,-9.416432463,-43.91337468,28.02702,120.57609,28.023333,120.576055,9,917,0
428,1689,-36.06611596,12.52756999,28.02544,120.64799,28.02095,120.64389,-1,46,0
295,2168,-10.88754567,-40.31022958,28.02333,120.57606,28.02265,120.60445,-1,0,0
426,1984,-38.90465607,-11.05399615,28.025933,120.641498,28.039803,120.642004,7,0,0
42,1803,-8.068468434,20.58582604,28.0014,120.65569,28.01235,120.66512,3,0,0
1821,2937,35.94982504,26.34873112,27.98011,120.74803,27.97398,120.7324,10,32,0
961,1015,-29.78897993,-52.20766701,28.06451,120.58223,28.02245,120.61239,-1,0,0
992,1958,-26.91526028,22.3420216,28.02084,120.66124,28.01842,120.65967,3,81,0
382,1606,-10.53364149,23.13258975,28.01967,120.6623,28.01492,120.67488,3,2,0
1,1878,46.191662,16.29159173,27.97014,120.75603,27.97253,120.76819,10,1405,0
57,1400,-23.13005647,-20.19895925,28.00954,120.61511,28.01833,120.60806,-1,264,0
14,2952,-21.74999725,35.2487717,28.02496,120.66541,28.021681,120.670423,3,188,0
2347,2966,70.74782364,0.131496425,27.91091,120.81602,27.90319,120.81717,6,20148,0
1284,2886,37.75604014,-15.91014774,27.94439,120.71319,27.937481,120.703179,-1,97,0
238,633,29.09399517,41.57071173,27.985024,120.706695,27.98491,120.70392,-1,43,0
2315,2377,25.22130723,37.25711938,27.9939,120.72128,27.9934,120.719,7,154,0
407,2575,-20.77409375,-42.96175518,28.026727,120.58226,28.02926,120.59028,9,3412,0
882,2362,35.62435199,-27.2567564,27.921388,120.7025,27.92159,120.70412,3,15,0
582,1924,71.96082718,19.09907543,27.86958,120.81319,27.86419,120.81517,6,578,0
2110,2237,46.2144038,-20.04847531,27.92408,120.70403,27.92797,120.69797,3,782,0
1555,2323,-36.78918162,3.624689255,28.043798,120.657967,28.02463,120.6447,7,23,0
1331,2666,-41.31200128,-23.17712434,28.07361,120.61293,28.04116,120.62863,-1,27,0
1082,1423,-22.21885933,4.775850291,28.016688,120.655528,28.0149,120.64587,3,27,0
18,1020,14.80338999,38.51326435,28.00286,120.70562,28.00029,120.70357,7,16,0
1661,2840,-29.46214473,-51.71995577,28.060416,120.573888,28.04323,120.58656,9,18,0
552,1950,28.41244175,30.7840101,27.96536,120.74141,27.99139,120.71952,-1,8,0
405,1026,10.64495861,14.31997228,27.989232,120.680662,27.981479,120.677436,-1,171,0
526,2756,9.450408587,19.16380634,27.985748,120.682807,27.98645,120.68772,4,0,0
94,467,-1.042852754,31.98668679,28.00246,120.68241,28.012398,120.68848,-1,2,0
318,1895,17.1126174,-4.451578679,27.97271,120.64743,27.96905,120.70307,-1,3,0
1428,2542,-25.98975053,-19.70828767,28.02259,120.62662,28.01903,120.61189,-1,220,0
1008,1098,-47.67179639,-28.74872314,28.06212,120.60705,28.0475,120.62333,-1,100,0
165,1605,-23.50212985,-1.263776384,28.01117,120.64232,28.01353,120.6398,3,14,0
496,2778,-6.096905099,-11.56241025,27.993833,120.628333,27.99859,120.64039,-1,18,0
1646,2587,-58.68166181,0.02748354,28.03083,120.63755,28.025858,120.64343,7,154,0
1680,2479,33.36265973,-2.915188218,27.96413,120.67139,27.95756,120.72822,-1,21,0
1385,1435,-54.08163777,-19.19923167,28.05153,120.62762,28.046174,120.636789,7,139,0
1386,1678,13.27394322,27.55282924,27.98557,120.68544,27.99551,120.70595,4,3,0
919,954,-35.76245652,42.56019493,28.01517,120.66789,28.018214,120.672196,3,1177,0
636,1180,21.89472678,30.6753427,27.98612,120.70958,27.97777,120.70138,-1,2,0
312,1698,14.18866428,2.333522878,27.97483,120.67456,27.95861,120.665556,5,98,0
925,2190,5.162693122,-4.028982524,28.00554,120.66603,27.98235,120.67423,-1,4,0
1592,2086,-17.14596862,-57.95627998,28.04448,120.57033,28.03771,120.57585,9,1544,0
1123,1204,11.62656886,-29.11518805,27.96552,120.64757,27.94777,120.6125,-1,102,0
405,2099,-1.410175269,44.77109079,27.989232,120.680662,27.99084,120.68506,4,7976,0
1116,2110,40.96153938,-21.77051871,27.92366,120.70449,27.92408,120.70403,3,221,0
2362,2375,42.6636044,-29.77709093,27.92159,120.70412,27.91276,120.70931,3,413,0
1695,2847,-11.75560809,-45.98617495,28.02937,120.5775,28.041041,120.588459,9,138,0
1139,1639,-2.970490499,-23.30179704,27.988544,120.62822,27.988119,120.628211,8,168,0
1759,2792,-25.05059278,40.54779161,28.018481,120.682668,28.02302,120.66759,3,150,0
1005,2452,-37.95083527,34.76812729,28.00628,120.65332,28.0105,120.66068,3,426,0
872,2529,-1.167360524,6.272900843,27.98477,120.64882,27.99373,120.65937,-1,30,0
450,2970,18.22465099,-49.25499356,27.96474,120.57156,27.9567,120.57364,-1,7276,0
1565,2729,-47.69118518,-18.53135251,28.03749,120.6251,28.05359,120.63947,7,53,0
866,2802,43.08077521,35.45167157,27.97155,120.73972,27.98055,120.72944,10,791,0
872,1103,-1.892087767,-16.6139114,27.98477,120.64882,27.97694,120.62826,-1,27,0
1683,2261,23.4575901,-1.278727825,27.95708,120.67304,27.97054,120.68557,5,205,0
1765,2094,3.284940854,-54.22821552,27.9931,120.58597,27.992,120.60987,8,298,0
857,1956,47.73005689,2.025075197,27.93632,120.80777,27.96946,120.72066,-1,17,0
1178,2931,5.460812218,36.8286556,27.99689,120.69531,27.998552,120.692752,4,11,0
19,2655,6.026714359,11.95502987,27.98443,120.66958,27.986872,120.673376,4,41,0
264,1653,-22.63579145,18.13350547,28.01535,120.66232,28.00714,120.65555,3,8,0
264,415,-24.65349499,18.84623139,28.01535,120.66232,28.01975,120.65219,3,51,0
670,2168,-26.75175968,-26.81220546,28.026927,120.60664,28.02265,120.60445,3,686,0
496,1998,-1.863918993,-25.39266055,27.993833,120.628333,27.987217,120.623164,8,65,0
387,2602,-23.78504009,-50.99191566,28.0246,120.58292,28.041463,120.586511,9,126,0
454,2176,9.416083106,10.64159083,27.98,120.66708,27.95843,120.65338,5,30,0
501,1321,-1.053628968,54.6156619,28.004176,120.686025,27.99863,120.68954,4,62,0
1354,1713,-46.76825326,-4.527797298,28.01757,120.6318,28.01567,120.62619,4,215,0
335,1108,28.9866778,-13.8730425,27.93483,120.66784,27.924685,120.69711,-1,0,0
229,2028,62.85623647,-1.791310653,27.93122,120.80706,27.92122,120.80887,6,95,0
1055,2496,53.05421799,7.8387099,27.89321,120.79688,27.94412,120.76969,-1,16,0
1859,2324,68.24527571,15.41998262,27.87212,120.80789,27.8722,120.8266,6,126,0
1536,2512,10.65371938,15.27721882,27.985,120.67851,27.99935,120.67604,4,7,0
227,2729,-60.21553641,-17.93061991,28.05333,120.63083,28.05359,120.63947,7,8067,0
182,2053,-24.96589687,-12.75746942,28.01939,120.61656,28.01003,120.63016,-1,2,0
1689,2587,-38.66811359,1.923432881,28.02095,120.64389,28.025858,120.64343,-1,124,0
1654,2085,-31.49226726,-33.43807794,28.02792,120.60131,28.04973,120.58807,-1,9,0
1455,2743,-51.68964203,-23.03958507,28.03905,120.62757,28.049957,120.622963,7,113,0
2653,2827,-36.47635011,-40.51849535,28.03697,120.58917,28.05657,120.60001,-1,99,0
1331,2725,-42.7470904,-49.40360228,28.07361,120.61293,28.08578,120.59077,9,154,0
556,1653,-11.34633266,9.290738938,27.99014,120.62903,28.00714,120.65555,-1,0,0
665,777,-1.319854794,26.880951,27.9992,120.675,28.0005,120.677262,4,60,0
906,919,-34.77345656,41.03861841,28.01211,120.69386,28.01517,120.66789,-1,118,0
2453,2653,-38.80101936,-38.49330493,28.04644,120.60417,28.03697,120.58917,-1,223,0
454,2010,1.895122118,19.98987783,27.98,120.66708,27.99742,120.68104,-1,11,0
2010,2928,-3.654902883,46.60581896,27.99742,120.68104,27.99271,120.68075,4,205,0
844,2433,-17.54123882,22.6406811,28.00813,120.67287,28.02202,120.66394,3,7,0
738,1480,49.34234176,-4.842788029,27.9652,120.81554,27.96194,120.78881,2,186,0
986,2439,-33.40308242,-48.22136761,28.077531,120.587363,28.04261,120.57226,9,26,0
1799,2842,-0.431578794,48.80863585,27.99461,120.68409,27.98853,120.69743,4,405,0
1746,2662,17.82111659,35.21946265,27.99484,120.70984,27.9944,120.7017,-1,6,0
2439,2764,-17.50280262,-56.22558812,28.04261,120.57226,28.044142,120.567394,9,2493,0
779,2146,-36.64501085,-39.85912303,28.03387,120.594038,28.051431,120.600469,-1,108,0
633,2519,28.43729341,45.95051422,27.98491,120.70392,27.99715,120.70087,-1,323,0
858,2353,11.35027468,12.25271121,27.985,120.676,27.973777,120.682079,-1,32,0
1351,2137,-67.80254796,2.978013571,28.04387,120.63355,28.04852,120.65349,7,68,0
450,1704,1.920725981,-37.79093426,27.96474,120.57156,27.97611,120.56109,8,18,0
740,1923,-7.745196503,-7.16431617,28.011421,120.622423,27.99631,120.64437,-1,9,0
415,706,-45.63574789,27.12097712,28.01975,120.65219,28.01787,120.65315,3,318,0
633,1679,28.56878695,47.18037961,27.98491,120.70392,27.99338,120.70875,-1,979,0
149,2200,-17.01195267,19.02333127,28.01646,120.65935,28.03746,120.65611,-1,2,0
529,1904,-22.7842713,47.73603045,28.01174,120.68077,28.01361,120.68305,-1,189,0
2046,2233,69.06926993,15.63616242,27.88702,120.81085,27.86543,120.81525,6,265,0
722,1509,56.88037013,-2.791649852,27.92889,120.82314,27.9249,120.82617,6,68,0
669,1134,-12.27626945,-9.468577605,28.01255,120.63174,27.99644,120.63354,-1,99,0
1952,2581,-43.02618354,18.94133664,28.01814,120.64798,28.020019,120.648575,3,305,0
1169,1503,-18.39134487,-24.74007271,28.01606,120.6036,28.0363,120.5857,-1,0,0
1680,1753,12.3319923,-7.312016621,27.96413,120.67139,27.96526,120.65283,5,19,0
1061,1824,44.31409587,-24.30403627,27.92415,120.70545,27.9227,120.70332,3,7842,0
467,1332,-9.791506715,33.135828,28.012398,120.68848,28.01245,120.68519,-1,24,0
920,2228,17.9133513,-37.71928621,27.94553,120.6091,27.94986,120.5872,10,164,0
550,2852,16.77158689,50.04647189,28.0076,120.72365,28.0076,120.724,7,31,0
1101,2538,43.60931133,12.17812958,28.008865,120.778256,28.00886,120.77826,-1,91,0
866,1430,34.97616305,0.738493462,27.97155,120.73972,27.9498,120.72544,10,10,0
1839,2873,10.4289739,69.11478456,27.97706,120.75192,28.000323,120.727524,-1,153,0
728,1774,0.467119114,5.657710386,27.98895,120.65771,27.99094,120.65242,-1,69,0
269,937,51.57113966,-8.902982272,27.96807,120.80604,27.94444,120.83533,-1,22,0
57,1398,-18.88094604,-18.16051132,28.00954,120.61511,28.02438,120.60303,-1,117,0
2064,2570,74.48537023,7.42064911,27.889525,120.804362,27.8882,120.80334,6,6699,0
1088,2801,-27.66540181,10.68724762,28.016654,120.650607,28.01569,120.65545,3,33,0
1323,2714,66.97416884,15.35781832,27.85707,120.81238,27.8832,120.80518,6,33,0
298,302,32.44378856,-24.30251068,27.92054,120.70164,27.9241,120.70277,3,74,0
961,2911,-31.44561083,-57.7205658,28.06451,120.58223,28.0692,120.57826,9,1052,0
569,809,-14.46571072,-7.40808877,28.006636,120.635923,28.00594,120.6349,3,91,0
384,1111,-32.18987717,-3.212393556,28.01405,120.63301,28.02502,120.63963,-1,15,0
1004,1981,-38.30681751,-26.43477058,28.04879,120.61397,28.04382,120.61146,7,190,0
730,2378,7.342846059,42.48129123,28.0101,120.69668,28.013795,120.696286,7,22,0
1441,2890,-58.53108359,6.027719476,28.04381,120.65767,28.02424,120.6348,-1,36,0
143,438,-39.24763577,-19.60421606,28.04546,120.65895,28.03933,120.62364,7,22,0
961,1294,-32.87626627,-56.61687329,28.06451,120.58223,28.06952,120.58518,9,299,0
1782,1799,3.003573034,51.48244507,27.997236,120.700653,27.99461,120.68409,-1,22,0
1626,2509,-19.59301664,-23.56628253,28.01389,120.60169,28.02225,120.60442,3,407,0
619,1687,-16.59730746,17.40594937,28.01319,120.65921,28.0134,120.65344,3,8,0
68,2473,-1.41943125,-2.611595388,28.02467,120.61708,28.022523,120.620372,3,37,0
2033,2726,54.04676746,1.64766051,27.9196,120.81824,27.9296,120.80677,6,23,0
1667,1837,0.821634246,-20.90563942,27.93583,120.61337,27.98603,120.63754,8,6,0
48,692,-16.67162011,33.64933552,28.01947,120.67661,28.00622,120.6991,-1,0,0
2827,2860,-40.99995834,-27.30268156,28.05657,120.60001,28.0702,120.62208,-1,115,0
264,2263,-14.13876202,18.15153735,28.01535,120.66232,28.00726,120.65848,3,48,0
415,2117,-40.15807536,15.9881505,28.01975,120.65219,28.0167,120.6534,3,712,0
576,1650,-48.85586025,-1.746886373,28.02002,120.63138,28.020022,120.631375,-1,61,0
549,2451,16.02656916,50.30550523,28.00025,120.7286,28.01596,120.72171,7,178,0
329,675,32.87640936,-46.11142403,27.86838,120.6556,27.91318,120.6689,3,4,0
2511,2801,-26.21946979,12.54183932,28.015241,120.649988,28.01569,120.65545,3,49,0
980,1394,-7.376287946,38.10939866,27.99716,120.67088,27.99572,120.672658,4,98,0
1537,2559,-38.04910313,24.10709248,28.011427,120.649686,28.01104,120.64986,3,104,0
35,2760,-29.20162738,-53.65067749,28.06905,120.57281,28.093393,120.555994,9,0,0
621,1876,18.95438557,-35.5207616,27.98848,120.61075,27.954186,120.587915,-1,52,0
79,2144,46.49750395,-26.65983067,27.921889,120.696181,27.92809,120.70577,3,178,0
1285,2151,-42.09553696,-37.19828427,28.04108,120.61641,28.06452,120.61682,-1,182,0
992,1990,-26.75943151,16.94799114,28.02084,120.66124,28.02045,120.65999,3,67,0
227,1435,-58.35513166,-18.29947456,28.05333,120.63083,28.046174,120.636789,7,281,0
117,605,-13.7944173,-35.24649215,28.026108,120.592702,28.0258,120.57913,-1,28,0
758,975,-2.361695624,29.30602082,27.99542,120.68153,28.00397,120.67029,-1,45,0
217,2445,-15.51002288,-25.23037651,28.01578,120.59444,27.992515,120.595201,-1,0,0
909,1103,4.732790158,-13.65274146,27.95992,120.64877,27.97694,120.62826,-1,19,0
600,1731,-36.42200996,24.79252079,28.00892,120.64776,28.00652,120.64463,3,475,0
1447,2670,-1.216995613,32.14192491,28.0035,120.6833,28.004123,120.680295,4,113,0
2535,2557,-22.19947601,48.2201895,28.01377,120.68309,28.014329,120.680824,3,162,0
420,1623,12.51205155,47.00100533,28.019477,120.715049,28.01771,120.71787,7,70,0
1947,2127,-3.606414832,41.42298478,27.98803,120.67876,27.98869,120.6726,4,113,0
561,876,-45.97449637,1.909408422,28.02374,120.641626,28.01851,120.63892,3,176,0
424,832,-18.81433901,31.89808351,28.025412,120.669507,28.05231,120.68005,-1,13,0
358,1996,41.16142921,32.45916164,27.96854,120.74135,27.96722,120.73585,10,214,0
252,347,32.08024218,29.3512996,27.9874,120.73534,27.98785,120.71681,-1,33,0
1870,2224,-4.161504004,9.927372007,27.99576,120.6574,27.98445,120.67253,-1,0,0
1535,2188,-43.52984345,-4.199385224,28.03768,120.63277,28.02031,120.62527,-1,0,0
1149,1182,-15.25175256,32.2868261,28.02051,120.67683,28.02301,120.68076,3,66,0
60,379,69.89591003,12.37278005,27.89629,120.80392,27.87831,120.82092,6,90,0
328,1927,-45.85458719,-20.74195234,28.05929,120.65781,28.04626,120.62785,7,39,0
189,1769,9.764066687,34.64349606,27.98396,120.69007,27.998722,120.707177,-1,0,0
332,1499,-0.454571064,61.128546,28.00341,120.68731,28.00636,120.69525,-1,216,0
283,797,40.33910412,28.89542144,27.98338,120.744,27.97373,120.74409,10,123,0
486,1120,37.66633532,27.75269935,27.97508,120.74612,27.979201,120.744915,10,27,0
1535,1575,-37.12333562,-22.55600718,28.03768,120.63277,28.03973,120.6399,7,0,0
312,599,24.03844732,-6.602986124,27.97483,120.67456,27.97321,120.72684,-1,2,0
204,2778,-3.939236846,-9.242810703,27.99015,120.62566,27.99859,120.64039,-1,45,0
159,2462,17.72639942,-12.66533062,27.94833,120.66804,27.93855,120.64822,5,152,0
986,2883,-37.67045193,-55.37261859,28.077531,120.587363,28.079318,120.572831,9,780,0
1386,2693,26.63290026,43.76294476,27.98557,120.68544,27.989197,120.703236,-1,38,0
1347,2229,-32.99160668,32.58191122,28.01058,120.65406,27.99852,120.65649,3,95,0
1148,2845,-19.97947175,-53.76859399,28.0466,120.58511,28.04787,120.5854,9,85,0
541,2103,13.045652,-36.22882126,27.96193,120.60948,27.98211,120.59701,-1,119,0
549,1623,28.95350028,34.87511772,28.00025,120.7286,28.01771,120.71787,7,238,0
1549,1683,18.77211593,31.56849554,27.98966,120.70619,27.95708,120.67304,-1,0,0
943,2241,36.59042795,44.67426594,27.98369,120.71502,27.98751,120.72346,7,3484,0
1452,1605,-24.59981376,3.539326803,28.01491,120.64805,28.01353,120.6398,3,25,0
317,439,-42.33615858,16.52513981,28.01994,120.655,28.02332,120.64816,3,83,0
439,2189,-28.85117648,-9.132067244,28.02332,120.64816,28.01722,120.63141,-1,44,0
258,1024,2.264214153,-31.15328933,27.986706,120.608952,27.989558,120.6089,8,24,0
647,1134,-4.123120045,-21.39389739,27.9749,120.63133,27.99644,120.63354,8,14,0
832,2087,-58.83147888,13.26440663,28.05231,120.68005,28.02363,120.66164,-1,93,0
267,2046,69.06643926,7.196228657,27.87206,120.80251,27.88702,120.81085,6,905,0
454,1767,6.558401484,4.033122728,27.98,120.66708,27.97914,120.65482,5,651,0
1108,1794,37.54204796,-13.40033449,27.924685,120.69711,27.94302,120.67619,-1,73,0
1699,2788,14.19949719,7.72609431,27.97659,120.67899,27.96243,120.65546,5,6,0
1605,1774,-25.08882468,-0.15789786,28.01353,120.6398,27.99094,120.65242,-1,5,0
1939,2554,-6.731491787,51.24874111,28.00197,120.68016,28.001666,120.680277,4,282,0
975,2444,-5.068170231,19.06119725,28.00397,120.67029,27.99277,120.67775,-1,2,0
1999,2307,19.02328992,-2.71608613,27.91395,120.70028,27.957377,120.682574,-1,43,0
413,1605,-34.35066419,19.51264053,28.00904,120.647586,28.01353,120.6398,3,18,0
1429,1474,-11.58825984,-34.47675421,28.019912,120.604277,28.02436,120.58545,-1,8,0
1107,2347,61.81747215,0.272010244,27.917248,120.816344,27.91091,120.81602,6,50,0
1008,1899,-46.55964363,-42.70794511,28.06212,120.60705,28.06248,120.60338,9,19968,0
1104,1994,0.615884706,22.44982234,27.99923,120.67458,27.992378,120.669665,4,13,0
42,402,-27.05179716,29.18993128,28.0014,120.65569,28.01188,120.66205,3,28,0
631,1765,8.010440417,-55.29744224,27.98274,120.56357,27.9931,120.58597,8,192,0
1130,1595,-43.64735922,-1.483545703,28.02327,120.63423,28.03104,120.63718,-1,0,0
1995,2076,8.53513971,-54.85041845,27.98625,120.5825,27.99335,120.57729,8,931,0
255,2336,62.14174889,12.41087395,27.91211,120.79786,27.87937,120.8036,6,45,0
19,1991,-12.0535094,39.99996686,27.98443,120.66958,28.00104,120.67237,-1,2,0
2086,2840,-16.25882212,-54.63618804,28.03771,120.57585,28.04323,120.58656,9,236,0
1286,2968,-22.95451006,11.07077355,28.01117,120.65006,28.02802,120.6546,-1,16,0
84,1449,3.875998203,63.02522022,28.01988,120.68913,28.01592,120.69364,7,844,0
214,1269,-19.39674601,-10.52403677,28.01125,120.625528,28.00799,120.62655,4,322,0
1697,2243,50.33707123,0.02998227,27.93044,120.81856,27.94879,120.80808,-1,66,0
361,1124,50.34289451,0.417824349,27.95277,120.79908,27.92529,120.82185,-1,12,0
1400,2189,-25.94635116,-10.16247648,28.01833,120.60806,28.01722,120.63141,-1,16,0
2446,2682,-4.449864016,-3.907883839,27.98763,120.66308,27.99605,120.64769,-1,70,0
1415,2816,-35.87104837,-8.740213665,28.01447,120.64201,28.04411,120.63996,-1,2,0
1105,1653,-35.49017871,29.11131078,28.00791,120.64843,28.00714,120.65555,3,141,0
278,1020,9.979229701,38.10466021,28.00309,120.69882,28.00029,120.70357,7,44,0
220,1453,3.21190343,-7.612613296,27.9974,120.58543,27.99832,120.6366,-1,18,0
2000,2237,46.72493059,-22.21703709,27.92247,120.70628,27.92797,120.69797,3,1031,0
1570,2021,33.00637234,-41.60271684,27.91065,120.6401,27.92043,120.68424,3,18,0
803,1510,-42.39161231,3.334466858,28.02715,120.65114,28.023269,120.632426,7,21,0
287,2096,7.381984475,-42.9943978,27.986822,120.630326,27.97745,120.61375,8,108,0
1305,1763,60.76190743,-2.940531538,27.92668,120.81126,27.92159,120.82161,6,106,0
1874,2363,35.00872321,31.75559446,27.98621,120.73466,27.98627,120.73454,10,85,0
1397,2736,10.03833582,32.31750494,28.00398,120.69828,28.008768,120.696683,7,6,0
2359,2556,13.86509426,35.47783554,28.00191,120.70463,28.00322,120.7122,7,41,0
726,1091,-16.14380454,0.033489744,28.00074,120.64324,28.00055,120.64544,3,1754,0
1763,2037,56.84522906,1.65513493,27.92159,120.82161,27.9208,120.84047,6,23,0
335,1092,24.04730677,-11.02981071,27.93483,120.66784,27.96187,120.66042,5,14,0
1385,2009,-53.86743179,-14.66669461,28.05153,120.62762,28.04976,120.647462,7,28,0
521,758,-11.97746002,39.60785359,27.99979,120.66739,27.99542,120.68153,-1,47,0
415,1605,-38.42042832,17.40342721,28.01975,120.65219,28.01353,120.6398,3,46,0
695,1899,-39.83565162,-43.76529221,28.054694,120.586916,28.06248,120.60338,9,182,0
1989,2223,61.14061343,-8.953904901,27.93336,120.81773,27.922663,120.824735,6,250,0
560,1449,5.367475985,62.55941022,28.016323,120.703784,28.01592,120.69364,7,219,0
182,1433,-27.66593688,-16.53160182,28.01939,120.61656,28.015196,120.648057,3,3,0
48,573,-27.56048064,42.73254042,28.01947,120.67661,28.014374,120.672952,3,115,0
841,962,-48.65339542,-0.932606295,28.0171,120.63698,28.017111,120.631666,-1,125,0
1178,2142,20.41032068,27.67803818,27.99689,120.69531,27.98684,120.71242,-1,2,0
318,1994,-0.168510937,13.7559489,27.97271,120.64743,27.992378,120.669665,-1,2,0
954,1904,-21.5872983,40.19539453,28.018214,120.672196,28.01361,120.68305,-1,53,0
329,1814,28.41616998,-52.64917829,27.86838,120.6556,27.88108,120.671,3,584,0
1764,2348,9.176100791,-29.09873252,27.96875,120.60619,27.96985,120.60897,8,47,0
84,1886,11.76511022,35.14215472,28.01988,120.68913,28.010095,120.696678,7,62,0
1433,2767,-21.38720989,4.91805571,28.015196,120.648057,28.00293,120.64916,3,234,0
703,2103,5.229550016,-50.14588378,27.99417,120.59982,27.98211,120.59701,8,874,0
2004,2725,-32.39179678,-46.21008019,28.05469,120.58692,28.08578,120.59077,9,0,0
1888,2775,66.48464437,12.56998618,27.89882,120.82105,27.88321,120.80518,6,12,0
556,893,-5.965305092,7.189187266,27.99014,120.62903,28.00209,120.66254,-1,4,0
759,2360,42.78215942,27.55372199,27.97238,120.74249,27.97589,120.75072,10,68,0
1098,2642,-41.31844359,-15.97001502,28.0475,120.62333,28.03965,120.64593,7,44,0
229,966,62.86038127,-4.413368968,27.93122,120.80706,27.918388,120.823666,6,132,0
189,422,16.44357123,25.29909316,27.98396,120.69007,28.00525,120.70299,-1,0,0
1693,1811,29.54914819,-44.91285956,27.85534,120.66953,27.89896,120.665197,3,51,0
1247,1653,-32.35624802,27.76214269,28.00929,120.65212,28.00714,120.65555,3,31,0
314,1839,42.2176174,28.33749239,27.97965,120.74458,27.97706,120.75192,10,53,0
1453,1717,-4.728192488,-9.645014037,27.99832,120.6366,27.99375,120.61713,-1,32,0
1849,2570,70.92005116,5.166110366,27.89831,120.81286,27.8882,120.80334,6,517,0
2379,2954,-70.29200852,9.131384297,28.04982,120.6511,28.05735,120.66573,7,724,0
2074,2099,11.79003251,22.88463829,27.986124,120.709577,27.99084,120.68506,-1,14,0
460,1360,22.96556074,33.59386262,27.996057,120.710262,27.993854,120.698744,-1,46,0
1477,2277,-1.883624557,19.97387948,27.994742,120.671881,27.99474,120.67188,4,0,0
48,1030,-15.79229676,28.10864831,28.01947,120.67661,28.02341,120.66131,3,73,0
741,2508,15.33266321,-14.82789607,27.95095,120.65688,27.96724,120.66561,5,30,0
927,2142,19.75199332,33.77475509,27.99224,120.72085,27.98684,120.71242,7,16,0
1736,2188,-53.27362997,-6.261274975,28.029592,120.6244,28.02031,120.62527,-1,205,0
2632,2881,23.21294016,56.12763489,28.0072,120.71529,28.00606,120.714808,7,6746,0
389,609,-46.852998,-7.673110786,28.01058,120.62116,28.02096,120.62016,-1,100,0
1020,2241,18.46198816,34.6788487,28.00029,120.70357,27.98751,120.72346,7,15,0
364,1572,-10.94661358,-33.72194284,28.01704,120.5833,28.02693,120.60664,-1,0,0
773,1994,-7.141769284,42.8231141,27.989406,120.673557,27.992378,120.669665,4,2734,0
176,1908,-16.45422727,-22.70323025,28.02521,120.6105,28.0141,120.60512,3,53,0
2456,2650,-20.09485806,34.69977593,28.022125,120.670739,28.024386,120.675309,3,50,0
1585,2266,-46.86240594,15.5946518,28.026555,120.649631,28.02675,120.64983,7,4,0
1519,2305,40.94674508,14.99297432,27.97433,120.75966,27.98543,120.73922,10,27,0
1691,1866,-23.32725407,25.03187281,28.01519,120.66268,28.01517,120.66503,3,20,0
1341,1782,16.56875667,35.39909333,27.9986,120.70953,27.997236,120.700653,7,23,0
1401,1938,-46.41533433,21.02040855,28.01999,120.65209,28.01832,120.65141,3,720,0
1806,1852,46.26398129,19.4758639,27.971111,120.759166,27.96059,120.7497,10,6364,0
1359,2214,16.93572084,4.691195082,27.97581,120.68459,27.9598,120.68203,5,7,0
340,2444,3.408001276,26.09788228,27.99961,120.68514,27.99277,120.67775,4,9,0
2279,2282,13.443098,25.57819054,27.98388,120.70501,27.99125,120.69051,4,15,0
1944,2445,4.197553635,-50.9257989,27.97112,120.57378,27.992515,120.595201,8,21,0
1767,1935,10.22524614,0.738733767,27.97914,120.65482,27.97505,120.67499,5,34,0
446,603,9.845265074,-35.51226811,27.98581,120.61459,27.97164,120.62661,8,14,0
27,655,7.834444098,67.46927104,28.00949,120.71444,28.03962,120.71918,7,19,0
359,2801,-20.90428593,17.50589549,28.0113,120.6614,28.01569,120.65545,3,42,0
668,2614,-42.61561974,-6.659056424,28.0105,120.60976,28.01688,120.6293,-1,64,0
361,1302,47.93369488,10.94296726,27.95277,120.79908,27.96848,120.78369,2,908,0
1958,2952,-13.00569922,24.76399279,28.01842,120.65967,28.021681,120.670423,3,19,0
343,772,-54.74112028,-30.11399394,28.03943,120.62365,28.05187,120.61117,7,858,0
521,1977,-9.773537553,45.73475528,27.99979,120.66739,27.99753,120.67522,-1,371,0
741,2214,2.870238154,-1.727137986,27.95095,120.65688,27.9598,120.68203,5,21,0
1565,1743,-57.5016958,-3.632385719,28.03749,120.6251,28.02983,120.63357,7,71,0
483,1904,-11.07290984,32.0043474,28.015482,120.68332,28.01361,120.68305,-1,4,0
606,1988,-24.40847939,1.781423556,28.004829,120.6409,28.01854,120.63879,3,15,0
390,1049,-12.57786414,9.629383368,28.00489,120.65665,28.00814,120.66242,3,0,0
668,1033,-17.21666357,-17.89608777,28.0105,120.60976,28.007951,120.626328,-1,15,0
1894,1927,-46.19047561,-22.18087712,28.044511,120.621742,28.04626,120.62785,7,42,0
925,1342,-8.516680128,18.15433419,28.00554,120.66603,28.00491,120.67627,-1,127,0
1679,1718,28.66160225,48.90312789,27.99338,120.70875,28.001831,120.717278,7,99,0
403,1376,24.58218525,30.60849718,27.98093,120.71034,27.99176,120.72451,7,92,0
1991,2080,-10.88773997,44.77561775,28.00104,120.67237,27.994449,120.671107,-1,164,0
697,1454,46.00918569,-29.52861677,27.92414,120.70279,27.92271,120.7068,3,1718,0
1683,2248,22.97706106,6.207958752,27.95708,120.67304,27.97512,120.69186,-1,79,0
1555,2642,-66.30732616,7.592406638,28.043798,120.657967,28.03965,120.64593,7,391,0
46,2189,-43.38864888,-4.507124575,28.04917,120.61056,28.01722,120.63141,-1,15,0
1682,2173,36.80163517,16.71120253,27.96568,120.73665,28.01765,120.74361,-1,0,0
589,1594,-21.56044661,22.54014221,28.013126,120.664223,28.013672,120.663632,3,88,0
449,1108,47.65374482,-20.89513097,27.93173,120.70133,27.924685,120.69711,3,2191,0
441,2253,-36.28571919,-62.73422697,28.102055,120.549944,28.0915,120.55189,9,176,0
1532,2171,59.37540054,1.916219973,27.9174,120.832,27.91955,120.83809,6,39,0
608,2255,0.584391454,34.29623913,27.99367,120.69233,27.99861,120.67972,4,74,0
1651,2071,40.40965685,26.35935069,27.97707,120.74717,27.97079,120.74276,10,63,0
684,2145,35.09524641,-47.32032861,27.88258,120.62827,27.93258,120.73604,3,58,0
1803,2762,-16.20857822,24.06366684,28.01235,120.66512,28.01919,120.67036,3,33,0
2080,2574,-2.313563754,11.96002288,27.994449,120.671107,27.99428,120.66013,4,230,0
487,2903,11.53655649,18.04197219,27.98776,120.67428,27.98648,120.68189,4,137,0
1481,1848,10.69881995,-38.19423678,27.96111,120.6227,27.96164,120.66747,-1,18,0
2227,2281,5.09292165,0.906726812,27.98375,120.66578,28.00143,120.63625,-1,2,0
779,1085,-35.73720105,-38.37540533,28.03387,120.594038,28.0257,120.6129,-1,68,0
1038,1453,-1.330877482,-10.97589607,27.9897,120.63813,27.99832,120.6366,-1,2,0
924,2746,-45.11052126,-10.53594505,28.03883,120.63972,28.03863,120.61579,7,4,0
2767,2914,-4.22227975,-4.546662103,28.00293,120.64916,28.01922,120.64427,3,24,0
609,1098,-48.63507354,-28.02584403,28.02096,120.62016,28.0475,120.62333,-1,97,0
677,1554,-50.13312448,-27.56716575,28.040628,120.619569,28.04552,120.62169,7,964,0
1123,1837,1.734399712,-15.56518965,27.96552,120.64757,27.98603,120.63754,-1,0,0
1911,2142,33.22141606,44.17626515,27.97773,120.72673,27.98684,120.71242,-1,172,0
617,2575,-14.59960043,-27.86639384,28.013371,120.594287,28.02926,120.59028,-1,16,0
287,1624,8.433034813,-41.7633893,27.986822,120.630326,27.971715,120.608414,8,18,0
520,1019,68.33741797,12.94436401,27.88953,120.79251,27.89391,120.81686,6,32,0
27,1040,15.0252112,47.47921257,28.00949,120.71444,28.00744,120.72163,7,91,0
1584,1983,72.17201959,8.22550066,27.89209,120.81396,27.88689,120.80628,6,462,0
1386,2261,22.02685187,5.405550007,27.98557,120.68544,27.97054,120.68557,-1,74,0
273,439,-46.17253928,18.94319703,28.02613,120.64691,28.02332,120.64816,-1,2064,0
1508,2714,75.59378898,11.91161629,27.87711,120.81099,27.8832,120.80518,6,914,0
308,1547,-37.53987274,-57.26899631,28.07118,120.58698,28.07752,120.5896,9,806,0
300,797,43.21546514,21.77986843,27.9685,120.75992,27.97373,120.74409,10,55,0
356,1076,27.99598464,12.10298485,28.03768,120.84172,28.03881,120.82892,2,228,0
200,1939,12.00877473,34.19797906,28.00223,120.70203,28.00197,120.68016,-1,12,0
599,2957,38.20052101,34.37427746,27.97321,120.72684,27.9672,120.7319,10,312,0
2223,2865,57.12818898,5.14714315,27.922663,120.824735,27.90471,120.82127,6,43,0
1082,2294,-45.75689833,27.42604584,28.016688,120.655528,28.017358,120.65303,3,1617,0
2032,2543,10.57944041,5.528346105,27.971743,120.676601,27.978448,120.671401,5,34,0
709,2360,47.66887824,28.40862631,27.97153,120.73361,27.97589,120.75072,10,298,0
273,959,-38.9723238,-11.91198875,28.02613,120.64691,28.009115,120.657413,-1,18,0
1774,2263,-30.71468029,31.26656298,27.99094,120.65242,28.00726,120.65848,-1,55,0
1950,2556,23.03073909,45.55147186,27.99139,120.71952,28.00322,120.7122,7,67,0
1174,2021,37.11788837,-30.99254124,27.92084,120.70303,27.92043,120.68424,3,262,0
1238,2431,-13.14206657,7.945255154,28.00439,120.65275,28.0053,120.633,3,2,0
1402,2628,-25.17365642,46.7778737,28.014576,120.681581,28.01511,120.67465,3,605,0
1345,1804,-17.75851489,-15.32937676,28.00711,120.61047,28.00502,120.61628,4,387,0
2059,2550,-1.02893427,-28.15266981,27.987233,120.614505,27.98622,120.61752,8,3672,0
959,1082,-38.38513703,32.06928308,28.009115,120.657413,28.016688,120.655528,3,239,0
1150,1995,0.22047462,-34.53457725,28.00906,120.58854,27.98625,120.5825,-1,5,0
176,2658,-33.47795505,-10.42439367,28.02521,120.6105,28.023438,120.62652,-1,15,0
1683,2224,7.427537826,11.24686787,27.95708,120.67304,27.98445,120.67253,-1,12,0
1999,2237,43.04773029,-32.64460247,27.91395,120.70028,27.92797,120.69797,3,811,0
971,1469,62.9956415,-2.813040701,27.92205,120.80111,27.93568,120.7957,6,89,0
136,994,-24.23464324,11.39965629,28.01434,120.65091,28.01318,120.65352,3,12,0
1025,1782,7.084781263,37.69733845,27.992,120.69598,27.997236,120.700653,-1,28,0
534,2214,16.21196762,-9.3216035,27.93767,120.66978,27.9598,120.68203,5,10,0
61,2471,-14.80216314,51.25364396,28.00969,120.67408,28.00877,120.66836,3,991,0
1501,2666,-55.17191306,-23.10040051,28.05557,120.61784,28.04116,120.62863,7,213,0
1708,2168,-24.65447732,-26.85228688,28.02381,120.59717,28.02265,120.60445,3,4628,0
2528,2617,-46.48994606,28.74748704,28.023744,120.653645,28.02136,120.65561,-1,1470,0
515,2096,6.526152699,-40.48135076,27.96781,120.62801,27.97745,120.61375,8,590,0
26,412,29.65231901,-40.38339208,27.91714,120.66023,27.91108,120.67813,3,22,0
384,876,-47.182282,4.521092302,28.01405,120.63301,28.01851,120.63892,-1,354,0
649,983,-1.541036003,-17.96460041,27.981943,120.645555,27.97699,120.64991,5,465,0
1626,2766,-18.78994411,-21.66922141,28.01389,120.60169,28.01412,120.606248,3,391,0
745,2379,-69.39219457,5.600179632,28.04541,120.65027,28.04982,120.6511,7,11322,0
1298,2656,-31.19141091,-1.248060889,28.01943,120.636564,28.024797,120.649708,-1,53,0
1331,2888,-47.71591926,-44.22322787,28.07361,120.61293,28.05349,120.61286,-1,1821,0
956,2418,20.57731563,-8.819939365,27.97159,120.65547,27.93672,120.67951,5,0,0
727,2750,3.459152372,57.11507345,28.00933,120.69355,28.00455,120.70115,7,154,0
1521,1700,-11.5452771,15.28557983,28.00551,120.66263,28.01007,120.66068,3,47,0
685,1995,9.250267896,-55.5775064,27.97822,120.56591,27.98625,120.5825,8,278,0
745,2784,-45.34971576,-28.32908829,28.04541,120.65027,28.05184,120.61542,7,91,0
257,343,-39.52858668,-24.24717231,28.076984,120.602335,28.03943,120.62365,-1,7,0
1380,2935,-1.707552874,30.73925269,28.00675,120.68244,28.00437,120.68004,4,104,0
812,1452,-24.48513033,11.71767484,28.01375,120.6551,28.01491,120.64805,3,36,0
1008,1500,-47.33929539,-28.48535044,28.06212,120.60705,28.05006,120.62061,-1,45,0
182,1015,-26.48888185,-21.08217603,28.01939,120.61656,28.02245,120.61239,3,9085,0
2445,2790,2.939249789,-50.57540312,27.992515,120.595201,27.99273,120.60679,8,453,0
1311,2059,0.460669636,-28.7987067,27.98966,120.57449,27.987233,120.614505,8,13,0
314,552,35.91929934,25.38226334,27.97965,120.74458,27.96536,120.74141,10,33,0
1625,1763,64.5408068,-8.566520474,27.91671,120.81301,27.92159,120.82161,6,454,0
1134,2103,1.765706683,-35.34660943,27.99644,120.63354,27.98211,120.59701,8,28,0
969,1563,44.13446139,-17.08909147,27.92722,120.69833,27.92204,120.69661,3,480,0
682,1596,-58.21116697,0.967075319,28.0412,120.629,28.027266,120.655901,7,51,0
549,2556,18.59738362,41.72630371,28.00025,120.7286,28.00322,120.7122,7,92,0
1008,2602,-32.06184815,-39.92808025,28.06212,120.60705,28.041463,120.586511,9,20,0
551,1363,63.3836948,18.68768223,27.86131,120.79032,27.87025,120.79516,6,10,0
2171,2691,57.24314125,-0.574975075,27.91955,120.83809,27.93204,120.83665,6,36,0
318,1141,9.142388736,-12.11456514,27.97271,120.64743,27.933084,120.674452,5,10,0
1007,2842,23.58633849,3.007312509,27.96558,120.68672,27.98853,120.69743,-1,22,0
2036,2214,15.55713944,4.140588042,27.97268,120.68433,27.9598,120.68203,5,15,0
508,2200,-64.8577707,9.599110427,28.04337,120.65572,28.03746,120.65611,7,360,0
415,1089,-37.06915901,13.15261326,28.01975,120.65219,28.02804,120.57818,-1,180,0
257,2085,-41.18431188,-50.64518406,28.076984,120.602335,28.04973,120.58807,9,63,0
582,1584,71.4698489,15.53657466,27.86958,120.81319,27.89209,120.81396,6,105,0
97,1087,-17.06193903,28.47522476,28.02629,120.6698,28.02274,120.66726,3,8,0
960,2657,-33.40982326,11.53621877,28.021679,120.650433,28.02002,120.64857,3,66,0
986,1465,-38.86781082,-54.11057608,28.077531,120.587363,28.090984,120.588938,9,295,0
284,1563,46.11171427,-33.01983526,27.92764,120.69437,27.92204,120.69661,3,4623,0
359,2417,-18.79041005,15.78774492,28.0113,120.6614,28.01324,120.6611,3,13,0
57,147,-17.41149076,-18.74971811,28.00954,120.61511,28.01625,120.60085,-1,500,0
1948,2142,40.90743529,19.44718743,27.96583,120.74971,27.98684,120.71242,-1,4,0
1600,2016,40.48152161,-23.9683421,27.92162,120.70502,27.92264,120.70453,3,161,0
79,2021,44.56871403,-31.81051068,27.921889,120.696181,27.92043,120.68424,3,672,0
2119,2408,36.94306204,22.05741265,27.97513,120.74591,27.97638,120.75557,10,74,0
284,1174,37.25522511,-29.53772639,27.92764,120.69437,27.92084,120.70303,3,115,0
421,2223,60.6477422,-13.91749557,27.91626,120.8268,27.922663,120.824735,6,5788,0
359,1173,-19.39362688,15.70967108,28.0113,120.6614,28.01246,120.65751,3,8,0
741,2715,-1.985552957,12.3163292,27.95095,120.65688,27.99435,120.66326,-1,9,0
1679,1956,18.2293598,29.01494401,27.99338,120.70875,27.96946,120.72066,-1,26,0
1502,2677,-1.724660342,15.43986625,27.991292,120.664871,27.99272,120.66996,4,50,0
500,1053,23.59178196,49.88623681,27.99978,120.7112,27.99068,120.7167,7,18,0
570,949,-18.32723477,-47.24543177,28.0722,120.5703,28.042263,120.582178,9,6,0
1727,2775,67.25449703,13.09729583,27.91218,120.83617,27.88321,120.80518,6,4,0
317,402,-27.01403284,25.83018106,28.01994,120.655,28.01188,120.66205,3,38,0
1296,1581,65.38918211,4.483854285,27.89897,120.79855,27.90633,120.81918,6,168,0
16,1098,-42.88439792,-22.87828739,28.07646,120.62205,28.0475,120.62333,-1,27,0
1501,2200,-41.50495097,-15.15978634,28.05557,120.61784,28.03746,120.65611,7,5,0
2357,2447,31.03527897,-43.02070887,27.92044,120.6689,27.907332,120.673448,3,107,0
828,2848,24.35571974,-2.504328278,27.96168,120.677789,27.965369,120.686131,5,2154,0
2298,2447,30.69342979,-43.51500541,27.92952,120.68107,27.907332,120.673448,-1,58,0
1922,2723,66.30785309,22.61257823,27.85558,120.80096,27.856201,120.797741,6,383,0
5,1351,-47.41901036,-13.01287856,28.05615,120.67115,28.04387,120.63355,7,50,0
1559,2666,-54.9901218,-24.52183248,28.04273,120.62505,28.04116,120.62863,7,119,0
26,681,37.46629306,-44.69956271,27.91714,120.66023,27.916503,120.651759,3,18,0
422,2142,19.32200248,33.23776743,28.00525,120.70299,27.98684,120.71242,7,0,0
57,1015,-23.84564646,-14.84379891,28.00954,120.61511,28.02245,120.61239,-1,12,0
780,2427,-8.579103461,53.24896245,28.01006,120.68043,28.0086,120.6772,4,256,0
202,2567,-3.981442707,5.269640848,28.0087,120.65515,27.992138,120.656444,-1,26,0
54,2197,-43.07705817,-18.00377961,28.018598,120.620672,28.04449,120.62163,-1,0,0
1969,2559,-8.538658559,-3.663377821,28.00303,120.63895,28.01104,120.64986,3,4,0
291,2460,-21.2530978,30.51075879,28.023257,120.659016,28.021791,120.665431,3,27,0
2119,2360,45.49777286,27.39654121,27.97513,120.74591,27.97589,120.75072,10,138,0
751,2365,-18.37822108,-27.89524805,28.02449,120.61195,28.01894,120.59618,3,51,0
1689,2031,-32.29456616,4.041212298,28.02095,120.64389,28.024044,120.64407,3,46,0
1520,2144,36.32186305,-21.98804972,27.92287,120.7033,27.92809,120.70577,3,30,0
1926,2385,-4.815417974,21.70031488,28.01239,120.67322,27.998,120.672205,-1,33,0
1285,2513,-42.21817508,-29.6466162,28.04108,120.61641,28.060569,120.603702,7,65,0
1565,2890,-56.31603528,-2.734666892,28.03749,120.6251,28.02424,120.6348,-1,69,0
1273,2292,-31.80604792,-39.192874,28.02347,120.61544,28.04572,120.58643,-1,4,0
1605,2511,-42.25038758,23.29907135,28.01353,120.6398,28.015241,120.649988,3,156,0
862,1938,-34.09863316,9.111101439,28.023996,120.651156,28.01832,120.65141,-1,19,0
2120,2215,-14.49160884,5.980749496,28.00312,120.65388,28.01028,120.64503,3,5,0
530,1771,11.87757113,29.68486833,28.001624,120.691201,27.99855,120.69275,4,52,0
1105,1687,-22.7377174,10.3492837,28.00791,120.64843,28.0134,120.65344,3,32,0
111,534,21.85754119,-17.72040288,27.95612,120.65155,27.93767,120.66978,5,226,0
1559,2197,-51.08499571,-24.57896533,28.04273,120.62505,28.04449,120.62163,7,79,0
533,956,8.585147047,-2.312701958,27.97788,120.66759,27.97159,120.65547,5,10,0
2125,2300,19.72236671,52.030146,28.005059,120.711717,27.99832,120.72424,7,68,0
1099,1124,52.10628468,1.052813387,27.92578,120.79581,27.92529,120.82185,6,12,0
273,812,-43.59818464,15.96641542,28.02613,120.64691,28.01375,120.6551,-1,34,0
1823,1830,-12.50455071,-56.01269214,28.037123,120.578514,28.0362,120.58118,9,58845,0
403,2624,33.76917697,40.40638761,27.98093,120.71034,27.97603,120.71773,-1,1832,0
216,878,7.711325287,36.8048315,27.998761,120.697185,28.000355,120.697765,7,67,0
1728,1814,29.89616599,-51.43867943,27.85412,120.66711,27.88108,120.671,3,214,0
1159,1285,-31.34326565,-35.18923431,28.02791,120.59925,28.04108,120.61641,-1,39,0
623,1582,24.76307995,-6.932448596,27.94373,120.68649,27.96936,120.67444,5,59,0
1821,2802,47.60157136,30.47212994,27.98011,120.74803,27.98055,120.72944,10,349,0
89,955,-40.17346818,3.977059354,28.0164,120.65703,28.04133,120.65311,-1,7,0
2189,2415,-27.7707703,-8.399696693,28.01722,120.63141,28.02,120.655,-1,29,0
1844,2967,38.12191737,-22.18169266,27.92562,120.70294,27.92614,120.70507,3,78,0
698,2146,-43.65565676,-43.07894156,28.07126,120.60869,28.051431,120.600469,-1,148,0
402,1594,-36.34307987,39.83769155,28.01188,120.66205,28.013672,120.663632,3,540,0
585,2736,6.712815087,50.0083734,28.00115,120.70215,28.008768,120.696683,7,16,0
41,287,9.163255271,-41.36123648,27.95746,120.61208,27.986822,120.630326,-1,6,0
1399,2602,-34.42441304,-33.37688661,28.024487,120.608733,28.041463,120.586511,-1,16,0
943,2142,33.66034887,44.13844587,27.98369,120.71502,27.98684,120.71242,7,9258,0
1506,1742,6.465580574,47.2669688,28.02799,120.66168,28.010383,120.6909,7,0,0
161,2642,-43.95000186,-14.23959823,28.043888,120.656111,28.03965,120.64593,7,12,0
1472,2693,27.66684777,43.95606724,27.99188,120.69412,27.989197,120.703236,-1,163,0
2,2682,-9.806485431,-0.770898862,28.00506,120.63866,27.99605,120.64769,3,15,0
19,1470,8.322753334,7.574233045,27.98443,120.66958,27.97225,120.68006,-1,61,0
1373,1723,-36.46916968,42.30231735,28.01793,120.66445,28.01437,120.67295,3,155,0
1345,2094,-17.37236939,-15.58670697,28.00711,120.61047,27.992,120.60987,-1,10,0
1058,1164,-65.64693365,2.420170329,28.04752,120.63044,28.04057,120.64705,7,1632,0
81,727,8.757179245,40.65897079,28.003179,120.699031,28.00933,120.69355,7,45,0
2180,2281,-12.54030639,2.668132764,27.98333,120.65125,28.00143,120.63625,-1,29,0
90,2226,4.949637152,-5.498780412,27.96939,120.78179,27.95539,120.82859,-1,123,0
936,955,-41.72736054,-14.66122382,28.02145,120.63334,28.04133,120.65311,-1,14,0
457,2690,12.08486868,44.87240889,28.01851,120.70462,28.00749,120.70643,7,38,0
79,1706,44.12620386,-29.8727621,27.921889,120.696181,27.9208,120.70586,3,1773,0
2416,2594,-33.61992967,-50.75163671,28.101941,120.550401,28.08581,120.59066,9,30,0
741,2129,-5.744022645,8.839572075,27.95095,120.65688,27.98951,120.64774,5,5,0
906,2621,-7.063147256,31.31428546,28.01211,120.69386,28.01036,120.67777,-1,41,0
872,2131,5.22347549,-15.98882864,27.98477,120.64882,27.97509,120.65593,5,621,0
166,628,59.09442352,-11.39134344,27.93672,120.83867,27.92742,120.82878,6,130,0
167,2243,50.4818151,-2.120160404,27.94045,120.7928,27.94879,120.80808,2,165,0
916,2452,-38.51495637,35.38951198,28.01381,120.65692,28.0105,120.66068,3,1108,0
824,1726,-14.06449737,-0.862322861,28.002956,120.643807,28.000738,120.643235,3,59,0
618,1073,-24.17137556,-40.64529167,28.03155,120.59436,28.03098,120.59308,9,367,0
812,2289,-25.23621124,12.57285021,28.01375,120.6551,28.01476,120.65309,3,41,0
446,1717,7.973854689,-44.46952255,27.98581,120.61459,27.99375,120.61713,8,685,0
1736,2518,-55.33203245,-2.650996038,28.029592,120.6244,28.03042,120.62936,7,57,0
1542,2519,18.89976977,39.89487503,27.99711,120.71331,27.99715,120.70087,7,15,0
181,189,22.92715236,8.783849652,27.97517,120.69185,27.98396,120.69007,-1,669,0
1341,2556,17.79341299,39.66663425,27.9986,120.70953,28.00322,120.7122,7,9,0
510,1592,-18.12971596,-50.16473253,28.04567,120.60077,28.04448,120.57033,9,4,0
539,714,-30.71409412,8.18636324,28.01516,120.65303,28.02373,120.65221,-1,82,0
1837,2385,0.755101824,21.62680309,27.98603,120.63754,27.998,120.672205,-1,2,0
2324,2722,70.89588309,14.77740888,27.8722,120.8266,27.8763,120.821,6,172,0
916,1347,-39.74292497,32.13138387,28.01381,120.65692,28.01058,120.65406,3,885,0
2372,2653,-14.31844399,-32.43712737,28.023805,120.597166,28.03697,120.58917,-1,230,0
332,1386,1.481339449,32.32232792,28.00341,120.68731,27.98557,120.68544,4,73,0
1407,2399,2.993547647,-4.357034676,27.97235,120.62717,27.951096,120.598666,-1,20,0
1433,1492,-32.92963592,4.161618885,28.015196,120.648057,28.02508,120.63816,-1,50,0
1685,2847,-32.93443278,-49.86348892,28.08692,120.5856,28.041041,120.588459,9,59,0
2720,2756,20.43310306,9.094271179,27.97853,120.684,27.98645,120.68772,4,55,0
1151,2857,-40.45533565,-52.51154957,28.082463,120.58878,28.09805,120.59534,9,745,0
773,828,1.324671348,17.93411755,27.989406,120.673557,27.96168,120.677789,-1,33,0
454,2190,7.153791658,6.183164371,27.98,120.66708,27.98235,120.67423,5,4449,0
317,1510,-29.47659934,1.930783905,28.01994,120.655,28.023269,120.632426,-1,0,0
2197,2483,-37.94156893,-22.91890131,28.04449,120.62163,28.02455,120.61196,-1,0,0
1899,2146,-43.52852788,-42.17336974,28.06248,120.60338,28.051431,120.600469,-1,750,0
609,2453,-39.05798221,-30.94636128,28.02096,120.62016,28.04644,120.60417,-1,161,0
1578,2103,7.890987107,-51.09102232,27.97058,120.5853,27.98211,120.59701,8,424,0
147,1503,-12.88920454,-49.59965095,28.01625,120.60085,28.0363,120.5857,-1,37,0
943,2793,37.12933028,37.32214585,27.98369,120.71502,27.96841,120.73048,-1,846,0
14,1347,-19.64725736,5.635263387,28.02496,120.66541,28.01058,120.65406,3,16,0
2200,2729,-64.95054478,3.581152257,28.03746,120.65611,28.05359,120.63947,7,381,0
2099,2214,11.44379733,23.09168982,27.99084,120.68506,27.9598,120.68203,-1,50,0
609,2433,-13.8518265,22.20208889,28.02096,120.62016,28.02202,120.66394,3,25,0
2272,2298,40.69296227,-36.44188993,27.91974,120.69145,27.92952,120.68107,-1,122,0
599,823,18.02161561,-7.843568764,27.97321,120.72684,27.9511,120.66043,-1,2,0
486,2360,48.73159076,22.71798936,27.97508,120.74612,27.97589,120.75072,10,3406,0
2125,2232,23.15833679,51.14268696,28.005059,120.711717,27.99607,120.71016,7,85,0
477,1439,18.97144933,43.31168194,27.994763,120.731284,28.005515,120.719495,7,0,0
841,1453,1.74879576,-7.035388236,28.0171,120.63698,27.99832,120.6366,3,0,0
259,761,-40.25466393,-1.378606121,28.05022,120.66531,28.02569,120.64175,7,10,0
745,924,-57.44499149,6.405703141,28.04541,120.65027,28.03883,120.63972,7,76,0
1821,2873,6.61873868,69.67894342,27.98011,120.74803,28.000323,120.727524,-1,74,0
202,614,-20.02770657,12.60372735,28.0087,120.65515,28.0124,120.65063,3,46,0
1496,2564,28.10700805,1.226898077,27.97767,120.70127,27.96169,120.70433,-1,95,0
2263,2281,-33.38782347,31.5169471,28.00726,120.65848,28.00143,120.63625,3,44,0
35,986,-33.72131502,-56.38013054,28.06905,120.57281,28.077531,120.587363,9,722,0
693,866,35.4489972,30.46485498,27.97736,120.73532,27.97155,120.73972,10,76,0
52,1625,63.22889489,-4.234100442,27.93816,120.80145,27.91671,120.81301,6,20,0
1123,2853,10.91876069,-26.62101603,27.96552,120.64757,27.97599,120.59211,-1,19,0
773,1394,-7.296933169,43.87530226,27.989406,120.673557,27.99572,120.672658,4,795,0
2088,2778,3.582535836,-7.797109543,28.00822,120.63366,27.99859,120.64039,3,41,0
384,1595,-37.05534703,-4.012660278,28.01405,120.63301,28.03104,120.63718,-1,2,0
2085,2316,-31.42559688,-32.7394684,28.04973,120.58807,28.0271,120.60091,-1,11,0
871,1689,-42.24770361,17.79807874,28.02285,120.64607,28.02095,120.64389,3,297,0
490,1643,5.582618205,-29.02846978,28.00307,120.6298,27.98054,120.61279,-1,24,0
1581,1660,67.74659896,-0.186889722,27.90633,120.81918,27.91134,120.80988,6,560,0
382,1468,-48.5353151,31.1980489,28.01967,120.6623,28.02255,120.66078,3,687,0
384,682,-35.33925514,-10.28888194,28.01405,120.63301,28.0412,120.629,-1,13,0
810,1453,-5.977898882,-11.33786222,27.99652,120.629277,27.99832,120.6366,-1,230,0
315,1529,-36.9160504,-63.1005215,28.09085,120.54804,28.10206,120.54994,9,856,0
269,2408,42.55750367,13.89583736,27.96807,120.80604,27.97638,120.75557,-1,58,0
259,682,-54.29360693,1.888332311,28.05022,120.66531,28.0412,120.629,7,21,0
1105,1889,-36.04115049,25.97276615,28.00791,120.64843,28.01442,120.65841,3,265,0
1801,2385,0.021117443,21.57794265,27.99838,120.67269,27.998,120.672205,4,74,0
308,2197,-39.5719138,-22.74827913,28.07118,120.58698,28.04449,120.62163,-1,5,0
317,640,-26.7538531,20.64661039,28.01994,120.655,28.01677,120.65806,3,105,0
2142,2232,29.64498584,48.62234411,27.98684,120.71242,27.99607,120.71016,7,356,0
279,2441,40.58307506,39.93437863,27.98465,120.73383,27.98416,120.72974,10,1298,0
1271,1927,-52.96250927,-19.23766486,28.047627,120.634779,28.04626,120.62785,7,45,0
1512,2116,-36.43567874,-39.53645666,28.04225,120.58748,28.04925,120.60197,-1,202,0
1302,2606,38.33155841,12.68360285,27.96848,120.78369,27.998592,120.80087,-1,31,0
72,1134,1.207249782,-7.516500287,27.97367,120.59704,27.99644,120.63354,8,19,0
742,1435,-52.61362963,-17.04336267,28.069541,120.641029,28.046174,120.636789,7,0,0
127,298,31.12639234,-29.13783717,27.9207,120.68866,27.92054,120.70164,3,20,0
147,1273,-27.81655827,-18.33671282,28.01625,120.60085,28.02347,120.61544,3,29,0
1958,2510,-25.11009539,22.22968551,28.01842,120.65967,28.02204,120.66593,3,227,0
9,584,-4.613972738,-12.68902905,27.99378,120.6501,27.99383,120.62841,-1,26,0
11,2162,21.41084206,54.71143385,27.99544,120.72251,27.99836,120.72046,7,660,0
347,1439,22.07509232,44.52261763,27.98785,120.71681,28.005515,120.719495,7,16,0
1454,1794,31.06615298,-20.16836313,27.92271,120.7068,27.94302,120.67619,-1,31,0
565,589,-19.12158479,20.01861579,28.00841,120.66454,28.013126,120.664223,3,72,0
58,1682,38.9105341,30.14939725,27.97969,120.74181,27.96568,120.73665,10,102,0
448,1913,-27.60840903,-30.60924099,28.024644,120.599644,28.02588,120.60418,3,402,0
271,2505,20.39729288,-33.69924425,27.956794,120.567095,27.94729,120.54847,10,259,0
1860,2564,26.24198918,0.897020048,27.97729,120.68651,27.96169,120.70433,10,275,0
288,1706,42.51701034,-25.91145923,27.92329,120.7048,27.9208,120.70586,3,983,0
95,2560,68.13947919,20.99443601,27.871381,120.804451,27.86448,120.80129,6,385,0
1020,1457,24.82756129,49.05184059,28.00029,120.70357,27.99566,120.715,7,279,0
584,1054,-8.153415526,-12.58127196,27.99383,120.62841,27.99918,120.641648,-1,108,0
1764,2853,13.60735749,-45.84166882,27.96875,120.60619,27.97599,120.59211,8,2760,0
287,672,8.810641448,-33.81152266,27.986822,120.630326,27.96719,120.59359,8,0,0
448,604,-17.7031165,-28.1741707,28.024644,120.599644,28.015777,120.594444,3,99,0
1478,1689,-50.59190218,0.818909507,28.02333,120.63639,28.02095,120.64389,-1,344,0
1506,2717,-52.39966504,19.15091169,28.02799,120.66168,28.024111,120.656361,-1,228,0
46,57,-35.1730273,-6.541859922,28.04917,120.61056,28.00954,120.61511,-1,0,0
188,2855,0.873550899,-21.4348704,27.97988,120.63103,27.986819,120.628986,8,52,0
2189,2899,-47.87837232,-5.129354178,28.01722,120.63141,28.02802,120.65472,-1,0,0
2010,2742,-5.255218946,49.98134307,27.99742,120.68104,27.99959,120.67971,4,120,0
1298,2049,-49.05487023,2.30577148,28.01943,120.636564,28.01711,120.63167,-1,620,0
1428,1455,-37.92743466,-6.908372069,28.02259,120.62662,28.03905,120.62757,7,11,0
1117,1263,-12.81967743,31.85404216,28.02055,120.68861,28.02077,120.6738,-1,2,0
449,1999,47.52916921,-20.29562223,27.93173,120.70133,27.91395,120.70028,3,1118,0
77,1262,-1.918938782,9.03657861,28.00743,120.64853,27.98453,120.66027,-1,0,0
269,1601,51.8719206,-9.231178664,27.96807,120.80604,27.94796,120.8414,-1,91,0
2733,2914,-30.88019947,-3.099217271,28.019524,120.631948,28.01922,120.64427,3,36,0
430,2736,0.902360998,61.10270377,28.00437,120.69558,28.008768,120.696683,7,5322,0
2336,2560,68.3868906,22.10060001,27.87937,120.8036,27.86448,120.80129,6,3060,0
306,449,34.90282793,-11.17354073,27.93177,120.67802,27.93173,120.70133,-1,83,0
790,1194,22.76210627,-11.56447402,27.95053,120.66517,27.9573,120.67705,5,485,0
1141,1563,33.7765119,-13.83724542,27.933084,120.674452,27.92204,120.69661,-1,64,0
191,1805,2.057750861,-2.231538999,27.96628,120.68116,27.970239,120.685696,5,28,0
593,1129,57.70692423,2.402731418,27.91758,120.83739,27.91593,120.8267,6,0,0
2225,2616,10.81221003,61.02378579,28.01963,120.71371,28.018222,120.70197,7,235,0
1123,2120,-9.921243568,9.664821527,27.96552,120.64757,28.00312,120.65388,-1,13,0
1058,2055,-43.67071699,-3.14934839,28.04752,120.63044,28.02288,120.63142,7,9,0
460,1341,24.54760405,49.53557324,27.996057,120.710262,27.9986,120.70953,7,182,0
895,2644,32.42316746,15.69214804,28.03688,120.73858,28.019199,120.784475,-1,127,0
966,2966,71.16334912,-0.593710184,27.918388,120.823666,27.90319,120.81717,6,1139,0
386,608,2.547512607,24.39103326,27.99487,120.67969,27.99367,120.69233,4,41,0
2228,2539,15.71788637,-28.67950208,27.94986,120.5872,27.97231,120.62724,-1,24,0
487,2758,15.14180646,14.89946459,27.98776,120.67428,27.98519,120.67735,4,228,0
306,1348,27.620169,-21.14504481,27.93177,120.67802,27.92776,120.69408,-1,30,0
973,2418,31.009714,-20.61983877,27.93169,120.70193,27.93672,120.67951,-1,2,0
1351,2743,-53.91988188,-19.90743648,28.04387,120.63355,28.049957,120.622963,7,329,0
839,2173,-67.34581909,18.08361447,28.02525,120.77112,28.01765,120.74361,7,64,0
1209,2663,19.01476401,58.02673171,28.00032,120.72752,27.99627,120.72691,7,422,0
289,2655,4.284647727,15.97972783,27.986896,120.672178,27.986872,120.673376,4,109,0
2232,2265,24.05318901,47.60010078,27.99607,120.71016,27.99418,120.70931,7,232,0
283,1709,40.26066656,14.80266456,27.98338,120.744,27.97034,120.76311,10,14,0
2822,2842,19.44434132,-4.667885322,27.97743,120.73394,27.98853,120.69743,-1,0,0
617,1590,-9.590340342,-29.71052226,28.013371,120.594287,28.02239,120.59436,3,280,0
705,1103,-0.979653179,-13.40699755,28.00227,120.63088,27.97694,120.62826,-1,0,0
832,1963,-67.726429,16.2825092,28.05231,120.68005,28.050194,120.692298,7,561,0
113,1416,-36.50609111,20.53472602,28.01211,120.63736,28.01137,120.64581,3,166,0
42,1261,-9.779759753,9.334318828,28.0014,120.65569,28.00417,120.65509,3,34,0
609,2784,-45.41280006,-28.64086008,28.02096,120.62016,28.05184,120.61542,-1,60,0
490,761,-25.275589,0.500463801,28.00307,120.6298,28.02569,120.64175,-1,0,0
1023,1555,-64.03995107,7.667656463,28.046787,120.661963,28.043798,120.657967,7,358,0
1033,2861,-15.42607302,-13.31989942,28.007951,120.626328,28.00879,120.6142,4,25,0
2033,2537,64.7628177,-4.334302253,27.9196,120.81824,27.92328,120.80462,6,151,0
1163,1706,35.20672547,-30.24529788,27.92297,120.68904,27.9208,120.70586,3,121,0
291,2762,-26.28151545,40.88584006,28.023257,120.659016,28.01919,120.67036,3,415,0
2059,2428,2.842737431,-26.72410286,27.987233,120.614505,27.98819,120.6531,-1,37,0
501,2755,1.282682682,30.68042767,28.004176,120.686025,27.99953,120.68067,4,11,0
72,659,9.039580598,-52.04199477,27.97367,120.59704,27.98025,120.58452,8,668,0
80,609,-46.54439496,-7.122005294,28.01143,120.62756,28.02096,120.62016,-1,55,0
1799,2693,27.18076668,43.97719489,27.99461,120.68409,27.989197,120.703236,-1,66,0
1053,2315,25.14766812,32.87701556,27.99068,120.7167,27.9939,120.72128,7,53,0
761,1949,-33.55123227,4.955023856,28.02569,120.64175,28.02608,120.646,7,18,0
1006,1212,6.269761344,-57.15079367,27.99467,120.56692,27.99789,120.56689,8,1000,0
1273,2004,-34.9329773,-40.7541976,28.02347,120.61544,28.05469,120.58692,-1,15,0
745,2890,-57.68024682,7.281444397,28.04541,120.65027,28.02424,120.6348,-1,13,0
79,1872,42.50562013,-16.7067769,27.921889,120.696181,27.92834,120.69922,3,215,0
989,1386,4.722493121,-3.295232822,27.987092,120.667981,27.98557,120.68544,4,26,0
464,1624,8.922853269,-35.24158657,27.9659,120.64111,27.971715,120.608414,8,73,0
1338,2887,-18.45708281,-55.23429618,28.056963,120.625239,28.04609,120.57533,-1,7,0
475,1841,6.171710863,-28.56256999,27.98226,120.62389,27.980151,120.605199,8,7,0
273,2816,-62.01831271,-0.277379379,28.02613,120.64691,28.04411,120.63996,7,345,0
1140,2847,-16.87171073,-57.7175169,28.04193,120.57698,28.041041,120.588459,9,237,0
2729,2816,-59.0308586,-14.62118861,28.05359,120.63947,28.04411,120.63996,7,765,0
570,666,-32.73416688,-55.60344538,28.0722,120.5703,28.07352,120.58467,9,185,0
1651,1942,43.57953106,27.17976382,27.97707,120.74717,27.97292,120.74185,10,358,0
1175,2120,-31.85077449,27.85366943,28.00978,120.65422,28.00312,120.65388,3,43,0
284,2021,37.39954931,-11.54598122,27.92764,120.69437,27.92043,120.68424,3,706,0
633,1582,17.65566811,26.77431765,27.98491,120.70392,27.96936,120.67444,-1,0,0
609,2914,-47.28445306,8.793021754,28.02096,120.62016,28.01922,120.64427,3,273,0
1676,1991,-9.248269024,42.78531648,27.99435,120.67119,28.00104,120.67237,-1,2,0
667,1911,31.3102815,28.13043964,27.986198,120.732437,27.97773,120.72673,10,20,0
2365,2766,-17.52155749,-22.48471352,28.01894,120.59618,28.01412,120.606248,3,67,0
659,2185,9.298232015,-51.05316368,27.98025,120.58452,27.97251,120.60263,8,187,0
25,1895,19.66638772,-0.004152877,27.976204,120.667973,27.96905,120.70307,-1,14,0
1501,2150,-47.52862018,-37.93545534,28.05557,120.61784,27.99711,120.58895,-1,735,0
1092,1123,13.40891934,-18.39147435,27.96187,120.66042,27.96552,120.64757,5,207,0
935,2508,13.4086978,10.50966892,27.97987,120.68111,27.96724,120.66561,-1,103,0
11,1020,23.18400149,37.86717139,27.99544,120.72251,28.00029,120.70357,7,42,0
2305,2873,36.12694875,15.14563162,27.98543,120.73922,28.000323,120.727524,-1,18,0
1680,2405,24.68670157,-2.719901207,27.96413,120.67139,27.96984,120.68551,5,3191,0
358,633,18.62230699,35.39371365,27.96854,120.74135,27.98491,120.70392,-1,10,0
831,2209,9.749946745,3.221603551,27.9762,120.668,27.96734,120.67106,5,85,0
1511,1709,34.76913543,18.33759308,27.97302,120.73654,27.97034,120.76311,10,3,0
12,206,66.48781119,13.75721548,27.8751,120.81027,27.87965,120.81513,6,121,0
515,999,15.57249595,-20.78621929,27.96781,120.62801,27.95989,120.64875,-1,90,0
79,2153,41.40120427,-34.63945028,27.921889,120.696181,27.91643,120.68875,3,465,0
117,1031,-24.34953393,-43.86602117,28.026108,120.592702,28.036972,120.589166,-1,86,0
937,2962,53.12736552,-10.59759868,27.94444,120.83533,27.95764,120.82445,6,726,0
1250,1528,-25.66289507,4.73395089,28.01482,120.63721,28.01484,120.64575,3,2,0
748,886,45.11183306,-21.30673861,27.9266,120.711,27.92484,120.70451,3,373,0
2155,2228,19.77429739,-41.3258848,27.93749,120.59711,27.94986,120.5872,10,361,0
2149,2232,16.44733327,23.84091815,27.98472,120.69611,27.99607,120.71016,-1,8,0
1460,1916,-1.455104135,-22.73485971,27.985304,120.632788,27.988443,120.627578,8,109,0
803,2486,-41.64751431,5.590716936,28.02715,120.65114,28.04854,120.66293,7,58,0
954,1990,-32.19329504,40.1907767,28.018214,120.672196,28.02045,120.65999,3,338,0
1705,2037,58.21664173,-7.833547377,27.90977,120.83609,27.9208,120.84047,6,114,0
1322,2556,12.37810287,33.18364057,28.00798,120.69032,28.00322,120.7122,7,29,0
124,2790,2.502412726,-29.60141074,27.99261,120.62341,27.99273,120.60679,8,77,0
298,697,45.37590014,-30.34057357,27.92054,120.70164,27.92414,120.70279,3,838,0
1412,2297,35.26962023,-20.42278961,27.92129,120.70489,27.92659,120.71116,3,45,0
692,1178,5.821938093,35.44208249,28.00622,120.6991,27.99689,120.69531,-1,30,0
1349,2559,-23.02049246,7.399956846,28.01544,120.64648,28.01104,120.64986,3,0,0
1826,2398,33.04130998,-33.37940484,27.92285,120.68994,27.923249,120.687804,3,32,0
331,1015,-51.15423222,-32.49070753,28.03958,120.62042,28.02245,120.61239,-1,1307,0
1373,1759,-23.04211702,34.08999849,28.01793,120.66445,28.018481,120.682668,3,44,0
317,2117,-27.74669514,14.43524237,28.01994,120.655,28.0167,120.6534,3,241,0
1552,1839,18.64967216,54.73657999,28.00524,120.72204,27.97706,120.75192,-1,7,0
1895,1950,30.30698245,7.388153224,27.96905,120.70307,27.99139,120.71952,-1,5,0
1747,2142,32.52821588,29.3620576,27.978667,120.735061,27.98684,120.71242,-1,15,0
2261,2848,23.92354719,-0.32903235,27.97054,120.68557,27.965369,120.686131,5,2204,0
12,2570,76.18694387,10.32247399,27.8751,120.81027,27.8882,120.80334,6,584,0
224,2528,-10.867276,22.72651543,28.01492,120.66976,28.023744,120.653645,-1,0,0
691,2439,-20.25055902,-51.91777758,28.05782,120.58736,28.04261,120.57226,9,65,0
1007,1895,25.40196299,-0.360959915,27.96558,120.68672,27.96905,120.70307,-1,5199,0
763,912,31.05065935,27.70974765,27.97775,120.74248,27.98324,120.72334,10,53,0
86,1373,-27.54764858,16.92892237,28.01563,120.65181,28.01793,120.66445,3,42,0
2187,2324,66.7778909,12.76648875,27.89058,120.80958,27.8722,120.8266,6,67,0
773,1568,5.115227132,16.12944538,27.989406,120.673557,27.98641,120.68048,4,62,0
58,1845,32.12968119,32.9196278,27.97969,120.74181,27.99406,120.72557,-1,91,0
5,1796,-46.49971303,-12.05660167,28.05615,120.67115,28.04071,120.63988,7,19,0
961,986,-32.88017467,-56.28004223,28.06451,120.58223,28.077531,120.587363,9,240,0
268,1638,-3.925551484,13.68003461,28.002086,120.662539,27.99258,120.67111,-1,12,0
283,1950,26.38934638,29.09735627,27.98338,120.744,27.99139,120.71952,-1,0,0
335,599,22.63949667,-8.137078443,27.93483,120.66784,27.97321,120.72684,-1,4,0
1582,2075,31.00138062,-8.061100259,27.96936,120.67444,27.94054,120.69195,5,194,0
595,919,-26.69095918,46.27159747,28.01681,120.67808,28.01517,120.66789,3,46,0
239,2829,25.96246818,14.8341067,28.03887,120.7934,28.02612,120.79589,2,117,0
746,2153,27.13534147,-18.60244736,27.94545,120.66986,27.91643,120.68875,-1,2,0
389,1478,-22.7114913,-8.304822349,28.01058,120.62116,28.02333,120.63639,-1,15,0
722,2018,58.0833927,-4.504297494,27.92889,120.82314,27.92674,120.82518,6,103,0
1980,2149,18.85568302,4.550290798,27.9546,120.667,27.98472,120.69611,-1,68,0
1428,1605,-45.24495863,-0.965388053,28.02259,120.62662,28.01353,120.6398,-1,34,0
437,1870,1.399712316,11.18362783,27.98847,120.666286,27.99576,120.6574,-1,158,0
191,1194,24.39573815,-3.132599522,27.96628,120.68116,27.9573,120.67705,5,947,0
539,1515,-33.68692697,25.66212079,28.01516,120.65303,28.01034,120.65781,3,40,0
1619,2272,32.83001629,-34.37816615,27.920381,120.683202,27.91974,120.69145,3,47,0
88,2792,-17.71769926,26.80540796,28.02363,120.66334,28.02302,120.66759,3,84,0
627,2208,-66.7693786,9.27484269,28.0494,120.66193,28.047396,120.656783,7,815,0
797,1448,15.28773455,32.58822454,27.97373,120.74409,27.99567,120.715,-1,0,0
1717,2853,3.528407757,-37.347484,27.99375,120.61713,27.97599,120.59211,8,139,0
865,1577,-36.73443834,-38.28647008,28.0464,120.604,28.04175,120.58651,-1,28,0
858,2481,12.56533535,13.38165946,27.985,120.676,27.97265,120.66766,-1,14,0
1506,1963,-64.04499709,14.30383814,28.02799,120.66168,28.050194,120.692298,7,10,0
442,2183,55.97169925,0.945175475,27.92124,120.83163,27.89444,120.81353,6,19,0
406,652,67.07909343,11.28186682,27.89033,120.77895,27.88623,120.80236,6,23,0
2653,2746,-36.63231536,-35.10045703,28.03697,120.58917,28.03863,120.61579,-1,12,0
253,830,19.13149495,4.598070541,27.9787,120.6874,27.97997,120.68921,4,3,0
130,226,37.56418495,-45.16333257,27.90369,120.65562,27.918611,120.6444,3,301,0
1397,2750,4.996383915,58.1039473,28.00398,120.69828,28.00455,120.70115,7,188,0
1025,1549,17.27611499,28.80189358,27.992,120.69598,27.98966,120.70619,-1,4,0
335,1308,19.97806936,-7.142244412,27.93483,120.66784,27.98404,120.68203,-1,4,0
2914,2968,-43.66709444,14.01686902,28.01922,120.64427,28.02802,120.6546,-1,19,0
966,2795,63.46558146,-11.69714934,27.918388,120.823666,27.91981,120.8278,6,644,0
574,2875,36.21081326,-23.72262053,27.93368,120.71241,27.92368,120.70347,3,33,0
264,1390,-16.98349418,19.70794335,28.01535,120.66232,28.016044,120.659337,3,35,0
986,1900,-37.32336989,-58.35923166,28.077531,120.587363,28.06605,120.58485,9,712,0
1622,2236,-7.14462118,48.79019454,28.00126,120.6875,27.9946,120.674,4,36,0
1705,2223,56.99737765,2.536073436,27.90977,120.83609,27.922663,120.824735,6,5,0
183,2229,-10.21444081,3.767258095,27.995578,120.650046,27.99852,120.65649,3,51,0
608,2621,6.116405254,24.91219292,27.99367,120.69233,28.01036,120.67777,4,10,0
217,234,-32.75056063,-8.162076527,28.01578,120.59444,28.01828,120.62547,-1,6,0
1602,2272,33.44806957,-30.53411114,27.91457,120.70609,27.91974,120.69145,3,71,0
410,2679,51.55153554,-11.04747839,27.95123,120.82795,27.96428,120.80753,-1,537,0
1257,2853,13.42800067,-52.33792636,27.97868,120.57877,27.97599,120.59211,8,9127,0
727,2924,-0.137973526,57.49818034,28.00933,120.69355,28.0079,120.69401,7,93,0
422,2736,4.080392342,56.64971615,28.00525,120.70299,28.008768,120.696683,7,149,0
761,2733,-35.77512959,-2.70469733,28.02569,120.64175,28.019524,120.631948,-1,58,0
167,2254,53.07656558,1.636589658,27.94045,120.7928,27.923401,120.816621,-1,23,0
2225,2687,9.527148721,64.09856132,28.01963,120.71371,28.0443,120.70804,7,83,0
365,741,-2.137731161,6.624637321,27.98328,120.65734,27.95095,120.65688,-1,6,0
1133,1950,26.58310452,30.64737039,27.97533,120.72453,27.99139,120.71952,-1,12,0
278,692,5.095406736,57.8181985,28.00309,120.69882,28.00622,120.6991,7,70,0
2010,2080,-5.682738256,47.53321677,27.99742,120.68104,27.994449,120.671107,4,180,0
673,691,-41.55755157,-44.10136017,28.05464,120.60495,28.05782,120.58736,-1,146,0
430,435,0.975439526,57.87345866,28.00437,120.69558,28.00035,120.69777,7,192,0
865,1385,-38.66297135,-28.94024025,28.0464,120.604,28.05153,120.62762,7,21,0
546,2357,31.83326364,-34.6120232,27.92076,120.68433,27.92044,120.6689,3,16,0
470,874,-42.72714301,13.7434636,28.024081,120.646811,28.04411,120.64767,-1,2,0
1150,1424,-11.80289957,-29.11315387,28.00906,120.58854,28.02108,120.60101,3,80,0
1577,1738,-18.69142883,-52.55823015,28.04175,120.58651,28.04081,120.57769,9,134,0
1811,2181,34.26585886,-49.5237287,27.89896,120.665197,27.895193,120.668359,3,1121,0
361,423,50.04103534,-4.268581727,27.95277,120.79908,27.962446,120.822852,-1,35,0
477,2300,19.40735664,58.46724071,27.994763,120.731284,27.99832,120.72424,7,3361,0
1959,2087,-51.52350143,19.34671936,28.02514,120.6594,28.02363,120.66164,3,325,0
1145,2914,-33.98214054,6.918264686,28.024208,120.653538,28.01922,120.64427,-1,10,0
213,1671,-16.26814567,-8.133566442,28.01009,120.63564,28.00231,120.63401,3,118,0
691,2048,-33.8052776,-47.33750005,28.05782,120.58736,28.07875,120.58356,9,7,0
378,423,50.6976049,-5.138246092,27.96458,120.79525,27.962446,120.822852,-1,110,0
647,1643,8.318569539,-40.57547922,27.9749,120.63133,27.98054,120.61279,8,23,0
621,2185,6.899223012,-47.38986486,27.98848,120.61075,27.97251,120.60263,8,461,0
2,57,-16.14767304,-8.984552205,28.00506,120.63866,28.00954,120.61511,-1,12,0
1374,2914,-29.20033587,10.23365959,28.01676,120.64987,28.01922,120.64427,3,33,0
287,1774,7.770781215,-41.42575841,27.986822,120.630326,27.99094,120.65242,-1,32,0
655,2650,-19.46982432,33.79641007,28.03962,120.71918,28.024386,120.675309,-1,25,0
461,2347,68.24207481,4.323470732,27.8974,120.81737,27.91091,120.81602,6,136,0
434,2888,-42.16058459,-27.89464959,28.07246,120.62056,28.05349,120.61286,-1,44,0
815,1618,-10.33690101,-36.57434262,28.022225,120.579329,28.00977,120.60049,-1,13,0
89,331,-30.17406788,6.337958388,28.0164,120.65703,28.03958,120.62042,-1,17,0
378,1786,49.45755555,0.3177922,27.96458,120.79525,27.93645,120.80794,-1,12,0
160,2061,12.98050954,22.63722242,27.97864,120.71467,27.98839,120.68338,-1,10,0
407,2483,-11.04468868,-41.7885659,28.026727,120.58226,28.02455,120.61196,-1,2,0
439,2801,-23.81715168,10.99927771,28.02332,120.64816,28.01569,120.65545,3,4,0
189,935,21.02606265,10.6824787,27.98396,120.69007,27.97987,120.68111,4,1188,0
2155,2808,19.16976419,-33.70909033,27.93749,120.59711,27.93617,120.55946,10,107,0
714,2528,-43.1969195,14.58606976,28.02373,120.65221,28.023744,120.653645,7,74,0
1682,2667,37.20716092,29.80149784,27.96568,120.73665,27.98624,120.73426,10,383,0
48,1958,-18.37650069,24.904675,28.01947,120.67661,28.01842,120.65967,3,49,0
1386,2756,1.039363427,43.36108126,27.98557,120.68544,27.98645,120.68772,4,19925,0
166,1335,57.46330622,-0.024254175,27.93672,120.83867,27.92006,120.82563,6,39,0
327,2816,-30.73784004,5.434343079,28.02432,120.64367,28.04411,120.63996,-1,0,0
1015,1560,-39.00829243,-37.65159645,28.02245,120.61239,28.034241,120.588717,-1,168,0
1497,2887,-18.90711005,-51.67936826,28.042251,120.587483,28.04609,120.57533,9,36,0
378,2226,52.18507346,-9.64863701,27.96458,120.79525,27.95539,120.82859,-1,292,0
1785,2292,-18.6558077,-56.78036835,28.043723,120.575415,28.04572,120.58643,9,343,0
655,2686,-66.20329904,17.6231789,28.03962,120.71918,28.0508,120.683,7,166,0
1257,1643,2.965945319,-34.30625418,27.97868,120.57877,27.98054,120.61279,8,14,0
677,2146,-35.3451235,-23.35021471,28.040628,120.619569,28.051431,120.600469,7,27,0
2089,2353,12.60475408,12.66803794,27.970224,120.651685,27.973777,120.682079,5,8,0
450,656,17.00120013,-48.12124043,27.96474,120.57156,27.96161,120.59217,-1,86,0
691,2005,30.75252966,-14.82720227,28.05782,120.58736,27.92325,120.6878,-1,2,0
1030,2510,3.085687793,-6.50603817,28.02341,120.66131,28.02204,120.66593,3,48,0
669,2733,-50.11825292,-3.736494719,28.01255,120.63174,28.019524,120.631948,-1,194,0
1122,2726,62.09263972,-4.48958822,27.9304,120.80754,27.9296,120.80677,6,70,0
1481,1643,6.201920147,-37.74340123,27.96111,120.6227,27.98054,120.61279,8,40,0
229,1440,61.66142728,-2.828049052,27.93122,120.80706,27.92653,120.78661,6,43,0
510,2887,-19.24454523,-52.90277285,28.04567,120.60077,28.04609,120.57533,9,61,0
317,1347,-21.95703568,13.86725226,28.01994,120.655,28.01058,120.65406,3,115,0
1245,2418,30.62172524,-22.52612319,27.92828,120.69722,27.93672,120.67951,-1,2,0
378,2422,49.84418497,1.093384747,27.96458,120.79525,27.93079,120.82979,-1,18,0
1256,1506,-33.275023,15.28595459,28.01222,120.65195,28.02799,120.66168,-1,2,0
135,2420,-2.833991224,-45.61397134,27.9974,120.622,27.98362,120.61785,-1,5,0
60,1296,72.73652397,3.116233493,27.89629,120.80392,27.89897,120.79855,6,23832,0
1711,1796,-54.12733916,-15.86461015,28.06516,120.64246,28.04071,120.63988,7,69,0
2125,2455,15.93449998,40.11115046,28.005059,120.711717,28.002613,120.71218,7,14,0
1084,1138,-39.30586558,-47.04806313,28.09096,120.5847,28.05708,120.58299,9,2,0
362,2483,-23.3485378,-23.58070893,28.01738,120.60605,28.02455,120.61196,3,121,0
2810,2820,40.01807933,24.32563989,27.96861,120.74222,27.96861,120.74333,10,226,0
257,1285,-39.20620655,-49.40695927,28.076984,120.602335,28.04108,120.61641,-1,10,0
912,2603,31.18534559,25.33689036,27.98324,120.72334,27.97458,120.72556,10,0,0
343,1015,-31.52252029,-22.61949952,28.03943,120.62365,28.02245,120.61239,-1,37,0
362,2509,-24.07679508,-24.76867898,28.01738,120.60605,28.02225,120.60442,3,1912,0
489,2127,2.431855744,18.66872812,27.99167,120.67799,27.98869,120.6726,4,9,0
886,1454,35.96329738,-19.09433683,27.92484,120.70451,27.92271,120.7068,3,24,0
644,785,-19.42559064,16.72295504,28.01278,120.65944,28.010162,120.66067,3,45,0
442,1099,53.48771846,2.655267315,27.92124,120.83163,27.92578,120.79581,6,90,0
475,1453,3.53575494,-22.71203458,27.98226,120.62389,27.99832,120.6366,-1,7,0
1977,2512,-7.744005962,46.48117929,27.99753,120.67522,27.99935,120.67604,4,2935,0
1841,2541,1.033294195,-44.79946646,27.980151,120.605199,27.99417,120.59987,8,183,0
1209,2881,16.54575346,43.57888713,28.00032,120.72752,28.00606,120.714808,7,76,0
792,1738,-15.0058163,-55.46226209,28.040732,120.576351,28.04081,120.57769,9,395,0
1935,2593,13.77542127,2.581515876,27.97505,120.67499,27.96314,120.66947,5,167,0
1388,1528,-43.65709672,21.95385347,28.01822,120.64711,28.01484,120.64575,3,2752,0
1221,2151,-45.55587995,-45.54783031,28.074942,120.604791,28.06452,120.61682,9,614,0
2433,2952,-25.45648245,40.65008657,28.02202,120.66394,28.021681,120.670423,3,320,0
708,2000,41.22614385,-24.98609154,27.9343,120.7072,27.92247,120.70628,3,113,0
414,1643,5.137798087,-31.41707868,27.96162,120.59686,27.98054,120.61279,-1,19,0
81,2694,7.038655991,53.73540801,28.003179,120.699031,28.00118,120.70197,7,112,0
221,2780,16.86632251,42.54757659,28.00742,120.71768,28.00116,120.7232,7,30,0
1794,2405,26.36180495,-5.685004902,27.94302,120.67619,27.96984,120.68551,5,291,0
872,1871,6.278925118,-15.92691246,27.98477,120.64882,27.96874,120.65488,5,27,0
646,2952,-23.66143571,42.97258633,28.02101,120.67872,28.021681,120.670423,3,30,0
1311,1562,7.119537857,-57.32775141,27.98966,120.57449,27.99767,120.57531,8,1896,0
795,2380,33.89249827,-45.13291777,27.91839,120.66065,27.87032,120.66347,3,26,0
385,1022,15.78302664,32.13439915,28.00125,120.72481,27.99539,120.7173,7,0,0
80,1620,-49.82668765,-8.300428973,28.01143,120.62756,28.01578,120.62194,4,444,0
252,1950,27.46550811,30.44127057,27.9874,120.73534,27.99139,120.71952,-1,5,0
536,2074,30.87011618,39.88332856,27.978638,120.714666,27.986124,120.709577,-1,93,0
14,832,-22.83859803,34.91424372,28.02496,120.66541,28.05231,120.68005,-1,8,0
695,1737,-22.45492556,-58.66469573,28.054694,120.586916,28.03968,120.57291,9,37,0
1256,1347,-38.84054895,28.60081505,28.01222,120.65195,28.01058,120.65406,3,1448,0
1429,2542,-24.09952976,-25.46930981,28.019912,120.604277,28.01903,120.61189,3,3585,0
202,243,-5.754567574,-1.077225564,28.0087,120.65515,28.000291,120.647161,3,4,0
2631,2938,-16.59635373,-26.03728215,28.01956,120.60229,28.02158,120.59654,3,17,0
1424,1572,-26.2113668,-28.71882645,28.02108,120.60101,28.02693,120.60664,3,893,0
698,1547,-42.3344705,-48.9535403,28.07126,120.60869,28.07752,120.5896,9,74,0
387,2178,-16.89914338,-39.77135909,28.0246,120.58292,28.02937,120.59162,9,89,0
1560,2177,-12.34007036,-43.93097761,28.034241,120.588717,28.024786,120.575538,9,581,0
440,2531,-13.42304942,0.895095961,28.00029,120.64716,27.99591,120.64416,3,37,0
47,1456,45.11598908,13.1907192,27.97433,120.75967,27.9905,120.76564,10,774,0
1910,2127,-9.128811109,40.07528953,27.992221,120.669443,27.98869,120.6726,4,117,0
638,1460,-4.600625433,-15.99400129,27.99736,120.62159,27.985304,120.632788,8,35,0
841,2778,-7.743202826,-6.012441205,28.0171,120.63698,27.99859,120.64039,3,36,0
1324,1543,26.37181956,12.14629209,28.0278,120.808,28.03307,120.79284,2,1407,0
415,874,-36.08723593,4.55132984,28.01975,120.65219,28.04411,120.64767,-1,15,0
2181,2734,32.30156675,-42.51712698,27.895193,120.668359,27.90428,120.63587,3,11,0
1262,2508,8.331949087,1.120589612,27.98453,120.66027,27.96724,120.66561,-1,101,0
2,113,-11.54472187,-5.603048964,28.00506,120.63866,28.01211,120.63736,3,7,0
561,1535,-37.24463042,-8.094120552,28.02374,120.641626,28.03768,120.63277,-1,6,0
683,2415,-40.1770379,12.71827677,28.02385,120.654752,28.02,120.655,-1,51,0
72,541,14.17743281,-44.39795909,27.97367,120.59704,27.96193,120.60948,-1,3483,0
928,1769,25.46013228,48.72079338,27.99601,120.708,27.998722,120.707177,7,498,0
935,956,7.51374745,-0.036324177,27.97987,120.68111,27.97159,120.65547,-1,58,0
1061,2577,42.24961348,-28.09136699,27.92415,120.70545,27.92101,120.70502,3,815,0
600,1247,-35.8742716,28.92945597,28.00892,120.64776,28.00929,120.65212,3,105,0
136,1938,-41.02944586,23.3543014,28.01434,120.65091,28.01832,120.65141,3,90,0
379,1260,70.99478988,13.78325524,27.87831,120.82092,27.91444,120.83278,6,22,0
1699,2209,16.06424248,9.849378237,27.97659,120.67899,27.96734,120.67106,5,281,0
959,1005,-35.04156614,33.13898854,28.009115,120.657413,28.00628,120.65332,3,1792,0
1400,2542,-26.53934415,-23.31833794,28.01833,120.60806,28.01903,120.61189,3,30114,0
881,1362,69.91920035,5.468560187,27.894444,120.813527,27.89369,120.80917,6,295,0
1562,1804,1.650906235,-54.33904964,27.99767,120.57531,28.00502,120.61628,-1,0,0
42,606,-16.71756833,-1.021831064,28.0014,120.65569,28.004829,120.6409,3,362,0
189,1359,3.497986184,-3.986212985,27.98396,120.69007,27.97581,120.68459,-1,76,0
1289,2263,-18.18845547,10.23824634,28.0114,120.65314,28.00726,120.65848,3,13,0
682,1535,-58.39665693,-4.139501842,28.0412,120.629,28.03768,120.63277,7,283,0
1306,1671,-13.19705881,-8.639097958,27.99383,120.62833,28.00231,120.63401,-1,76,0
656,2718,20.46812078,-43.03322008,27.96161,120.59217,27.94477,120.59481,10,387,0
1164,1828,-63.14452447,3.637182785,28.04057,120.64705,28.039716,120.651201,7,2139,0
447,536,23.38075407,30.34005538,27.99055,120.7118,27.978638,120.714666,-1,26,0
2173,2392,6.6534685,68.2838158,28.01765,120.74361,28.00878,120.68835,7,5,0
520,2832,74.47464219,7.167511036,27.88953,120.79251,27.8881,120.80006,6,4475,0
1510,2012,-44.47874834,2.090956741,28.023269,120.632426,28.02392,120.644412,-1,89,0
86,1433,-41.34028239,24.16642228,28.01563,120.65181,28.015196,120.648057,3,1128,0
691,1331,-43.7816639,-46.92745138,28.05782,120.58736,28.07361,120.61293,9,438,0
48,2087,-25.31773247,40.79882992,28.01947,120.67661,28.02363,120.66164,3,1086,0
326,2476,19.30696867,39.58812679,28.0003,120.71557,27.99996,120.71136,7,6,0
1602,2250,30.13257819,-28.95033409,27.91457,120.70609,27.92446,120.6923,3,88,0
672,920,15.56286056,-38.32682584,27.96719,120.59359,27.94553,120.6091,-1,16,0
1302,2243,69.33847429,-10.13643588,27.96848,120.78369,27.94879,120.80808,2,84,0
646,1068,9.964228639,64.79809817,28.02101,120.67872,28.04759,120.69334,-1,185,0
394,463,-14.57092056,-42.28573888,28.029211,120.593311,28.02702,120.57609,-1,0,0
1103,2549,7.74150159,-39.37498506,27.97694,120.62826,27.98841,120.58255,8,11,0
1166,2849,10.86855143,-37.39346486,27.95794,120.60138,27.92064,120.57853,10,47,0
1742,2561,3.389080261,29.02178829,28.010383,120.6909,28.00155,120.68023,-1,0,0
2444,2756,-2.262835905,39.73311298,27.99277,120.67775,27.98645,120.68772,4,24,0
447,1799,20.63798221,25.70576215,27.99055,120.7118,27.99461,120.68409,-1,0,0
421,1557,58.56483722,6.2797761,27.91626,120.8268,27.90165,120.81193,6,133,0
1441,2266,-42.67768834,7.633439703,28.04381,120.65767,28.02675,120.64983,7,9,0
1964,2167,-44.94659609,-15.31331778,28.05262,120.666572,28.0438,120.65797,7,42,0
2336,2966,67.24431035,10.40992801,27.87937,120.8036,27.90319,120.81717,6,132,0
482,1839,46.30512204,28.00514364,27.97359,120.74776,27.97706,120.75192,10,2307,0
1308,2788,10.94660544,17.47582755,27.98404,120.68203,27.96243,120.65546,-1,13,0
1654,2453,-31.80201033,-33.41553438,28.02792,120.60131,28.04644,120.60417,-1,5,0
1085,1596,-32.83452358,-33.16055374,28.0257,120.6129,28.027266,120.655901,-1,8,0
252,1504,34.83137189,34.17589411,27.9874,120.73534,27.987372,120.734892,10,26,0
916,2267,-29.85205442,19.37670385,28.01381,120.65692,28.013333,120.656944,3,10,0
2539,2772,6.148603796,-24.18549974,27.97231,120.62724,27.979611,120.629271,8,28,0
488,2556,17.186823,50.61071438,28.01171,120.71924,28.00322,120.7122,7,222,0
656,1337,20.12832084,-44.41536997,27.96161,120.59217,27.9422,120.581,10,608,0
259,2167,-62.97280536,10.01837763,28.05022,120.66531,28.0438,120.65797,7,95,0
864,949,-16.19847231,-58.00033281,28.03948,120.56891,28.042263,120.582178,9,282,0
17,2838,14.97103797,7.961392246,27.97886,120.67718,27.97867,120.677,5,102,0
1590,2502,-17.3970569,-27.16889267,28.02239,120.59436,28.01993,120.59594,3,59,0
2010,2903,8.106490672,19.76859534,27.99742,120.68104,27.98648,120.68189,4,35,0
306,1619,30.77700232,-36.17664666,27.93177,120.67802,27.920381,120.683202,-1,3,0
1133,2842,17.34179107,23.01970827,27.97533,120.72453,27.98853,120.69743,-1,16,0
259,936,-54.15753548,-3.003655971,28.05022,120.66531,28.02145,120.63334,-1,149,0
460,2377,32.86020508,51.76593379,27.996057,120.710262,27.9934,120.719,7,100,0
905,2130,69.84432872,19.03916005,27.86954,120.80506,27.85823,120.80871,6,542,0
1638,2444,-8.201568966,42.98352681,27.99258,120.67111,27.99277,120.67775,4,649,0
89,614,-32.9165312,25.9380991,28.0164,120.65703,28.0124,120.65063,3,49,0
1723,2751,-7.656927328,20.21092323,28.01437,120.67295,28.01002,120.66745,3,35,0
2058,2063,31.74456857,-45.113402,27.87238,120.65735,27.90108,120.68568,3,93,0
1047,1346,6.962768637,33.29773749,28.00475,120.69418,28.00377,120.6977,7,63,0
1587,2120,-8.531253216,0.188918679,28.00917,120.64028,28.00312,120.65388,3,11,0
382,2452,-38.40274541,37.25177321,28.01967,120.6623,28.0105,120.66068,3,46,0
1134,1987,-11.37810215,-8.956739333,27.99644,120.63354,28.007234,120.633055,-1,0,0
255,1763,64.4281787,-1.502108784,27.91211,120.79786,27.92159,120.82161,6,29,0
1761,2385,-9.073867698,46.50189735,27.99851,120.67952,27.998,120.672205,4,463,0
1416,2733,-24.77062245,-1.562793013,28.01137,120.64581,28.019524,120.631948,3,2,0
1373,2442,-18.46780117,20.95871554,28.01793,120.66445,28.01459,120.66235,3,23,0
935,2788,11.29583127,10.80997323,27.97987,120.68111,27.96243,120.65546,-1,7,0
172,677,-56.89989462,-30.22676779,28.0428,120.62069,28.040628,120.619569,7,228,0
1596,2914,-45.01098376,13.77864243,28.027266,120.655901,28.01922,120.64427,-1,262,0
2116,2840,-37.40709485,-40.40902073,28.04925,120.60197,28.04323,120.58656,-1,522,0
923,1981,-42.98091587,-29.55428015,28.06101,120.62576,28.04382,120.61146,7,0,0
672,2096,11.0579223,-45.41300625,27.96719,120.59359,27.97745,120.61375,8,107,0
955,2197,-42.5852092,-17.5128246,28.04133,120.65311,28.04449,120.62163,7,24,0
217,1100,-16.4115134,-24.78084018,28.01578,120.59444,28.00741,120.61911,-1,0,0
1803,1977,-9.209014725,21.37026706,28.01235,120.66512,27.99753,120.67522,-1,6,0
347,2802,36.19164271,42.75592049,27.98785,120.71681,27.98055,120.72944,-1,205,0
1261,1992,-10.91655231,10.4960957,28.00417,120.65509,28.00371,120.66093,3,21,0
1360,1448,13.96657139,29.9768252,27.993854,120.698744,27.99567,120.715,-1,44,0
709,1845,30.73493881,32.18028438,27.97153,120.73361,27.99406,120.72557,-1,48,0
1100,1416,-35.2672347,17.68882661,28.00741,120.61911,28.01137,120.64581,-1,6,0
720,1053,27.81439957,30.65306754,27.97976,120.74186,27.99068,120.7167,-1,37,0
565,2433,-25.94238599,24.41577857,28.00841,120.66454,28.02202,120.66394,3,133,0
1008,1051,-43.71290918,-37.19876842,28.06212,120.60705,28.04252,120.60963,-1,124,0
535,2679,50.23664333,-10.09343185,27.96456,120.79906,27.96428,120.80753,2,643,0
835,2211,31.20295578,-45.30465625,27.87789,120.68776,27.90973,120.63455,3,20,0
1433,2191,-27.69956138,5.231066641,28.015196,120.648057,28.022725,120.642908,3,9,0
234,1111,-26.59335116,-5.515483149,28.01828,120.62547,28.02502,120.63963,-1,0,0
1970,2832,63.32511849,21.77616305,27.87,120.788,27.8881,120.80006,6,246,0
1318,2874,24.09913813,14.71374457,28.073,120.71997,28.068889,120.756389,-1,0,0
159,1284,32.82814524,-2.189750927,27.94833,120.66804,27.94439,120.71319,-1,2,0
638,2848,-4.284507475,-16.86810129,27.99736,120.62159,27.965369,120.686131,-1,16,0
1356,1577,-18.87246206,-48.55824761,28.03845,120.57793,28.04175,120.58651,9,43,0
608,2848,15.91024285,0.662659789,27.99367,120.69233,27.965369,120.686131,-1,11,0
2373,2385,-3.958950984,12.91762209,27.99672,120.65264,27.998,120.672205,-1,29,0
911,2149,15.97951478,22.05746198,27.96141,120.73461,27.98472,120.69611,-1,20,0
111,2209,15.70730737,-14.47175527,27.95612,120.65155,27.96734,120.67106,5,33,0
1824,2021,27.34689326,-23.56692909,27.9227,120.70332,27.92043,120.68424,3,46,0
234,836,-26.26332051,-14.47101497,28.01828,120.62547,28.02242,120.60801,-1,216,0
1256,1373,-17.28614839,19.20622851,28.01222,120.65195,28.01793,120.66445,3,24,0
454,1848,9.742721133,11.9156684,27.98,120.66708,27.96164,120.66747,5,23,0
202,1938,-45.61268854,25.03690864,28.0087,120.65515,28.01832,120.65141,3,54,0
1391,2214,26.95463446,-0.387444433,27.95467,120.69939,27.9598,120.68203,-1,919,0
1263,1482,-17.24846257,30.05624619,28.02077,120.6738,28.02168,120.67042,3,34,0
2484,2547,-36.90306462,-56.65440138,28.07449,120.5874,28.077515,120.5896,9,1327,0
697,746,32.15172655,-20.73402466,27.92414,120.70279,27.94545,120.66986,-1,3,0
2438,2440,-16.91605044,-46.0906659,28.04073,120.58623,28.043033,120.586455,9,2,0
850,1910,-0.276087644,17.04074921,27.99186,120.67498,27.992221,120.669443,4,56,0
1376,2244,24.66366118,30.91574187,27.99176,120.72451,27.985555,120.71778,7,69,0
29,2127,-0.118680419,16.76709732,27.9926,120.671,27.98869,120.6726,4,3,0
1070,2360,34.11425289,19.92895207,27.97374,120.7589,27.97589,120.75072,10,18,0
1981,2407,-35.43823354,-28.48572838,28.04382,120.61146,28.06561,120.63194,7,35,0
689,1769,23.578003,48.05062914,28.001145,120.705368,27.998722,120.707177,7,88,0
814,1940,-47.86170214,-42.49649874,28.06065,120.61145,28.05756,120.60725,7,9849,0
273,2745,-58.76764087,-0.262349321,28.02613,120.64691,28.02921,120.62987,7,14,0
1256,1319,-37.65903021,26.58938619,28.01222,120.65195,28.01152,120.65068,3,216,0
1129,1544,50.82986289,3.548175063,27.91593,120.8267,27.94688,120.81569,6,8,0
2,1432,-16.55476031,-9.506818608,28.00506,120.63866,28.00892,120.62295,-1,46,0
2444,2612,18.71097477,2.803407543,27.99277,120.67775,27.97238,120.685041,-1,5,0
57,569,-12.58569914,-8.216638143,28.00954,120.61511,28.006636,120.635923,-1,10,0
487,741,3.015038174,18.03142367,27.98776,120.67428,27.95095,120.65688,-1,24,0
547,2512,11.24410603,16.13720469,27.98521,120.67877,27.99935,120.67604,4,6,0
405,2619,5.024815855,37.11362565,27.989232,120.680662,27.992814,120.696225,4,63,0
1386,2201,-2.763696971,46.5646233,27.98557,120.68544,27.99446,120.68161,4,113,0
550,2173,32.9961079,13.58863771,28.0076,120.72365,28.01765,120.74361,7,2,0
365,502,5.446517998,2.933998436,27.98328,120.65734,27.975415,120.651576,-1,539,0
2132,2568,-21.68722143,-54.71254992,28.043908,120.588971,28.04901,120.58582,9,414,0
687,2232,12.79268168,32.34482612,28.006318,120.696659,27.99607,120.71016,7,19,0
758,1586,-6.407073644,47.99764807,27.99542,120.68153,27.993909,120.679255,4,95,0
2124,2173,11.33341892,69.0022721,28.0048,120.764,28.01765,120.74361,-1,1293,0
2756,2758,13.98772003,20.78676369,27.98645,120.68772,27.98519,120.67735,4,22,0
1948,2301,38.42461062,15.46272565,27.96583,120.74971,27.97211,120.77582,10,0,0
1275,2515,-41.25010542,-48.87823161,28.1014,120.58443,28.06853,120.60201,9,63,0
1209,1552,20.95663739,57.95667419,28.00032,120.72752,28.00524,120.72204,7,198,0
745,2831,-61.17806827,6.257236076,28.04541,120.65027,28.04021,120.64658,7,97,0
1120,1651,45.49890206,30.0248098,27.979201,120.744915,27.97707,120.74717,10,788,0
295,674,-9.343098823,-41.84048238,28.02333,120.57606,28.02488,120.58073,9,297,0
1950,2841,26.55084118,49.80777689,27.99139,120.71952,28.000286,120.70749,7,8,0
541,1021,13.74699835,-44.3664714,27.96193,120.60948,27.96668,120.62461,-1,607,0
57,1429,-13.92959403,-19.80785668,28.00954,120.61511,28.019912,120.604277,-1,20,0
906,2433,-36.3960698,41.99896018,28.01211,120.69386,28.02202,120.66394,-1,187,0
936,962,-47.11373165,-1.883962176,28.02145,120.63334,28.017111,120.631666,-1,96,0
947,2428,1.217127611,6.624856945,27.98614,120.65644,27.98819,120.6531,-1,133,0
668,1637,-17.10895761,-18.16807851,28.0105,120.60976,28.007347,120.618907,-1,131,0
1105,1615,-37.49763992,25.33757391,28.00791,120.64843,28.01037,120.64773,3,85,0
1837,2185,5.176764467,-40.30414549,27.98603,120.63754,27.97251,120.60263,8,67,0
727,2359,3.712830149,57.01026875,28.00933,120.69355,28.00191,120.70463,7,12,0
1054,2485,-4.990470749,-6.022992827,27.99918,120.641648,27.99123,120.63845,-1,31,0
688,2804,-10.97663146,29.82874072,28.008405,120.68283,28.02126,120.68452,-1,10,0
468,2827,-11.72558638,-16.30914572,28.02464,120.59155,28.05657,120.60001,-1,4,0
1427,2305,46.60888214,29.57813562,27.98011,120.74983,27.98543,120.73922,10,175,0
172,1385,-39.36078311,-22.23780542,28.0428,120.62069,28.05153,120.62762,7,9,0
812,1160,-21.42474059,20.06358625,28.01375,120.6551,28.01525,120.66252,3,9,0
1187,2089,10.00188097,-15.75957321,27.96331,120.66311,27.970224,120.651685,5,237,0
2298,2405,18.84868944,-1.254582575,27.92952,120.68107,27.96984,120.68551,5,73,0
1112,1500,-58.4028322,-23.20241411,28.05274,120.62436,28.05006,120.62061,7,5814,0
1828,2200,-63.40221145,3.690834167,28.039716,120.651201,28.03746,120.65611,7,874,0
234,1098,-40.16992273,-22.08339671,28.01828,120.62547,28.0475,120.62333,-1,69,0
2305,2644,30.73134466,16.58737718,27.98543,120.73922,28.019199,120.784475,-1,58,0
2515,2847,-31.59002667,-39.61033539,28.06853,120.60201,28.041041,120.588459,9,5,0
1990,2628,-11.21012624,24.32855138,28.02045,120.65999,28.01511,120.67465,3,0,0
224,868,-33.72636159,42.42516604,28.01492,120.66976,28.01279,120.66871,3,6629,0
475,2790,5.53413166,-24.82267004,27.98226,120.62389,27.99273,120.60679,8,29,0
281,409,72.05358672,-9.496421001,27.94397,120.77876,27.95855,120.75661,-1,8,0
1939,2190,6.448607704,26.89550276,28.00197,120.68016,27.98235,120.67423,-1,36,0
1049,1289,-10.92184522,14.48143078,28.00814,120.66242,28.0114,120.65314,3,26,0
182,1596,-26.4986916,-17.84039527,28.01939,120.61656,28.027266,120.655901,-1,7,0
1111,2467,-50.69173196,1.220643143,28.02502,120.63963,28.025613,120.638246,7,10,0
1052,2241,35.51286576,36.24484939,27.97486,120.72843,27.98751,120.72346,-1,167,0
895,2656,-59.88613074,12.1181728,28.03688,120.73858,28.024797,120.649708,7,0,0
1092,2353,14.49778373,-8.14953154,27.96187,120.66042,27.973777,120.682079,5,0,0
1949,2899,-39.49156079,2.992355012,28.02608,120.646,28.02802,120.65472,7,0,0
1657,2688,-37.98176645,-21.66318983,28.04146,120.62266,28.04277,120.62428,7,49,0
284,708,38.50022906,-10.89487327,27.92764,120.69437,27.9343,120.7072,3,2031,0
1821,2160,46.00992092,20.27822465,27.98011,120.74803,27.9668,120.7548,10,926,0
167,2374,69.38265947,-8.846030015,27.94045,120.7928,27.93982,120.7985,-1,493,0
1054,2256,-9.323098714,-4.290662233,27.99918,120.641648,27.998412,120.636972,3,127,0
1552,1931,21.79587185,56.80249517,28.00524,120.72204,28.00622,120.72256,7,1068,0
1999,2375,42.05016973,-32.72064368,27.91395,120.70028,27.91276,120.70931,3,1108,0
1704,2970,19.39815612,-32.39642903,27.97611,120.56109,27.9567,120.57364,-1,83,0
841,2318,-48.7319429,8.58472615,28.0171,120.63698,28.0217,120.647,3,211,0
643,1385,-38.79059556,-12.64323686,28.04355,120.65147,28.05153,120.62762,7,4,0
1821,2315,36.23730381,18.3315808,27.98011,120.74803,27.9939,120.72128,-1,51,0
402,1889,-39.80774054,36.7097917,28.01188,120.66205,28.01442,120.65841,3,147,0
348,1751,-63.99928083,19.9529362,28.07753,120.6897,28.0794,120.72004,1,96,0
361,914,62.31810538,-3.782038095,27.95277,120.79908,27.93088,120.80284,-1,85,0
601,2223,58.7551076,1.341564579,27.91157,120.83255,27.922663,120.824735,6,17,0
2425,2627,29.72923676,14.93733488,28.001305,120.717516,28.01826,120.7953,-1,18,0
585,2815,7.191736165,52.83941581,28.00115,120.70215,28.00165,120.70452,7,30,0
171,556,-9.725045179,-3.022231703,28.00072,120.63977,27.99014,120.62903,-1,11,0
1168,2171,57.42188424,-0.911594723,27.92409,120.83383,27.91955,120.83809,6,46,0
1081,1515,-17.48022588,42.85418794,27.997963,120.659738,28.01034,120.65781,3,169,0
609,876,-45.48779847,0.807961914,28.02096,120.62016,28.01851,120.63892,3,156,0
19,1308,16.14081745,16.21052946,27.98443,120.66958,27.98404,120.68203,4,1215,0
1216,2297,38.44466787,-26.76556645,27.91978,120.70622,27.92659,120.71116,3,19,0
627,2642,-62.83364891,6.469766793,28.0494,120.66193,28.03965,120.64593,7,35,0
257,2116,-40.51529359,-48.02194592,28.076984,120.602335,28.04925,120.60197,-1,87,0
2058,2380,31.94697867,-53.57385974,27.87238,120.65735,27.87032,120.66347,3,11960,0
319,1391,27.28578414,-6.613829003,27.93831,120.66539,27.95467,120.69939,-1,25,0
270,2762,-22.02677328,36.43263004,28.01764,120.68649,28.01919,120.67036,-1,22,0
1478,2746,-36.22209184,-18.13414296,28.02333,120.63639,28.03863,120.61579,7,3,0
50,267,66.18734676,23.23657984,27.86632,120.78925,27.87206,120.80251,6,253,0
919,1594,-24.19118612,25.82602549,28.01517,120.66789,28.013672,120.663632,3,209,0
468,1085,-31.32089218,-28.03669929,28.02464,120.59155,28.0257,120.6129,3,5,0
136,2712,-24.77008979,7.717297235,28.01434,120.65091,28.01694,120.64891,3,14,0
166,1293,53.98094142,-12.59151802,27.93672,120.83867,27.93743,120.83414,6,13655,0
35,2887,-29.20298789,-54.95307431,28.06905,120.57281,28.04609,120.57533,9,61,0
53,1767,1.864703648,-9.094125222,27.98833,120.64222,27.97914,120.65482,-1,3,0
1441,1595,-37.30761164,-8.563089148,28.04381,120.65767,28.03104,120.63718,7,0,0
1053,1718,27.62592632,53.08859432,27.99068,120.7167,28.001831,120.717278,7,266,0
1654,2542,-18.51083863,-30.18966669,28.02792,120.60131,28.01903,120.61189,3,88,0
384,2180,-24.84754678,0.426485135,28.01405,120.63301,27.98333,120.65125,-1,12,0
599,2624,33.2517786,4.160787142,27.97321,120.72684,27.97603,120.71773,10,4059,0
1308,2428,6.461857384,12.95027357,27.98404,120.68203,27.98819,120.6531,-1,0,0
653,1002,4.218651469,-6.52405901,28.03924,120.56603,28.04392,120.5765,9,37,0
814,2146,-43.84495301,-41.48430218,28.06065,120.61145,28.051431,120.600469,7,214,0
549,1448,28.09374879,33.14385488,28.00025,120.7286,27.99567,120.715,7,0,0
1061,2250,38.13000596,-26.99689918,27.92415,120.70545,27.92446,120.6923,3,102,0
1072,2120,-30.40840245,30.54001868,28.00679,120.65524,28.00312,120.65388,3,108,0
47,2802,42.78351153,13.70822206,27.97433,120.75967,27.98055,120.72944,10,55,0
1503,1900,-37.01073156,-59.65085472,28.0363,120.5857,28.06605,120.58485,9,3349,0
1811,1929,34.17740964,-44.81629838,27.89896,120.665197,27.91255,120.63921,3,25,0
1159,1455,-30.81155672,-34.61072748,28.02791,120.59925,28.03905,120.62757,-1,19,0
759,2864,42.8001913,23.09605504,27.97238,120.74249,27.9665,120.76112,10,2,0
831,2176,6.662028365,-6.578718083,27.9762,120.668,27.95843,120.65338,5,13,0
318,1698,9.539985714,-15.10698217,27.97271,120.64743,27.95861,120.665556,5,179,0
971,2966,67.81503179,-2.146915753,27.92205,120.80111,27.90319,120.81717,6,164,0
907,2419,36.10091392,36.4120418,27.9842,120.72674,27.980722,120.721813,-1,160,0
1876,2182,14.23420286,-28.92845204,27.954186,120.587915,27.96515,120.61124,-1,27,0
803,2745,-56.6454844,2.523404405,28.02715,120.65114,28.02921,120.62987,7,17,0
685,1446,1.608153061,-39.05975117,27.97822,120.56591,27.98015,120.60519,8,40,0
130,2910,37.86455746,-46.0210215,27.90369,120.65562,27.896919,120.638597,3,179,0
1595,2745,-56.38943978,-2.414908844,28.03104,120.63718,28.02921,120.62987,7,95,0
1155,2338,58.39927472,4.560271275,27.9164,120.82583,27.91182,120.82248,6,0,0
287,724,-0.681306285,-14.98318825,27.986822,120.630326,27.99279,120.64931,-1,16,0
8,72,13.79008847,-27.45403617,27.91704,120.56917,27.97367,120.59704,-1,24,0
2,2373,-6.347250295,-0.870758483,28.00506,120.63866,27.99672,120.65264,3,2,0
280,2857,-36.77441825,-50.62869048,28.07993,120.58958,28.09805,120.59534,9,51,0
2232,2693,24.85937561,44.26455463,27.99607,120.71016,27.989197,120.703236,7,49,0
1496,2540,14.48173459,24.81241127,27.97767,120.70127,27.991878,120.694119,4,0,0
623,2901,27.30502677,1.64513507,27.94373,120.68649,27.97339,120.7071,-1,26,0
1994,2677,-9.330174536,41.50674731,27.992378,120.669665,27.99272,120.66996,4,320,0
1911,2241,38.95257408,42.01098414,27.97773,120.72673,27.98751,120.72346,-1,890,0
2241,2419,35.10146327,36.01133531,27.98751,120.72346,27.980722,120.721813,-1,49,0
961,2146,-40.34442493,-44.41739878,28.06451,120.58223,28.051431,120.600469,-1,62,0
2642,2729,-47.1594483,-18.17829579,28.03965,120.64593,28.05359,120.63947,7,13,0
157,1699,12.8164719,12.17054487,27.980814,120.677226,27.97659,120.67899,-1,22,0
779,1497,-20.19393694,-48.12007351,28.03387,120.594038,28.042251,120.587483,9,13,0
1679,2149,28.04594582,44.59243053,27.99338,120.70875,27.98472,120.69611,-1,37,0
61,2452,-26.20015563,27.0733999,28.00969,120.67408,28.0105,120.66068,3,66,0
1769,2322,24.5577465,46.81837406,27.998722,120.707177,27.99169,120.70661,7,82,0
773,1758,3.266939701,18.38400068,27.989406,120.673557,27.99447,120.68038,4,301,0
780,2239,-5.57777021,54.17574684,28.01006,120.68043,28.00222,120.68192,4,159,0
621,1576,7.307641615,-35.50530119,27.98848,120.61075,27.970529,120.613192,8,54,0
1465,1896,-39.83180666,-52.99179807,28.090984,120.588938,28.10296,120.57827,9,428,0
828,1284,34.8489098,-3.963995205,27.96168,120.677789,27.94439,120.71319,-1,83,0
1998,2059,-5.216544116,-27.13557551,27.987217,120.623164,27.987233,120.614505,8,456,0
486,709,42.56540855,33.15902279,27.97508,120.74612,27.97153,120.73361,10,733,0
2189,2656,-34.53834167,6.435353964,28.01722,120.63141,28.024797,120.649708,-1,7,0
1238,2269,-33.79993972,32.60043264,28.00439,120.65275,28.0054,120.65452,3,338,0
1956,2441,30.787133,26.11421598,27.96946,120.72066,27.98416,120.72974,10,8,0
734,1100,-17.18192345,-22.04883039,28.01097,120.60609,28.00741,120.61911,-1,20,0
2407,2860,-42.45115335,-27.08325931,28.06561,120.63194,28.0702,120.62208,-1,22,0
1667,2351,15.34536348,-39.64525746,27.93583,120.61337,27.95215,120.60432,-1,15,0
306,1877,27.3051012,-21.19240698,27.93177,120.67802,27.928215,120.695478,-1,19,0
865,2784,-47.79706868,-38.89141497,28.0464,120.604,28.05184,120.61542,7,891,0
152,2303,67.72484542,-2.525262177,27.91139,120.82389,27.90821,120.80227,6,582,0
386,405,10.48448068,18.64395086,27.99487,120.67969,27.989232,120.680662,4,159,0
1058,2009,-59.98600144,-13.68380729,28.04752,120.63044,28.04976,120.647462,7,608,0
2568,2588,-21.5518382,-50.56469313,28.04901,120.58582,28.02213,120.5743,9,41,0
602,1753,10.4083233,-8.387087632,27.95585,120.65224,27.96526,120.65283,5,7,0
1031,1198,-20.46820047,-36.73241586,28.036972,120.589166,28.0332,120.591,9,35,0
824,841,-24.84581547,-4.785726069,28.002956,120.643807,28.0171,120.63698,3,0,0
1593,2426,-38.14791941,12.21052015,28.02516,120.64698,28.0241,120.647393,-1,143,0
1867,2061,0.09996664,40.7600969,27.9905,120.6805,27.98839,120.68338,4,138,0
1747,2300,32.33763468,33.47124492,27.978667,120.735061,27.99832,120.72424,-1,67,0
143,1963,-63.1242807,13.7668914,28.04546,120.65895,28.050194,120.692298,7,36,0
2336,2570,74.11050015,8.700810067,27.87937,120.8036,27.8882,120.80334,6,611,0
1004,1098,-38.47918418,-25.60666376,28.04879,120.61397,28.0475,120.62333,7,9,0
619,1347,-39.86650338,31.13847735,28.01319,120.65921,28.01058,120.65406,3,479,0
1296,1440,51.80586663,0.161510449,27.89897,120.79855,27.92653,120.78661,6,37,0
1276,2096,9.233173696,-38.76517511,28.00066,120.58221,27.97745,120.61375,8,30,0
1347,2712,-23.10376844,9.410387789,28.01058,120.65406,28.01694,120.64891,3,4,0
160,2624,34.24392534,40.15248512,27.97864,120.71467,27.97603,120.71773,10,20330,0
284,546,28.00504468,-29.08921778,27.92764,120.69437,27.92076,120.68433,3,4,0
467,2930,-12.12385474,32.0535838,28.012398,120.68848,28.021655,120.71483,7,0,0
303,2559,-38.59579262,24.61785479,28.01193,120.64947,28.01104,120.64986,3,94,0
237,1626,-13.80419716,-23.82481788,28.023421,120.592786,28.01389,120.60169,3,83,0
1058,1455,-58.29164035,-27.57176499,28.04752,120.63044,28.03905,120.62757,7,491,0
1947,2917,-2.227285674,43.28795019,27.98803,120.67876,27.98585,120.67889,4,115,0
2535,2792,-20.53872752,35.19435926,28.01377,120.68309,28.02302,120.66759,3,28,0
179,1706,28.71239678,-24.0253972,27.92748,120.69689,27.9208,120.70586,3,35,0
84,954,-15.37749764,27.69649493,28.01988,120.68913,28.018214,120.672196,-1,41,0
915,1926,-15.78614807,27.3071559,28.024778,120.671965,28.01239,120.67322,3,4,0
1814,2465,37.40586231,-50.65851825,27.88108,120.671,27.88796,120.64935,3,3291,0
2007,2802,44.40631791,12.89267714,27.99715,120.77526,27.98055,120.72944,10,158,0
77,402,-12.98376122,12.44917411,28.00743,120.64853,28.01188,120.66205,3,2,0
979,1503,-22.53956966,-37.43858795,28.02921,120.59331,28.0363,120.5857,9,38,0
111,1871,11.63587902,-12.21823164,27.95612,120.65155,27.96874,120.65488,5,108,0
1098,1236,-37.26338895,-4.771833704,28.0475,120.62333,28.02581,120.63956,7,2,0
866,952,37.44473623,22.41053023,27.97155,120.73972,27.97169,120.76145,10,10,0
243,1238,-32.21239132,31.16057951,28.000291,120.647161,28.00439,120.65275,3,105,0
966,1293,60.80720248,-8.336941653,27.918388,120.823666,27.93743,120.83414,6,146,0
2793,2842,16.19183098,22.29608382,27.96841,120.73048,27.98853,120.69743,-1,2,0
1058,2208,-45.63314969,-16.3489937,28.04752,120.63044,28.047396,120.656783,7,56,0
178,428,-36.7488644,12.14993799,28.01444,120.65108,28.02544,120.64799,-1,52,0
204,1837,-5.69613927,-21.91344199,27.99015,120.62566,27.98603,120.63754,8,1515,0
201,1015,-26.26600383,-16.36034634,28.0203,120.625,28.02245,120.61239,-1,0,0
697,2325,44.67341336,-31.51285894,27.92414,120.70279,27.91782,120.69607,3,2551,0
670,1424,-23.04379921,-32.37882025,28.026927,120.60664,28.02108,120.60101,3,100,0
2021,2250,45.62092397,-33.98442236,27.92043,120.68424,27.92446,120.6923,3,2189,0
1625,2496,66.23142109,-7.228500325,27.91671,120.81301,27.94412,120.76969,-1,435,0
436,1402,-8.005446076,22.47712958,28.01004,120.66769,28.014576,120.681581,3,5,0
2131,2428,12.77337662,-5.51718476,27.97509,120.65593,27.98819,120.6531,5,306,0
1015,1689,-29.17837826,4.836134175,28.02245,120.61239,28.02095,120.64389,3,22,0
1717,2778,-2.030176445,-9.927420818,27.99375,120.61713,27.99859,120.64039,-1,15,0
117,2602,-26.59953201,-39.02631724,28.026108,120.592702,28.041463,120.586511,-1,46,0
321,2835,71.20845734,-7.174544714,27.941,120.76821,27.94411,120.78597,-1,170,0
891,1993,62.84411737,18.6573985,27.85508,120.7815,27.8714,120.79231,6,12,0
1580,1651,31.42022256,24.93169049,27.97711,120.72623,27.97707,120.74717,10,28,0
1763,2033,64.51393301,-9.337562663,27.92159,120.82161,27.9196,120.81824,6,2597,0
1341,1549,18.51605325,30.80955063,27.9986,120.70953,27.98966,120.70619,7,4,0
1455,2879,-44.65301041,-10.4816115,28.03905,120.62757,28.040077,120.644167,7,76,0
109,2483,-31.86361177,-37.63438098,28.03316,120.59087,28.02455,120.61196,-1,3,0
368,568,9.842116615,61.63248121,28.0175,120.69666,28.017992,120.701917,7,209,0
1376,2663,37.60126192,46.72764761,27.99176,120.72451,27.99627,120.72691,7,2198,0
172,1338,-51.6585213,-29.75577037,28.0428,120.62069,28.056963,120.625239,7,40,0
811,2520,40.6452113,-15.23142531,27.92878,120.69672,27.92895,120.69631,3,576,0
260,1749,12.52215443,-49.98155181,27.970062,120.58163,27.97581,120.57281,8,116,0
1799,1939,-4.023998332,53.51369269,27.99461,120.68409,28.00197,120.68016,4,127,0
1058,1796,-64.6075077,-0.809324243,28.04752,120.63044,28.04071,120.63988,7,4019,0
176,468,-30.59926473,-28.63974462,28.02521,120.6105,28.02464,120.59155,3,26,0
770,2110,41.4983451,-20.85428938,27.921591,120.704296,27.92408,120.70403,3,284,0
79,1602,40.25608271,-32.07980496,27.921889,120.696181,27.91457,120.70609,3,44,0
1422,2476,23.64012565,53.01710671,28.00506,120.71172,27.99996,120.71136,7,66,0
1528,1938,-43.56186605,22.56802306,28.01484,120.64575,28.01832,120.65141,3,289,0
80,1301,-17.1342489,-12.86682845,28.01143,120.62756,28.00843,120.62111,4,120,0
835,1863,30.62014043,-47.55017034,27.87789,120.68776,27.8606,120.69133,3,23,0
331,1428,-54.91501523,-6.275815156,28.03958,120.62042,28.02259,120.62662,7,334,0
916,1873,-20.28361247,17.10334545,28.01381,120.65692,28.01486,120.66325,3,53,0
954,2433,-26.66262345,39.45337282,28.018214,120.672196,28.02202,120.66394,3,3491,0
1555,1608,-67.49879883,7.39351029,28.043798,120.657967,28.0453,120.65749,7,3143,0
574,1110,37.52203176,-10.01822778,27.93368,120.71241,27.946867,120.69923,-1,318,0
1956,2160,40.11696089,7.516522386,27.96946,120.72066,27.9668,120.7548,10,520,0
600,1938,-31.69811798,14.89857486,28.00892,120.64776,28.01832,120.65141,3,12,0
204,2319,7.91880025,-42.28666623,27.99015,120.62566,27.97631,120.60491,8,32,0
1503,2086,-12.48323228,-56.6159684,28.0363,120.5857,28.03771,120.57585,9,3758,0
2483,2938,-20.03731025,-25.99132424,28.02455,120.61196,28.02158,120.59654,3,38,0
42,317,-5.376662792,5.060062202,28.0014,120.65569,28.01994,120.655,3,0,0
164,2366,14.75088204,-6.116660188,27.95724,120.65969,27.97973,120.67677,5,14,0
1612,1966,5.819529907,-55.88810152,27.9938,120.57017,27.99619,120.58337,8,1624,0
1743,2816,-56.8692675,1.138617678,28.02983,120.63357,28.04411,120.63996,7,27,0
420,2690,13.00217605,53.91749618,28.019477,120.715049,28.00749,120.70643,7,85,0
515,2353,11.97923132,-25.76066541,27.96781,120.62801,27.973777,120.682079,-1,4,0
317,1416,-25.25730574,12.82293916,28.01994,120.655,28.01137,120.64581,3,30,0
975,1994,1.180581335,21.82772479,28.00397,120.67029,27.992378,120.669665,-1,14,0
1888,2223,56.0877227,6.854255398,27.89882,120.82105,27.922663,120.824735,6,17,0
538,2532,25.52465524,18.16781639,28.03625,120.7908,28.03232,120.78261,2,434,0
2096,2103,7.603294125,-47.91105125,27.97745,120.61375,27.98211,120.59701,8,120,0
1317,2074,26.80500804,39.55799336,27.995577,120.71498,27.986124,120.709577,7,48,0
1385,1796,-63.43447294,-0.601761112,28.05153,120.62762,28.04071,120.63988,7,104,0
628,2223,59.8781967,-12.05920278,27.92742,120.82878,27.922663,120.824735,6,1698,0
1321,2561,0.651009935,33.51073272,27.99863,120.68954,28.00155,120.68023,4,20,0
609,2092,-51.75840553,-4.165272194,28.02096,120.62016,28.0195,120.63455,3,549,0
770,1061,45.19059737,-26.23539214,27.921591,120.704296,27.92415,120.70545,3,9926,0
434,1098,-41.45404544,-23.67936025,28.07246,120.62056,28.0475,120.62333,-1,7,0
1521,2452,-36.76872142,35.77095326,28.00551,120.66263,28.0105,120.66068,3,591,0
741,1433,-27.84581493,8.459792611,27.95095,120.65688,28.015196,120.648057,-1,19,0
621,1765,3.902669609,-54.07872011,27.98848,120.61075,27.9931,120.58597,8,336,0
9,2420,-0.884005145,-13.25891495,27.99378,120.6501,27.98362,120.61785,-1,10,0
859,1794,28.08392896,-9.119312053,27.95386,120.68203,27.94302,120.67619,5,21916,0
1351,1743,-55.21829982,0.371883397,28.04387,120.63355,28.02983,120.63357,7,11,0
273,2518,-37.17969328,-14.15781079,28.02613,120.64691,28.03042,120.62936,7,4,0
1098,2860,-41.2818021,-24.03544623,28.0475,120.62333,28.0702,120.62208,-1,30,0
1557,2338,61.88897827,2.20289022,27.90165,120.81193,27.91182,120.82248,6,125,0
14,1958,-27.33274759,23.68015205,28.02496,120.66541,28.01842,120.65967,3,55,0
940,2519,14.80677762,38.98868855,28.00288,120.71024,27.99715,120.70087,7,21,0
2209,2842,26.51850791,8.208112095,27.96734,120.67106,27.98853,120.69743,-1,0,0
1347,1453,-30.74687358,21.03769473,28.01058,120.65406,27.99832,120.6366,3,0,0
1724,1769,8.829754265,56.89145362,28.00258,120.70728,27.998722,120.707177,7,1657,0
615,893,-14.19517921,41.35423898,27.99109,120.67677,28.00209,120.66254,-1,52,0
341,2180,-4.092526718,-18.713135,27.98975,120.64468,27.98333,120.65125,-1,2859,0
2741,2816,-50.46416034,-17.46891285,28.047585,120.646853,28.04411,120.63996,7,30,0
57,1343,-18.57918994,-14.78821249,28.00954,120.61511,28.00754,120.6164,4,318,0
2232,2959,26.0165745,51.19228356,27.99607,120.71016,27.996193,120.708797,7,729,0
541,2791,-0.14043041,-35.3674098,27.96193,120.60948,27.99739,120.58551,-1,42,0
1204,1604,18.41536845,-38.58514149,27.94777,120.6125,27.947711,120.602591,10,807,0
79,335,17.71634078,-7.811012606,27.921889,120.696181,27.93483,120.66784,-1,0,0
1093,1560,-22.68927905,-43.96536695,28.03228,120.58055,28.034241,120.588717,9,22070,0
1362,1363,61.87485251,16.21865381,27.89369,120.80917,27.87025,120.79516,6,108,0
1474,2509,-12.77597424,-35.94180566,28.02436,120.58545,28.02225,120.60442,-1,6,0
745,2729,-60.80382995,-15.53580039,28.04541,120.65027,28.05359,120.63947,7,472,0
1923,2131,0.428724733,-8.675721759,27.99631,120.64437,27.97509,120.65593,-1,33,0
47,2496,44.55222566,16.30347505,27.97433,120.75967,27.94412,120.76969,10,10,0
306,859,31.71102658,-8.94277731,27.93177,120.67802,27.95386,120.68203,5,169,0
1101,2802,37.62172866,13.41352302,28.008865,120.778256,27.98055,120.72944,-1,14,0
585,1422,17.5409619,38.55005226,28.00115,120.70215,28.00506,120.71172,7,11,0
1141,2481,31.49986032,-13.32389135,27.933084,120.674452,27.97265,120.66766,5,0,0
972,1454,29.38781871,-22.3406488,27.94366,120.68317,27.92271,120.7068,-1,8,0
1152,2431,-20.36928931,4.024553465,28.013647,120.656985,28.0053,120.633,3,151,0
454,2366,15.7668706,11.9179717,27.98,120.66708,27.97973,120.67677,5,421,0
332,1360,5.821440434,27.24998465,28.00341,120.68731,27.993854,120.698744,4,11,0
462,1563,44.44300333,-28.40394239,27.92121,120.70312,27.92204,120.69661,3,1570,0
1834,1983,65.04747452,14.4086422,27.87957,120.7999,27.88689,120.80628,6,41,0
841,2294,-28.54743761,1.686084474,28.0171,120.63698,28.017358,120.65303,3,10,0
1416,2890,-46.02778072,1.623986656,28.01137,120.64581,28.02424,120.6348,3,50,0
637,2736,8.843285591,39.76929599,28.01522,120.68916,28.008768,120.696683,7,10,0
1552,1591,18.69245878,52.35242402,28.00524,120.72204,28.00528,120.70899,7,144,0
1694,2650,-16.39829032,30.47189649,28.023009,120.680763,28.024386,120.675309,3,0,0
117,2178,-15.89271451,-38.05691004,28.026108,120.592702,28.02937,120.59162,-1,28,0
385,2852,20.67759792,57.02523292,28.00125,120.72481,28.0076,120.724,7,63,0
2121,2706,-1.276705046,-4.819719147,28.069062,120.675355,28.05757,120.67252,7,89,0
347,403,33.39399282,41.20172075,27.98785,120.71681,27.98093,120.71034,7,22748,0
291,916,-14.48123323,20.25965779,28.023257,120.659016,28.01381,120.65692,3,48,0
1885,2150,11.47108682,-26.20294981,27.96887,120.61609,27.99711,120.58895,-1,0,0
2664,2946,64.28038227,-5.173608544,27.93035,120.81024,27.91587,120.81258,6,68,0
52,2933,62.94388641,-3.265523054,27.93816,120.80145,27.93377,120.80323,6,129,0
600,2263,-33.19284099,28.1612281,28.00892,120.64776,28.00726,120.65848,3,103,0
2200,2316,-41.63635616,-10.94504846,28.03746,120.65611,28.0271,120.60091,-1,3,0
378,937,53.45832662,-8.597986887,27.96458,120.79525,27.94444,120.83533,-1,34,0
468,2542,-23.9693422,-19.20614667,28.02464,120.59155,28.01903,120.61189,3,38,0
687,1904,7.681439093,31.88894933,28.006318,120.696659,28.01361,120.68305,7,0,0
27,1839,14.38841421,47.19220018,28.00949,120.71444,27.97706,120.75192,-1,15,0
1744,2818,-19.62014258,-54.18840264,28.049438,120.581163,28.04104,120.58846,9,16,0
842,2171,60.06874675,4.534123095,27.90945,120.81881,27.91955,120.83809,6,41,0
77,1132,-12.56324466,7.61839647,28.00743,120.64853,27.99853,120.6532,3,12,0
1643,1684,4.768970497,-46.28230669,27.98054,120.61279,27.98796,120.61592,8,3288,0
918,1423,-35.27292256,20.0968798,28.0129,120.64233,28.0149,120.64587,3,33,0
1111,2393,-33.7817796,-2.189351545,28.02502,120.63963,28.02026,120.63522,-1,47,0
174,328,-60.64330722,-14.38771944,28.04894,120.64323,28.05929,120.65781,7,198,0
758,2229,-5.341154007,7.8834366,27.99542,120.68153,27.99852,120.65649,-1,7,0
1582,2089,5.720598352,-3.795630317,27.96936,120.67444,27.970224,120.651685,5,23,0
2456,2535,-21.46596017,36.02175942,28.022125,120.670739,28.01377,120.68309,3,11,0
694,2804,-12.04652941,33.26699718,28.015,120.686,28.02126,120.68452,7,38,0
1023,2622,-48.97178994,-15.14884512,28.046787,120.661963,28.0547,120.64565,7,4,0
293,317,-28.77518544,1.138522194,28.02476,120.635142,28.01994,120.655,3,15,0
217,1276,-4.811243002,-35.93891822,28.01578,120.59444,28.00066,120.58221,-1,2,0
1351,1951,-45.93420103,-12.93013208,28.04387,120.63355,28.04412,120.63996,7,0,0
587,1562,-0.215165638,-36.21329402,27.99992,120.54988,27.99767,120.57531,8,21,0
606,872,-14.19499502,2.463918108,28.004829,120.6409,27.98477,120.64882,-1,24,0
520,2946,54.79454309,7.566202854,27.88953,120.79251,27.91587,120.81258,6,32,0
1391,2353,26.83080228,0.250548479,27.95467,120.69939,27.973777,120.682079,-1,205,0
1441,1608,-66.88350472,7.733812047,28.04381,120.65767,28.0453,120.65749,7,4972,0
621,1119,1.770097339,-26.00940597,27.98848,120.61075,27.98495,120.62353,8,61,0
1455,2012,-57.87754571,-0.717944625,28.03905,120.62757,28.02392,120.644412,-1,72,0
502,1021,13.47719202,-27.44028187,27.975415,120.651576,27.96668,120.62461,-1,77,0
522,672,16.41015217,-43.21123641,27.95536,120.60011,27.96719,120.59359,-1,654,0
513,1110,26.44712978,-23.99825207,27.921152,120.682999,27.946867,120.69923,-1,0,0
15,584,-4.935839106,-21.13111302,27.97664,120.63227,27.99383,120.62841,8,71,0
324,636,29.62459127,43.5442741,27.98847,120.70684,27.98612,120.70958,7,345,0
409,2160,45.76648648,19.34110175,27.95855,120.75661,27.9668,120.7548,10,7741,0
439,1089,-45.31233362,19.27222,28.02332,120.64816,28.02804,120.57818,-1,410,0
358,1110,34.78330366,-2.98774071,27.96854,120.74135,27.946867,120.69923,-1,3,0
1620,1981,-40.8445512,-6.564579327,28.01578,120.62194,28.04382,120.61146,-1,6,0
1865,2810,37.40221982,24.46717603,27.97506,120.73909,27.96861,120.74222,10,48,0
370,1141,20.23154054,-18.85064581,27.95455,120.65292,27.933084,120.674452,5,196,0
279,599,42.16915842,37.69177011,27.98465,120.73383,27.97321,120.72684,10,2415,0
332,1742,-1.046869046,60.97959337,28.00341,120.68731,28.010383,120.6909,-1,995,0
2484,2883,-34.81430133,-49.7693848,28.07449,120.5874,28.079318,120.572831,9,50,0
1761,2755,-2.078873074,34.32888958,27.99851,120.67952,27.99953,120.68067,4,40,0
1765,2445,4.697639352,-53.10294514,27.9931,120.58597,27.992515,120.595201,8,4000,0
1430,1948,40.41540441,3.942894739,27.9498,120.72544,27.96583,120.74971,10,32,0
2368,2458,28.36831276,-47.92400887,27.86075,120.6532,27.85734,120.67149,3,18,0
619,1005,-40.09628985,34.95377587,28.01319,120.65921,28.00628,120.65332,3,246,0
1123,1460,1.665392616,-12.48165734,27.96552,120.64757,27.985304,120.632788,-1,9,0
869,2028,51.14258184,2.674087437,27.94864,120.77547,27.92122,120.80887,-1,65,0
812,852,-30.96745472,16.79168281,28.01375,120.6551,28.013741,120.650393,3,77,0
74,2120,-10.60983394,6.460794832,28.00263,120.65852,28.00312,120.65388,3,560,0
84,2456,-23.49944607,36.50434947,28.01988,120.68913,28.022125,120.670739,-1,13,0
2424,2621,-16.34187088,51.28227019,28.01008,120.67058,28.01036,120.67777,-1,143,0
1480,2793,45.81272665,2.984744183,27.96194,120.78881,27.96841,120.73048,-1,10,0
489,2061,-2.886898685,41.93695111,27.99167,120.67799,27.98839,120.68338,4,240,0
545,1774,10.48817834,-3.483342428,27.96676,120.65937,27.99094,120.65242,5,10,0
1,597,46.82672805,18.27668215,27.97014,120.75603,27.970046,120.755771,10,282,0
273,1082,-43.29128224,16.40284029,28.02613,120.64691,28.016688,120.655528,-1,36,0
2164,2628,-20.55023167,25.01696932,28.01286,120.66582,28.01511,120.67465,3,18,0
1347,2012,-28.45022956,-0.088668898,28.01058,120.65406,28.02392,120.644412,3,27,0
772,2784,-54.46106216,-34.5416424,28.05187,120.61117,28.05184,120.61542,7,34345,0
1811,2447,38.17509741,-40.94707176,27.89896,120.665197,27.907332,120.673448,3,678,0
582,1228,67.90977952,15.00889996,27.86958,120.81319,27.873505,120.818568,6,146,0
4,515,5.193353892,-27.42646692,27.98663,120.61963,27.96781,120.62801,8,70,0
1394,2080,-9.822696602,45.03396723,27.99572,120.672658,27.994449,120.671107,4,3862,0
623,2325,30.46760042,-9.358385642,27.94373,120.68649,27.91782,120.69607,-1,20,0
2243,2592,58.26265312,-5.423834541,27.94879,120.80808,27.93254,120.82423,-1,109,0
575,2481,6.23955123,0.62767294,27.98117,120.66776,27.97265,120.66766,-1,81,0
2408,2793,39.75955848,5.315010535,27.97638,120.75557,27.96841,120.73048,10,148,0
2433,2794,-19.57282278,23.89257607,28.02202,120.66394,28.01525,120.66602,3,30,0
2123,2600,32.6067275,-37.74694158,27.92383,120.67387,27.93308,120.67445,-1,88,0
2155,2351,19.58217044,-39.91556121,27.93749,120.59711,27.95215,120.60432,10,405,0
2224,2236,5.296386744,19.26668833,27.98445,120.67253,27.9946,120.674,4,15,0
2188,2553,-33.14989903,-3.481412314,28.02031,120.62527,28.01901,120.63515,-1,3,0
584,2853,-0.938196316,-34.21320093,27.99383,120.62841,27.97599,120.59211,8,10,0
113,1432,-21.82112918,-6.858381801,28.01211,120.63736,28.00892,120.62295,-1,44,0
2713,2805,59.54174114,-8.613341078,27.9236,120.82555,27.92301,120.8262,6,131,0
1106,1572,-23.16757924,-31.7969856,28.02311,120.59937,28.02693,120.60664,3,22,0
341,475,-2.625038402,-19.45175539,27.98975,120.64468,27.98226,120.62389,8,259,0
1799,2846,-3.762526207,53.20327248,27.99461,120.68409,28.00084,120.68266,4,53,0
905,2128,65.79543944,13.62627891,27.86954,120.80506,27.8883,120.80901,6,44,0
1033,1301,-18.3768898,-12.67995251,28.007951,120.626328,28.00843,120.62111,4,219,0
801,1141,29.14924406,-43.2138142,27.87582,120.66951,27.933084,120.674452,-1,15,0
1519,1950,32.25363718,21.07368035,27.97433,120.75966,27.99139,120.71952,-1,17,0
283,846,37.25221026,17.02596363,27.98338,120.744,28.00453,120.74869,-1,0,0
550,2125,17.29028881,41.66667816,28.0076,120.72365,28.005059,120.711717,7,33,0
240,1474,-8.862409294,-40.65205207,28.02561,120.58125,28.02436,120.58545,9,43,0
1753,2224,9.536711886,12.1504102,27.96526,120.65283,27.98445,120.67253,-1,0,0
601,966,60.71914602,2.217586179,27.91157,120.83255,27.918388,120.823666,6,118,0
549,2616,30.27977407,34.22521255,28.00025,120.7286,28.018222,120.70197,7,4,0
560,1208,11.91059731,52.77078107,28.016323,120.703784,28.006628,120.70461,7,55,0
89,149,-43.92195895,32.1476416,28.0164,120.65703,28.01646,120.65935,3,1793,0
408,2518,-42.33088133,-2.918585829,28.05042,120.6339,28.03042,120.62936,7,2,0
1885,1914,11.08600143,-28.00527554,27.96887,120.61609,27.968664,120.609359,8,0,0
795,1903,37.10216204,-38.00053311,27.91839,120.66065,27.92249,120.67905,3,119,0
221,2124,8.854711831,69.87105317,28.00742,120.71768,28.0048,120.764,-1,58,0
991,2656,-50.98354279,15.4023968,28.02726,120.65732,28.024797,120.649708,7,19,0
912,1845,39.46838622,42.86052267,27.98324,120.72334,27.99406,120.72557,-1,1514,0
1935,2788,10.5263335,-7.894537372,27.97505,120.67499,27.96243,120.65546,5,114,0
1709,1950,23.12474272,31.84871325,27.97034,120.76311,27.99139,120.71952,-1,10,0
322,1178,6.53190482,35.53281516,27.994,120.695,27.99689,120.69531,4,4,0
306,1108,36.25158914,-12.49419016,27.93177,120.67802,27.924685,120.69711,-1,82,0
696,2155,19.25784606,-33.3761499,27.960958,120.569257,27.93749,120.59711,10,143,0
1503,2146,-32.77225621,-41.08486351,28.0363,120.5857,28.051431,120.600469,-1,91,0
467,2715,-12.04250703,40.99533887,28.012398,120.68848,27.99435,120.66326,-1,48,0
1008,2763,-41.87590019,-27.6387814,28.06212,120.60705,28.06783,120.61801,9,87,0
490,584,-12.38467763,-8.923123571,28.00307,120.6298,27.99383,120.62841,-1,7,0
468,604,-8.888492412,-28.93518625,28.02464,120.59155,28.015777,120.594444,3,398,0
284,1655,42.58720477,-18.30359022,27.92764,120.69437,27.92826,120.70156,3,101,0
752,1980,20.47450141,-15.71280771,27.9454,120.65697,27.9546,120.667,5,354,0
189,2214,24.07504177,2.482419916,27.98396,120.69007,27.9598,120.68203,-1,65,0
836,1772,-26.70823339,-31.18803152,28.02242,120.60801,28.02618,120.60498,3,118,0
2236,2341,9.211480543,21.22151605,27.9946,120.674,27.98923,120.68066,4,14,0
406,1834,63.77301744,17.78987396,27.89033,120.77895,27.87957,120.7999,6,10,0
2294,2318,-43.80493781,17.96048321,28.017358,120.65303,28.0217,120.647,3,955,0
976,1441,-44.54309979,-12.7548543,28.044851,120.648285,28.04381,120.65767,7,23,0
621,2023,9.631429231,-43.31076919,27.98848,120.61075,27.97172,120.61373,8,99,0
385,1696,17.90535164,44.49685812,28.00125,120.72481,28.00178,120.72121,7,32,0
387,1778,-8.770677596,-42.83404484,28.0246,120.58292,28.024885,120.580733,9,133,0
795,2207,32.91793877,-42.50972952,27.91839,120.66065,27.890556,120.636418,3,18,0
1603,1876,20.12851564,-41.45346869,27.94403,120.59556,27.954186,120.587915,10,725,0
1805,2564,29.55861834,1.115142319,27.970239,120.685696,27.96169,120.70433,-1,39,0
40,396,29.29687362,-52.56304132,27.85902,120.65677,27.85425,120.65996,3,312,0
264,307,-41.44812451,38.4110164,28.01535,120.66232,28.01573,120.65876,3,4187,0
1133,2279,25.53038498,41.86814276,27.97533,120.72453,27.98388,120.70501,-1,21,0
842,1660,67.99771808,-0.596143296,27.90945,120.81881,27.91134,120.80988,6,646,0
2353,2481,12.7703201,2.490963538,27.973777,120.682079,27.97265,120.66766,5,403,0
2624,2901,33.19561834,4.104281934,27.97603,120.71773,27.97339,120.7071,10,475,0
415,714,-42.62608244,15.69827846,28.01975,120.65219,28.02373,120.65221,-1,85,0
1308,2597,6.967791768,17.61871223,27.98404,120.68203,27.993358,120.671015,4,13,0
1415,2053,-25.45589498,0.159781047,28.01447,120.64201,28.01003,120.63016,-1,4,0
189,1782,5.084685905,51.64979292,27.98396,120.69007,27.997236,120.700653,-1,41,0
916,2801,-42.68403307,32.19960087,28.01381,120.65692,28.01569,120.65545,3,1456,0
879,2575,-21.70601896,-40.31634229,28.03093,120.59305,28.02926,120.59028,9,243,0
647,1166,10.42731765,-39.02143427,27.9749,120.63133,27.95794,120.60138,-1,0,0
161,643,-65.9255152,7.578908605,28.043888,120.656111,28.04355,120.65147,7,449,0
2428,2508,8.567290544,0.809360605,27.98819,120.6531,27.96724,120.66561,5,90,0
160,358,37.36033962,34.22496437,27.97864,120.71467,27.96854,120.74135,10,63,0
1386,2224,14.76619141,17.5554359,27.98557,120.68544,27.98445,120.67253,4,513,0
2458,2465,29.90949754,-45.45182216,27.85734,120.67149,27.88796,120.64935,3,41,0
468,2483,-20.27508123,-29.11586159,28.02464,120.59155,28.02455,120.61196,3,24,0
477,797,29.15862106,33.6421881,27.994763,120.731284,27.97373,120.74409,-1,25,0
2486,2729,-47.48834935,-15.7909651,28.04854,120.66293,28.05359,120.63947,7,12,0
1322,2259,5.211778484,34.58160061,28.00798,120.69032,28.00154,120.69636,7,99,0
273,1535,-59.83223278,1.231446645,28.02613,120.64691,28.03768,120.63277,7,49,0
1150,1444,-9.728680978,-32.52592286,28.00906,120.58854,28.019216,120.588125,-1,106,0
378,870,42.85828717,11.59715487,27.96458,120.79525,27.99111,120.78113,-1,80,0
1610,2213,-44.696291,-25.57978818,28.05249,120.60567,28.0397,120.63304,7,41,0
1388,2468,-44.67766477,20.97020288,28.01822,120.64711,28.022717,120.632107,3,1413,0
857,2537,67.47617767,-5.499715285,27.93632,120.80777,27.92328,120.80462,6,370,0
1316,2479,29.85566837,5.062933663,27.97332,120.71019,27.95756,120.72822,10,50,0
797,1821,46.53916715,27.8162295,27.97373,120.74409,27.98011,120.74803,10,2754,0
1218,2795,57.80373731,4.670544428,27.91539,120.8198,27.91981,120.8278,6,66,0
338,1821,36.33544507,26.75819426,27.978332,120.738888,27.98011,120.74803,10,40,0
1603,2853,17.27670166,-29.3492327,27.94403,120.59556,27.97599,120.59211,-1,28,0
1811,1869,37.7997643,-49.08584014,27.89896,120.665197,27.89644,120.63496,3,653,0
796,1769,9.714352538,36.75812244,28.00145,120.70189,27.998722,120.707177,7,35,0
1848,2005,32.99657267,-12.49415353,27.96164,120.66747,27.92325,120.6878,-1,9,0
1140,1592,-17.07726041,-58.26498649,28.04193,120.57698,28.04448,120.57033,9,2517,0
1360,1982,20.28566593,30.03615922,27.993854,120.698744,27.98851,120.70899,-1,22,0
1025,1939,3.075676235,32.94399718,27.992,120.69598,28.00197,120.68016,4,4,0
449,1408,38.31162167,-20.69233113,27.93173,120.70133,27.92298,120.7071,3,298,0
565,1990,-13.39384251,18.72862742,28.00841,120.66454,28.02045,120.65999,3,8,0
449,1194,32.91264671,-10.23872429,27.93173,120.70133,27.9573,120.67705,-1,44,0
1536,2214,11.50464811,10.28259248,27.985,120.67851,27.9598,120.68203,-1,26,0
182,331,-26.29920776,-19.59699599,28.01939,120.61656,28.03958,120.62042,-1,107,0
457,2930,11.25252471,60.99454594,28.01851,120.70462,28.021655,120.71483,7,337,0
984,1937,22.21566814,50.96516913,28.002192,120.710532,27.99978,120.71126,7,207,0
604,1913,-17.40244541,-26.63246924,28.015777,120.594444,28.02588,120.60418,3,58,0
1711,2816,-55.69320129,-14.09983561,28.06516,120.64246,28.04411,120.63996,7,144,0
1435,2137,-44.38581503,-18.91636183,28.046174,120.636789,28.04852,120.65349,7,19,0
422,2125,20.07924559,50.53855296,28.00525,120.70299,28.005059,120.711717,7,65,0
568,1117,9.010760109,61.51640241,28.017992,120.701917,28.02055,120.68861,7,156,0
1502,2597,-9.891875161,43.8321927,27.991292,120.664871,27.993358,120.671015,4,33,0
1596,1713,-27.41520381,-9.077839981,28.027266,120.655901,28.01567,120.62619,-1,11,0
1535,1796,-59.18870709,2.118049278,28.03768,120.63277,28.04071,120.63988,7,242,0
1528,1605,-43.15226646,21.64749616,28.01484,120.64575,28.01353,120.6398,3,2308,0
1143,2272,36.51045901,-24.35270918,27.92288,120.70458,27.91974,120.69145,3,36,0
1798,2745,-37.77900204,-2.936391873,28.02324,120.63639,28.02921,120.62987,-1,0,0
972,2698,31.847143,-37.27603824,27.94366,120.68317,27.929541,120.681063,5,92,0
1443,1958,-18.6882208,25.04426933,28.02212,120.67074,28.01842,120.65967,3,57,0
224,1596,-12.11904594,20.90302788,28.01492,120.66976,28.027266,120.655901,-1,0,0
1580,1644,36.97379234,35.40309961,27.97711,120.72623,27.97549,120.72917,10,82,0
811,1245,40.57101561,-15.93048322,27.92878,120.69672,27.92828,120.69722,3,345,0
269,1519,36.91144578,12.82567424,27.96807,120.80604,27.97433,120.75966,-1,8,0
2325,2577,39.76855894,-30.29709816,27.91782,120.69607,27.92101,120.70502,3,567,0
1596,2468,-44.4605931,14.57572322,28.027266,120.655901,28.022717,120.632107,-1,160,0
652,1055,71.56784598,8.243974213,27.88623,120.80236,27.89321,120.79688,6,387,0
490,1054,-6.059775729,-7.269645181,28.00307,120.6298,27.99918,120.641648,3,5,0
328,2686,-63.87104415,16.57211004,28.05929,120.65781,28.0508,120.683,7,63,0
31,2816,-34.95816884,-4.466044528,28.02343,120.63235,28.04411,120.63996,-1,20,0
835,1530,27.88965999,-48.69890306,27.87789,120.68776,27.86421,120.64917,3,62,0
58,1709,35.2925821,21.02561925,27.97969,120.74181,27.97034,120.76311,10,0,0
1239,2567,0.011305009,5.358969224,27.87124,120.64996,27.992138,120.656444,-1,112,0
159,246,25.41062397,-12.06599243,27.94833,120.66804,27.95634,120.66596,5,5363,0
109,2509,-15.83578446,-40.73847693,28.03316,120.59087,28.02225,120.60442,-1,4,0
347,1794,32.38241163,7.22338736,27.98785,120.71681,27.94302,120.67619,-1,3,0
644,1382,-26.96540594,27.05697503,28.01278,120.65944,28.01277,120.66194,3,114,0
1306,2373,-6.337056213,-16.26164424,27.99383,120.62833,27.99672,120.65264,-1,73,0
1104,1342,-8.616878009,50.7262108,27.99923,120.67458,28.00491,120.67627,4,483,0
1204,2083,15.8182232,-40.08536931,27.94777,120.6125,27.95887,120.60962,10,6011,0
1549,2107,19.28824105,30.55445211,27.98966,120.70619,27.99097,120.70922,7,40,0
405,616,-0.147379815,42.7863339,27.989232,120.680662,27.98866,120.6816,4,648,0
609,1145,-37.26759713,9.383514114,28.02096,120.62016,28.024208,120.653538,-1,30,0
936,2055,-53.81477441,-5.114239646,28.02145,120.63334,28.02288,120.63142,-1,557,0
358,1679,23.96704187,40.10755373,27.96854,120.74135,27.99338,120.70875,-1,3,0
2092,2778,-7.146436635,-3.648127376,28.0195,120.63455,27.99859,120.64039,3,15,0
120,1398,-23.52552327,-23.02654157,28.0183,120.607999,28.02438,120.60303,3,246,0
1167,1298,-43.32134286,-0.98654272,28.03274,120.64129,28.01943,120.636564,-1,2,0
1085,2116,-34.84535012,-38.21503501,28.0257,120.6129,28.04925,120.60197,-1,13,0
657,684,35.39075099,-47.60192498,27.878795,120.706921,27.88258,120.62827,3,129,0
955,1373,-60.83990443,13.05678758,28.04133,120.65311,28.01793,120.66445,-1,7,0
529,954,-23.12060608,44.77834185,28.01174,120.68077,28.018214,120.672196,3,104,0
2453,2816,-38.09957566,-12.2693844,28.04644,120.60417,28.04411,120.63996,7,57,0
1456,2538,43.29532115,12.23405066,27.9905,120.76564,28.00886,120.77826,10,377,0
268,975,-13.61149223,40.72093558,28.002086,120.662539,28.00397,120.67029,3,10,0
77,2682,-32.3616746,31.61683093,28.00743,120.64853,27.99605,120.64769,3,59,0
475,2541,8.147574024,-38.00025048,27.98226,120.62389,27.99417,120.59987,8,0,0
104,2316,-23.95013748,-33.05963746,28.0211,120.601,28.0271,120.60091,3,43,0
1608,2686,-47.90429268,-13.36218448,28.0453,120.65749,28.0508,120.683,7,53,0
111,2331,30.33942399,-34.03745419,27.95612,120.65155,27.92645,120.67635,-1,49,0
2213,2587,-38.93232735,-8.923968926,28.0397,120.63304,28.025858,120.64343,7,2,0
915,2456,-24.33015072,39.44401368,28.024778,120.671965,28.022125,120.670739,3,819,0
98,243,-9.009495001,-0.850731748,27.996306,120.644374,28.000291,120.647161,3,8,0
343,1500,-54.70894016,-27.34009329,28.03943,120.62365,28.05006,120.62061,7,388,0
556,1262,-0.21996135,-11.54255181,27.99014,120.62903,27.98453,120.66027,-1,10,0
31,2012,-33.50639487,-0.50302158,28.02343,120.63235,28.02392,120.644412,3,4,0
257,592,-35.45915415,-52.32997412,28.076984,120.602335,28.07596,120.58581,9,293,0
688,2427,-6.521444219,24.9207801,28.008405,120.68283,28.0086,120.6772,4,86,0
515,1599,12.94102849,-41.48387992,27.96781,120.62801,27.955208,120.625696,8,100,0
61,2003,-8.104149265,53.03244151,28.00969,120.67408,28.00191,120.67862,-1,44,0
539,2120,-34.70250087,25.93568329,28.01516,120.65303,28.00312,120.65388,3,26,0
606,1938,-27.92755211,9.991587225,28.004829,120.6409,28.01832,120.65141,3,34,0
204,515,8.14781493,-37.61353229,27.99015,120.62566,27.96781,120.62801,8,25,0
202,1172,-35.49591069,29.96998904,28.0087,120.65515,28.00805,120.65442,3,277,0
629,2706,-1.004190399,-4.508716638,28.0608,120.676028,28.05757,120.67252,7,34,0
1085,2316,-29.09412199,-30.77807262,28.0257,120.6129,28.0271,120.60091,3,38,0
317,1779,-19.82199996,12.90177128,28.01994,120.655,28.01179,120.65261,3,38,0
1256,1938,-43.61627647,24.32945113,28.01222,120.65195,28.01832,120.65141,3,95,0
949,2156,-19.34913199,-47.0811962,28.042263,120.582178,28.02454,120.591434,-1,7,0
755,2250,43.02140468,-15.40521091,27.928,120.698,27.92446,120.6923,3,1072,0
477,550,20.07646782,59.46311457,27.994763,120.731284,28.0076,120.72365,7,56,0
2763,2784,-41.57175122,-28.13503928,28.06783,120.61801,28.05184,120.61542,-1,89,0
2762,2897,-18.5569441,20.08641288,28.01919,120.67036,28.01385,120.66008,3,23,0
259,1494,-48.59970153,-16.48605459,28.05022,120.66531,28.04977,120.64759,7,15,0
526,935,12.5650398,18.99087471,27.985748,120.682807,27.97987,120.68111,4,14,0
878,2392,3.581979277,53.96718473,28.000355,120.697765,28.00878,120.68835,7,2,0
291,1441,-39.68432571,6.404809584,28.023257,120.659016,28.04381,120.65767,-1,27,0
1053,1651,31.56132098,21.28019422,27.99068,120.7167,27.97707,120.74717,-1,128,0
780,2392,-6.980697665,56.3792322,28.01006,120.68043,28.00878,120.68835,-1,381,0
343,1008,-50.1676441,-26.12478307,28.03943,120.62365,28.06212,120.60705,-1,230,0
911,1644,45.2842543,2.510667549,27.96141,120.73461,27.97549,120.72917,10,28,0
2167,2486,-62.72652926,9.889650102,28.0438,120.65797,28.04854,120.66293,7,159,0
876,1298,-49.32247472,3.198271546,28.01851,120.63892,28.01943,120.636564,3,2559,0
1298,1354,-31.04503458,-2.835137864,28.01943,120.636564,28.01757,120.6318,-1,69,0
440,2373,-12.99565507,1.240955903,28.00029,120.64716,27.99672,120.65264,3,50,0
1939,2010,-5.107300398,51.11264463,28.00197,120.68016,27.99742,120.68104,4,1941,0
684,2734,37.77690529,-47.64902425,27.88258,120.62827,27.90428,120.63587,3,509,0
502,741,6.492901923,-14.10002592,27.975415,120.651576,27.95095,120.65688,5,0,0
27,560,13.24871087,59.90848477,28.00949,120.71444,28.016323,120.703784,7,1591,0
402,2442,-24.32416791,23.99368489,28.01188,120.66205,28.01459,120.66235,3,154,0
2391,2644,28.9538423,14.01878805,28.034242,120.80361,28.019199,120.784475,2,104,0
1081,2620,-15.10805009,44.20768216,27.997963,120.659738,28.005401,120.667985,3,145,0
2316,2396,-33.85418764,-22.75699247,28.0271,120.60091,28.03985,120.62173,-1,14,0
708,2696,37.7647472,-23.4929492,27.9343,120.7072,27.92345,120.70485,3,29,0
758,2341,-0.501792204,37.79533741,27.99542,120.68153,27.98923,120.68066,4,39,0
2127,2227,6.841379304,8.333501365,27.98869,120.6726,27.98375,120.66578,4,285,0
1066,1958,-22.11859889,30.24188869,28.01902,120.66678,28.01842,120.65967,3,22,0
164,872,2.624798239,-0.575042583,27.95724,120.65969,27.98477,120.64882,5,8,0
300,2408,46.63660972,17.38191332,27.9685,120.75992,27.97638,120.75557,10,966,0
537,770,31.23712311,-25.5893152,27.91572,120.69582,27.921591,120.704296,3,48,0
635,2331,32.61791408,-41.93436399,27.91455,120.66062,27.92645,120.67635,3,18,0
2081,2391,26.7040914,14.4743285,28.046257,120.803292,28.034242,120.80361,2,217,0
515,1496,27.13992733,7.833519123,27.96781,120.62801,27.97767,120.70127,-1,16,0
143,2729,-52.03265401,-14.88469059,28.04546,120.65895,28.05359,120.63947,7,166,0
1033,1736,-25.10880194,-9.965214886,28.007951,120.626328,28.029592,120.6244,-1,3,0
1480,2303,50.79916181,1.907142981,27.96194,120.78881,27.90821,120.80227,-1,36,0
1620,2344,-7.672181148,-7.621908647,28.01578,120.62194,28.000843,120.64058,-1,24,0
670,2575,-21.81703992,-34.17943392,28.026927,120.60664,28.02926,120.59028,-1,10,0
378,2360,33.8257674,22.47572747,27.96458,120.79525,27.97589,120.75072,-1,0,0
2146,2150,-38.03517388,-30.41956255,28.051431,120.600469,27.99711,120.58895,-1,28,0
1143,2144,42.167559,-24.21246116,27.92288,120.70458,27.92809,120.70577,3,343,0
1920,2217,9.262710787,1.929428276,27.97507,120.66847,27.97587,120.67071,5,158,0
2827,2840,-40.23965327,-41.78848903,28.05657,120.60001,28.04323,120.58656,-1,127,0
1094,2834,-12.39140066,-29.0385116,28.01845,120.59962,28.00969,120.59728,3,49,0
1651,2822,45.9291926,32.80088692,27.97707,120.74717,27.97743,120.73394,10,1894,0
32,2627,30.13359082,15.25161,28.02917,120.77439,28.01826,120.7953,2,76,0
1458,2781,26.38603537,14.357578,28.023603,120.80906,28.04723,120.76804,2,42,0
1592,2268,-15.98108645,-54.72872736,28.04448,120.57033,28.04196,120.56845,9,514,0
1159,1429,-24.65244843,-22.09068145,28.02791,120.59925,28.019912,120.604277,3,54,0
1256,2744,-31.65140429,19.14003908,28.01222,120.65195,28.0132,120.654,3,8,0
447,1496,29.73908915,40.78360887,27.99055,120.7118,27.97767,120.70127,-1,57,0
541,1599,13.81106305,-40.33980475,27.96193,120.60948,27.955208,120.625696,-1,1049,0
674,1444,-9.196901091,-36.87367368,28.02488,120.58073,28.019216,120.588125,9,6,0
552,2356,37.68025241,3.012558118,27.96536,120.74141,27.95672,120.7251,10,117,0
224,1289,-12.60359538,35.61499177,28.01492,120.66976,28.0114,120.65314,3,4,0
736,2894,-21.67002895,39.63118717,28.02026,120.67933,28.01941,120.67004,3,44,0
1365,1950,30.35903253,30.89046568,27.982061,120.727042,27.99139,120.71952,7,5,0
338,1511,42.15198995,31.69933085,27.978332,120.738888,27.97302,120.73654,10,155,0
1767,1969,-6.70191587,-1.376570925,27.97914,120.65482,28.00303,120.63895,-1,14,0
178,916,-41.30636869,31.56386581,28.01444,120.65108,28.01381,120.65692,3,1120,0
2446,2621,-10.10500853,27.15758974,27.98763,120.66308,28.01036,120.67777,4,71,0
542,2618,12.59035237,56.91845769,28.00788,120.70268,28.016323,120.704,7,121,0
133,2612,18.45306588,2.035620801,27.9535,120.69621,27.97238,120.685041,5,2,0
2446,2758,9.092158037,12.66505783,27.98763,120.66308,27.98519,120.67735,4,44,0
2567,2778,-6.372705126,-8.389832642,27.992138,120.656444,27.99859,120.64039,-1,29,0
1274,1717,-2.031770392,-28.5676553,27.988034,120.621545,27.99375,120.61713,8,483,0
1401,2717,-34.61062963,8.666880141,28.01999,120.65209,28.024111,120.656361,3,47,0
41,946,17.96297009,-39.64049789,27.95746,120.61208,27.94117,120.60038,10,83,0
263,528,1.335886521,-22.48003635,27.988147,120.628893,27.987113,120.628219,8,19,0
950,1841,4.244159697,-32.24978306,27.98069,120.61263,27.980151,120.605199,8,71,0
2433,2701,2.163161955,-5.935097607,28.02202,120.66394,28.0144,120.6591,3,2,0
307,2939,-23.17928843,16.3034592,28.01573,120.65876,28.011397,120.653141,3,35,0
414,1944,14.47080334,-34.34537991,27.96162,120.59686,27.97112,120.57378,-1,117,0
387,2290,-10.6298659,-30.8463261,28.0246,120.58292,28.01109,120.5954,-1,14,0
2076,2420,6.863369098,-32.52580383,27.99335,120.57729,27.98362,120.61785,8,13,0
4,2185,2.284308763,-47.30920491,27.98663,120.61963,27.97251,120.60263,8,91,0
1604,2351,18.2184316,-37.29827284,27.947711,120.602591,27.95215,120.60432,10,245,0
1362,1581,62.66392141,8.118638536,27.89369,120.80917,27.90633,120.81918,6,58,0
890,2967,36.47390059,-21.43475854,27.92123,120.70681,27.92614,120.70507,3,33,0
9,490,-15.23788241,-6.975187501,27.99378,120.6501,28.00307,120.6298,3,48,0
1503,1695,-10.75003836,-46.39820407,28.0363,120.5857,28.02937,120.5775,9,2739,0
1189,1351,-43.72566018,-21.48497355,28.04554,120.61485,28.04387,120.63355,7,0,0
1366,2362,35.91809809,-27.96308823,27.90849,120.70916,27.92159,120.70412,3,41,0
331,2576,-50.36182975,-30.21222075,28.03958,120.62042,28.02963,120.5999,-1,8,0
1167,2899,-42.58872277,7.083126112,28.03274,120.64129,28.02802,120.65472,7,55,0
1273,1650,-44.84046788,-5.230306519,28.02347,120.61544,28.020022,120.631375,-1,18,0
422,1457,22.51929704,45.59616354,28.00525,120.70299,27.99566,120.715,7,98,0
1316,2279,28.9361314,5.403920251,27.97332,120.71019,27.98388,120.70501,-1,4,0
331,745,-37.11499428,-16.20671025,28.03958,120.62042,28.04541,120.65027,7,23,0
2413,2826,63.61864802,18.1383789,27.85882,120.79137,27.86957,120.81322,6,95,0
329,1811,33.14597814,-45.71736536,27.86838,120.6556,27.89896,120.665197,3,140,0
81,661,10.63416423,36.11742745,28.003179,120.699031,28.00053,120.6999,7,19,0
1852,2904,46.7682078,0.354666198,27.96059,120.7497,27.95985,120.77797,-1,64,0
319,2392,19.06468604,-7.508217473,27.93831,120.66539,28.00878,120.68835,-1,2,0
1948,2342,47.48732985,22.66003563,27.96583,120.74971,27.96902,120.74658,10,23778,0
539,919,-19.60231439,19.9123791,28.01516,120.65303,28.01517,120.66789,3,27,0
306,1454,33.17099188,-13.01616228,27.93177,120.67802,27.92271,120.7068,-1,4,0
609,1130,-34.02130843,-7.26127994,28.02096,120.62016,28.02327,120.63423,3,22,0
148,2714,70.942787,16.71954973,27.87141,120.8205,27.8832,120.80518,6,228,0
159,2248,19.87965129,2.878945732,27.94833,120.66804,27.97512,120.69186,-1,4,0
1043,2592,60.59244644,-4.195753222,27.937334,120.815739,27.93254,120.82423,6,70,0
1068,1963,-65.49790338,16.16943011,28.04759,120.69334,28.050194,120.692298,7,269,0
211,2588,-14.22049111,-40.39409934,28.01211,120.58988,28.02213,120.5743,9,0,0
923,1385,-56.16561397,-18.74156622,28.06101,120.62576,28.05153,120.62762,7,160,0
539,916,-41.96385752,31.38139519,28.01516,120.65303,28.01381,120.65692,3,1008,0
284,648,41.72311688,-13.92219629,27.92764,120.69437,27.92779,120.69413,3,1903,0
1092,2446,4.582024692,-0.764510804,27.96187,120.66042,27.98763,120.66308,-1,14,0
1790,2512,-7.88168871,49.14470389,28.00243,120.67766,27.99935,120.67604,4,179,0
221,2125,16.50170452,48.31570372,28.00742,120.71768,28.005059,120.711717,7,101,0
542,2786,12.75620293,48.25383722,28.00788,120.70268,28.00603,120.706387,7,39,0
178,1840,-25.42019874,9.756333027,28.01444,120.65108,27.9981,120.6541,3,15,0
123,1529,-34.44100271,-52.29252197,28.08948,120.58851,28.10206,120.54994,9,22,0
1878,2864,40.58775203,17.04224486,27.97253,120.76819,27.9665,120.76112,10,77,0
1388,2941,-27.91117584,6.550580228,28.01822,120.64711,28.015683,120.651721,3,5,0
887,2010,-4.287029956,49.20394054,27.996181,120.680372,27.99742,120.68104,4,371,0
461,2865,65.32751859,5.632939318,27.8974,120.81737,27.90471,120.82127,6,82,0
2116,2200,-35.37963041,-28.98632606,28.04925,120.60197,28.03746,120.65611,7,3,0
364,605,-9.203159221,-37.4193081,28.01704,120.5833,28.0258,120.57913,9,81,0
1110,2519,31.14221971,-7.161777449,27.946867,120.69923,27.99715,120.70087,-1,38,0
234,305,-18.03345665,-12.1523452,28.01828,120.62547,28.008511,120.618079,4,20,0
2092,2899,-29.99061054,-4.045461366,28.0195,120.63455,28.02802,120.65472,-1,11,0
475,2373,-2.087852907,-15.07377782,27.98226,120.62389,27.99672,120.65264,-1,16,0
745,2323,-40.71664487,4.304897,28.04541,120.65027,28.02463,120.6447,7,11,0
1723,2452,-22.0068445,23.27084289,28.01437,120.67295,28.0105,120.66068,3,55,0
113,2914,-22.40932169,0.22023846,28.01211,120.63736,28.01922,120.64427,3,68,0
1034,2200,-51.95836494,15.1733478,28.027685,120.65985,28.03746,120.65611,7,9,0
202,2778,-13.38975507,13.62852288,28.0087,120.65515,27.99859,120.64039,3,30,0
1164,2899,-42.60929924,5.752261057,28.04057,120.64705,28.02802,120.65472,7,13,0
1254,2353,17.10320868,5.91657351,27.97964,120.68734,27.973777,120.682079,-1,21,0
1806,2864,45.82370763,18.82609546,27.971111,120.759166,27.9665,120.76112,10,750,0
1989,2314,60.82988749,-4.053693813,27.93336,120.81773,27.93059,120.81358,6,47,0
763,1511,41.91543755,31.73882091,27.97775,120.74248,27.97302,120.73654,10,194,0
1440,2347,51.82062453,2.305537918,27.92653,120.78661,27.91091,120.81602,6,37,0
599,693,33.33789916,27.78132979,27.97321,120.72684,27.97736,120.73532,10,66,0
972,2788,25.00040446,-10.59462542,27.94366,120.68317,27.96243,120.65546,5,39,0
1276,2609,-3.302202201,-34.4317877,28.00066,120.58221,28.01418,120.59753,-1,25,0
1709,2835,42.06094076,12.80345023,27.97034,120.76311,27.94411,120.78597,-1,10,0
353,2292,-39.01790043,-31.98530897,28.04744,120.60876,28.04572,120.58643,-1,42,0
284,2214,33.60882382,-15.73759889,27.92764,120.69437,27.9598,120.68203,-1,11,0
59,2625,61.86089119,7.871470367,27.90238,120.80278,27.89938,120.82864,6,13,0
868,1759,-12.7633269,27.78062828,28.01279,120.66871,28.018481,120.682668,3,0,0
234,2658,-33.06651737,-9.151678332,28.01828,120.62547,28.023438,120.62652,-1,90,0
26,795,40.13064721,-48.0729805,27.91714,120.66023,27.91839,120.66065,3,30593,0
325,1584,6.818082295,-7.803221155,27.867766,120.811222,27.89209,120.81396,6,14,0
2316,2816,-42.01581869,-8.79320749,28.0271,120.60091,28.04411,120.63996,-1,8,0
954,2792,-25.83866742,39.66167558,28.018214,120.672196,28.02302,120.66759,3,1933,0
1164,2304,-43.06725331,-20.31280475,28.04057,120.64705,28.04617,120.63678,7,75,0
77,1388,-36.60191597,17.41529645,28.00743,120.64853,28.01822,120.64711,3,30,0
1435,1501,-43.95947732,-19.71337402,28.046174,120.636789,28.05557,120.61784,7,110,0
468,2085,-32.59424107,-41.98786623,28.02464,120.59155,28.04973,120.58807,-1,20,0
382,1528,-26.72499795,15.60137558,28.01967,120.6623,28.01484,120.64575,3,55,0
12,2826,72.00681183,20.44695068,27.8751,120.81027,27.86957,120.81322,6,9070,0
1,2516,38.91432026,20.92120579,27.97014,120.75603,27.97841,120.73883,10,6,0
539,1506,-41.51367253,15.73741451,28.01516,120.65303,28.02799,120.66168,-1,19,0
1456,2300,37.23261887,14.56160445,27.9905,120.76564,27.99832,120.72424,-1,0,0
152,520,60.01326652,12.20309345,27.91139,120.82389,27.88953,120.79251,6,87,0
1782,2512,1.984278718,26.25250527,27.997236,120.700653,27.99935,120.67604,-1,4,0
1653,2939,-14.01319581,9.969768178,28.00714,120.65555,28.011397,120.653141,3,60,0
1211,2750,10.63031177,37.16782202,28.00477,120.69408,28.00455,120.70115,7,31,0
1394,1926,-4.65268188,22.51114705,27.99572,120.672658,28.01239,120.67322,-1,28,0
72,2023,11.52753399,-44.80228412,27.97367,120.59704,27.97172,120.61373,8,286,0
179,2730,42.36272163,-15.8789825,27.92748,120.69689,27.92782,120.69643,3,993,0
1503,2547,-35.13947563,-50.83519795,28.0363,120.5857,28.077515,120.5896,9,111,0
1388,2511,-33.21251139,14.85604507,28.01822,120.64711,28.015241,120.649988,3,221,0
415,1236,-16.10588599,19.08601889,28.01975,120.65219,28.02581,120.63956,-1,0,0
489,2385,-0.749778321,20.75755411,27.99167,120.67799,27.998,120.672205,4,17,0
1557,1625,69.71605098,-0.026465423,27.90165,120.81193,27.91671,120.81301,6,672,0
269,2891,34.92987924,10.32654283,27.96807,120.80604,27.99425,120.83053,2,46,0
1054,2281,-15.25736575,-3.579344257,27.99918,120.641648,28.00143,120.63625,3,923,0
819,1697,64.92334017,-3.881463211,27.91736,120.79806,27.93044,120.81856,6,262,0
214,766,-19.4012521,-13.95652149,28.01125,120.625528,28.00726,120.61292,4,1117,0
544,2827,-39.2169243,-43.1204435,28.05007,120.58709,28.05657,120.60001,-1,129,0
2592,2913,59.83354214,-3.743597192,27.93254,120.82423,27.92081,120.81459,6,138,0
682,1494,-48.80996926,-18.42711299,28.0412,120.629,28.04977,120.64759,7,168,0
1249,1286,-36.21625194,24.34185096,28.00533,120.6479,28.01117,120.65006,3,75,0
636,2279,30.09384057,43.75226642,27.98612,120.70958,27.98388,120.70501,-1,384,0
746,2353,21.28993889,-6.782776204,27.94545,120.66986,27.973777,120.682079,5,10,0
300,2305,43.57727576,19.35588144,27.9685,120.75992,27.98543,120.73922,10,2,0
1536,1947,16.91757532,14.93277646,27.985,120.67851,27.98803,120.67876,4,64,0
408,1711,-56.96101569,-17.28214224,28.05042,120.6339,28.06516,120.64246,7,325,0
2722,2826,70.11530504,14.94516369,27.8763,120.821,27.86957,120.81322,6,8,0
54,331,-57.35082767,-29.73795133,28.018598,120.620672,28.03958,120.62042,-1,63,0
852,959,-17.60673041,11.41472326,28.013741,120.650393,28.009115,120.657413,3,0,0
958,2086,-18.53118661,-57.10759829,28.04944,120.58116,28.03771,120.57585,9,180,0
64,2939,-21.64612926,13.2500683,28.01276,120.65434,28.011397,120.653141,3,39,0
188,2083,8.175723665,-23.57688364,27.97988,120.63103,27.95887,120.60962,-1,0,0
323,2125,19.73425156,49.24120252,28.00586,120.70905,28.005059,120.711717,7,116,0
673,2888,-47.46484477,-40.89779582,28.05464,120.60495,28.05349,120.61286,7,7643,0
402,2433,-26.28772516,23.91997078,28.01188,120.66205,28.02202,120.66394,3,175,0
2319,2778,5.751871405,-23.74953507,27.97631,120.60491,27.99859,120.64039,-1,83,0
1049,1081,-17.88369572,42.07371195,28.00814,120.66242,27.997963,120.659738,3,2,0
1377,1572,-28.96336194,-32.85383875,28.02627,120.60094,28.02693,120.60664,3,99,0
347,2209,25.8321588,29.50231936,27.98785,120.71681,27.96734,120.67106,-1,8,0
584,603,5.687463351,-25.34809601,27.99383,120.62841,27.97164,120.62661,8,18,0
621,1885,9.979423189,-42.8432945,27.98848,120.61075,27.96887,120.61609,8,131,0
692,1886,4.074206786,60.89765595,28.00622,120.6991,28.010095,120.696678,7,405,0
280,1331,-41.97385609,-49.10087511,28.07993,120.58958,28.07361,120.61293,9,141,0
2249,2561,1.251415133,29.92737327,27.997139,120.68626,28.00155,120.68023,4,6,0
866,1806,45.93506666,24.02224029,27.97155,120.73972,27.971111,120.759166,10,52,0
1092,2214,20.35454374,-10.93559891,27.96187,120.66042,27.9598,120.68203,5,49,0
2048,2602,-33.71005345,-49.72763204,28.07875,120.58356,28.041463,120.586511,9,54,0
615,664,0.873151724,18.33013086,27.99109,120.67677,27.99313,120.67216,4,20,0
703,2059,1.519943348,-45.41764405,27.99417,120.59982,27.987233,120.614505,8,34,0
735,2079,-6.525855654,-16.65790324,27.993371,120.637184,27.99015,120.64099,-1,240,0
1457,1818,22.34896944,38.67562503,27.99566,120.715,27.98955,120.71298,7,18,0
1788,2087,-41.50114042,10.13746925,28.02779,120.65438,28.02363,120.66164,-1,8,0
213,1419,-17.33655498,-9.959125624,28.01009,120.63564,28.01125,120.62553,-1,41,0
343,1608,-39.56879331,-19.32752479,28.03943,120.62365,28.0453,120.65749,7,43,0
308,1357,-40.25413478,-45.46866941,28.07118,120.58698,28.05143,120.60047,-1,8,0
213,2198,-46.7588459,4.935969875,28.01009,120.63564,28.01139,120.622331,-1,36,0
501,687,8.20959037,31.45389013,28.004176,120.686025,28.006318,120.696659,-1,16,0
109,1900,-36.96355919,-42.69377352,28.03316,120.59087,28.06605,120.58485,9,68,0
592,1900,-34.53501362,-54.92130137,28.07596,120.58581,28.06605,120.58485,9,30,0
954,2804,-18.49417662,34.76382299,28.018214,120.672196,28.02126,120.68452,-1,133,0
1736,2304,-42.56340425,-20.2222675,28.029592,120.6244,28.04617,120.63678,7,65,0
487,2567,-0.814545021,7.230399617,27.98776,120.67428,27.992138,120.656444,4,41,0
1173,2452,-27.67647,25.78314405,28.01246,120.65751,28.0105,120.66068,3,19,0
306,1470,26.29319585,-20.76593395,27.93177,120.67802,27.97225,120.68006,5,30,0
2150,2292,-21.22286238,-47.97145084,27.99711,120.58895,28.04572,120.58643,-1,42,0
1256,1809,-38.00946909,23.89296671,28.01222,120.65195,28.011648,120.649797,3,17,0
1110,1496,24.91817601,3.30198079,27.946867,120.69923,27.97767,120.70127,-1,12,0
1386,1742,6.200611568,43.5496804,27.98557,120.68544,28.010383,120.6909,-1,15,0
1321,2239,-3.722098622,54.33641255,27.99863,120.68954,28.00222,120.68192,4,25,0
1053,2162,21.91529558,34.34717925,27.99068,120.7167,27.99836,120.72046,7,14,0
633,1911,25.53135961,42.15439094,27.98491,120.70392,27.97773,120.72673,-1,14,0
135,1764,-2.35632891,-45.53735165,27.9974,120.622,27.96875,120.60619,-1,2,0
489,2903,11.71317812,18.31043977,27.99167,120.67799,27.98648,120.68189,4,26,0
2481,2567,10.92450127,1.546411825,27.97265,120.66766,27.992138,120.656444,-1,5,0
490,2023,7.24473412,-29.65320629,28.00307,120.6298,27.97172,120.61373,-1,15,0
1528,2511,-35.08599062,16.37043946,28.01484,120.64575,28.015241,120.649988,3,38,0
878,2756,4.134710881,36.17475472,28.000355,120.697765,27.98645,120.68772,-1,20,0
1256,1862,-22.41163812,10.18356187,28.01222,120.65195,28.01287,120.64928,3,61,0
1273,1351,-52.94787863,-26.47945301,28.02347,120.61544,28.04387,120.63355,-1,151,0
1713,1923,-6.342340487,-6.234736483,28.01567,120.62619,27.99631,120.64437,-1,14,0
594,850,1.741068064,18.80974032,27.99348,120.67357,27.99186,120.67498,4,87,0
623,972,29.43837197,-8.557850076,27.94373,120.68649,27.94366,120.68317,5,19398,0
2129,2334,-1.772531523,-16.6902611,27.98951,120.64774,27.98855,120.64216,5,54,0
77,1072,-31.79200573,28.28817053,28.00743,120.64853,28.00679,120.65524,3,34,0
542,1439,13.28635158,35.88734856,28.00788,120.70268,28.005515,120.719495,7,69,0
257,1455,-48.3702525,-24.91856687,28.076984,120.602335,28.03905,120.62757,-1,0,0
2089,2129,6.153854218,-14.94529561,27.970224,120.651685,27.98951,120.64774,5,49,0
500,2750,14.46758386,36.09840373,27.99978,120.7112,28.00455,120.70115,7,13,0
176,1424,-23.69019807,-28.38983026,28.02521,120.6105,28.02108,120.60101,3,161,0
883,1376,39.39313718,44.28766951,27.99238,120.73064,27.99176,120.72451,7,4771,0
969,1108,44.53193121,-16.67247769,27.92722,120.69833,27.924685,120.69711,3,5058,0
293,682,-57.46577352,-4.175315833,28.02476,120.635142,28.0412,120.629,-1,169,0
529,1149,-11.16412587,29.10299136,28.01174,120.68077,28.02051,120.67683,3,23,0
108,1212,0.185787481,-37.06240583,27.98228,120.5774,27.99789,120.56689,8,7,0
608,2149,0.819729492,48.5418554,27.99367,120.69233,27.98472,120.69611,4,212,0
2059,2420,5.18155897,-46.09728949,27.987233,120.614505,27.98362,120.61785,8,21490,0
1338,1646,-37.97165566,-9.186903326,28.056963,120.625239,28.03083,120.63755,7,0,0
268,1977,-12.35928834,39.25872184,28.002086,120.662539,27.99753,120.67522,-1,110,0
1003,2589,27.87253911,11.02047521,28.01839,120.82983,28.02612,120.83038,2,12838,0
259,595,-15.22117787,32.82896284,28.05022,120.66531,28.01681,120.67808,-1,6,0
630,2169,4.901657456,53.74889412,28.0017,120.699,28.002851,120.698951,7,105,0
331,2012,-56.63741752,-0.35953396,28.03958,120.62042,28.02392,120.644412,-1,82,0
79,2357,30.69204536,-34.55503969,27.921889,120.696181,27.92044,120.6689,3,0,0
1285,2085,-46.52225352,-35.0447661,28.04108,120.61641,28.04973,120.58807,-1,10,0
279,1448,34.37020707,33.4791086,27.98465,120.73383,27.99567,120.715,-1,10,0
1558,1691,-24.00343201,24.94994748,28.01502,120.66503,28.01519,120.66268,3,142,0
2176,2353,13.96189996,11.13336137,27.95843,120.65338,27.973777,120.682079,5,8,0
435,687,6.597048025,33.39911406,28.00035,120.69777,28.006318,120.696659,7,44,0
178,305,-42.07719127,23.11567487,28.01444,120.65108,28.008511,120.618079,-1,2,0
677,2622,-55.5691524,-19.84751097,28.040628,120.619569,28.0547,120.64565,7,25,0
111,1582,13.66550007,-7.607574915,27.95612,120.65155,27.96936,120.67444,5,26,0
2185,2791,3.292430698,-34.4905465,27.97251,120.60263,27.99739,120.58551,8,27,0
453,1478,-34.48797023,0.216274932,28.023866,120.643318,28.02333,120.63639,-1,6,0
2190,2209,10.21429999,4.383554524,27.98235,120.67423,27.96734,120.67106,5,93,0
347,1878,41.66200953,19.40723703,27.98785,120.71681,27.97253,120.76819,-1,0,0
2609,2766,-15.92843058,-25.71000719,28.01418,120.59753,28.01412,120.606248,3,67,0
1799,2750,8.09723962,34.6626068,27.99461,120.68409,28.00455,120.70115,-1,34,0
257,986,-38.60341963,-57.91589401,28.076984,120.602335,28.077531,120.587363,9,10533,0
1596,2116,-32.69248678,-32.18270021,28.027266,120.655901,28.04925,120.60197,7,2,0
285,1888,67.85013385,3.594986423,27.90175,120.80936,27.89882,120.82105,6,409,0
1415,2658,-25.73923365,-0.502053167,28.01447,120.64201,28.023438,120.62652,-1,31,0
468,2179,13.85885477,-47.30482388,28.02464,120.59155,28.0058,120.593,3,32,0
46,2450,-57.2223348,-19.2411395,28.04917,120.61056,28.04901,120.63968,7,79,0
874,1164,-66.45698631,3.269641382,28.04411,120.64767,28.04057,120.64705,7,21968,0
608,2010,-3.418350441,49.79356282,27.99367,120.69233,27.99742,120.68104,4,323,0
152,2854,62.6710144,3.684861943,27.91139,120.82389,27.91056,120.82462,6,192,0
734,2168,-20.82932258,-21.96719067,28.01097,120.60609,28.02265,120.60445,3,343,0
247,2173,8.116110572,68.84667212,28.04031,120.70544,28.01765,120.74361,7,23,0
243,1054,-14.77347336,-0.428525456,28.000291,120.647161,27.99918,120.641648,3,15,0
1575,1796,-63.42718477,0.628747253,28.03973,120.6399,28.04071,120.63988,7,1070,0
1005,2559,-34.83477272,27.9145586,28.00628,120.65332,28.01104,120.64986,3,180,0
489,2444,-5.663888473,44.76180198,27.99167,120.67799,27.99277,120.67775,4,793,0
257,1501,-43.12188964,-50.62147691,28.076984,120.602335,28.05557,120.61784,-1,46,0
1273,1565,-54.32510938,-1.070616459,28.02347,120.61544,28.03749,120.6251,-1,62,0
585,661,6.397886593,55.81601247,28.00115,120.70215,28.00053,120.6999,7,934,0
1840,2567,-0.815918135,3.020419668,27.9981,120.6541,27.992138,120.656444,-1,1482,0
492,2662,22.17573487,37.7686177,27.99261,120.71419,27.9944,120.7017,-1,0,0
1432,2862,-24.4976105,-10.12818672,28.00892,120.62295,28.01436,120.62323,4,11,0
874,1593,-35.55551183,4.364813145,28.04411,120.64767,28.02516,120.64698,7,10,0
477,1950,38.78557288,45.48164902,27.994763,120.731284,27.99139,120.71952,7,113,0
453,1388,-33.07548915,3.904671326,28.023866,120.643318,28.01822,120.64711,3,32,0
80,1713,-49.52713143,-7.467056036,28.01143,120.62756,28.01567,120.62619,4,5209,0
79,1116,34.49350309,-23.97710051,27.921889,120.696181,27.92366,120.70449,3,18,0
35,280,-31.68592541,-53.09284531,28.06905,120.57281,28.07993,120.58958,9,33,0
508,1835,-43.65669344,-12.39566116,28.04337,120.65572,28.03927,120.65678,7,73,0
661,877,6.091940777,53.23875596,28.00053,120.6999,28.00179,120.69967,7,47,0
409,1335,56.18142132,-5.062678624,27.95855,120.75661,27.92006,120.82563,-1,79,0
27,2672,7.040841407,66.88089516,28.00949,120.71444,28.02026,120.69523,7,38,0
46,1565,-52.85050242,-1.614477464,28.04917,120.61056,28.03749,120.6251,7,13,0
831,1699,14.43901728,8.419298948,27.9762,120.668,27.97659,120.67899,5,110,0
893,2620,-14.89599172,44.63804777,28.00209,120.66254,28.005401,120.667985,3,187,0
1342,2003,-8.328559925,52.39443185,28.00491,120.67627,28.00191,120.67862,4,244,0
41,1576,13.00461695,-42.41097957,27.95746,120.61208,27.970529,120.613192,-1,212,0
430,560,10.73296421,39.58240907,28.00437,120.69558,28.016323,120.703784,7,43,0
772,2379,-42.82853959,-31.89568632,28.05187,120.61117,28.04982,120.6511,7,53,0
864,2764,-16.137162,-48.34247354,28.03948,120.56891,28.044142,120.567394,9,75,0
640,2258,-22.33605839,20.16414944,28.01677,120.65806,28.01658,120.65764,3,46,0
237,254,-24.84078444,-28.56658294,28.023421,120.592786,28.023933,120.596926,3,808,0
761,2294,-43.71440206,17.4134705,28.02569,120.64175,28.017358,120.65303,-1,18,0
916,1156,-17.08753159,14.7557671,28.01381,120.65692,28.01027,120.66077,3,61,0
435,692,8.817726217,37.80593961,28.00035,120.69777,28.00622,120.6991,7,0,0
761,1981,-37.45977841,-7.08577,28.02569,120.64175,28.04382,120.61146,7,0,0
1503,2067,-17.6911508,-41.64336145,28.0363,120.5857,28.028224,120.587166,9,22,0
466,2778,-4.306430557,-13.76696079,27.993,120.6404,27.99859,120.64039,-1,9,0
42,1731,-32.37698219,30.53621244,28.0014,120.65569,28.00652,120.64463,3,172,0
2119,2802,33.961328,27.96164799,27.97513,120.74591,27.98055,120.72944,10,10,0
1139,1460,-0.351447002,-22.61624178,27.988544,120.62822,27.985304,120.632788,8,52,0
1338,1981,-54.14156053,-32.43059665,28.056963,120.625239,28.04382,120.61146,7,636,0
189,858,15.90323892,19.7367214,27.98396,120.69007,27.985,120.676,4,63,0
237,604,-8.828172852,-28.55095265,28.023421,120.592786,28.015777,120.594444,3,825,0
868,2762,-29.98812404,41.76347803,28.01279,120.66871,28.01919,120.67036,3,491,0
437,1994,-7.681324018,40.82042922,27.98847,120.666286,27.992378,120.669665,4,15107,0
761,1528,-50.5237409,4.665895598,28.02569,120.64175,28.01484,120.64575,-1,50,0
935,1536,17.19196929,14.19145788,27.97987,120.68111,27.985,120.67851,4,4113,0
571,1992,-13.42113569,10.61049565,28.00238,120.65872,28.00371,120.66093,3,37,0
19,831,8.557210161,3.367130367,27.98443,120.66958,27.9762,120.668,-1,211,0
1591,2305,15.27181972,39.17660061,28.00528,120.70899,27.98543,120.73922,-1,13,0
1708,2609,-18.70339391,-28.09460371,28.02381,120.59717,28.01418,120.59753,3,137,0
672,2083,15.45302652,-41.43065851,27.96719,120.59359,27.95887,120.60962,-1,1103,0
1053,1316,30.04740133,6.565364198,27.99068,120.7167,27.97332,120.71019,-1,22,0
9,728,-1.213665681,8.485804245,27.99378,120.6501,27.98895,120.65771,-1,36,0
1536,2756,15.05670717,18.33659764,27.985,120.67851,27.98645,120.68772,4,457,0
176,1981,-49.41548763,-33.49911193,28.02521,120.6105,28.04382,120.61146,-1,91,0
111,909,15.37224784,-18.69572182,27.95612,120.65155,27.95992,120.64877,5,4763,0
1769,2756,25.19958582,46.96701614,27.998722,120.707177,27.98645,120.68772,-1,43,0
866,2414,41.12772688,25.43734836,27.97155,120.73972,27.96391,120.75937,10,32,0
1187,1446,5.364981396,-30.52560048,27.96331,120.66311,27.98015,120.60519,-1,0,0
238,507,28.95084762,41.13073615,27.985024,120.706695,27.98393,120.7051,-1,18,0
2037,2274,64.23768396,11.78537512,27.9208,120.84047,27.87983,120.81482,6,12,0
764,2229,-9.935468974,5.674645288,28.00285,120.65381,27.99852,120.65649,3,79,0
14,224,-22.21436594,31.45990233,28.02496,120.66541,28.01492,120.66976,3,93,0
1503,2132,-22.1177465,-52.80653611,28.0363,120.5857,28.043908,120.588971,9,110,0
535,2835,69.01066789,-10.64712375,27.96456,120.79906,27.94411,120.78597,2,88,0
1587,1812,-24.56556043,6.679745147,28.00917,120.64028,28.01671,120.64947,3,4,0
1596,2087,-50.32549523,16.41900042,28.027266,120.655901,28.02363,120.66164,-1,108,0
1612,1667,14.84995336,-39.17850375,27.9938,120.57017,27.93583,120.61337,8,4,0
356,495,34.29430775,10.74735973,28.03768,120.84172,27.994253,120.830533,2,138,0
1092,1699,13.7841895,7.447607579,27.96187,120.66042,27.97659,120.67899,5,22,0
2316,2938,-22.52544277,-28.54686083,28.0271,120.60091,28.02158,120.59654,3,470,0
1961,2534,-0.454127167,-23.81578089,27.98795,120.62329,27.986553,120.628013,8,15,0
529,1449,-10.5516635,24.8821954,28.01174,120.68077,28.01592,120.69364,-1,30,0
887,1930,0.481647792,27.24383709,27.996181,120.680372,27.99704,120.68015,4,16,0
340,1244,-5.820205261,20.47310522,27.99961,120.68514,28.00503,120.67134,-1,15,0
844,2751,-15.30578608,50.61725091,28.00813,120.67287,28.01002,120.66745,3,393,0
182,813,-25.60356863,-21.27151567,28.01939,120.61656,28.01833,120.607999,3,969,0
727,1081,-14.90587908,39.94432557,28.00933,120.69355,27.997963,120.659738,-1,5,0
409,2360,46.72182529,4.054383529,27.95855,120.75661,27.97589,120.75072,10,19,0
1497,1823,-19.50487866,-48.58468302,28.042251,120.587483,28.037123,120.578514,9,7,0
814,1572,-43.00047394,-32.36320823,28.06065,120.61145,28.02693,120.60664,-1,3,0
831,2217,9.135968327,2.841160963,27.9762,120.668,27.97587,120.67071,5,405,0
761,955,-56.05332143,4.822861472,28.02569,120.64175,28.04133,120.65311,7,13,0
1920,2508,11.41466468,5.851260592,27.97507,120.66847,27.96724,120.66561,5,36,0
58,347,35.19482749,29.05762436,27.97969,120.74181,27.98785,120.71681,-1,39,0
943,2366,27.40410696,26.73993263,27.98369,120.71502,27.97973,120.67677,-1,2,0
66,2827,-39.51891119,-28.06920563,28.0485,120.6088,28.05657,120.60001,7,31,0
600,1653,-34.22784042,29.08485913,28.00892,120.64776,28.00714,120.65555,3,169,0
955,1023,-62.96888834,10.65931306,28.04133,120.65311,28.046787,120.661963,7,442,0
1780,2519,5.922409755,52.55108372,27.99905,120.69979,27.99715,120.70087,7,59,0
523,1400,-19.52158549,-31.49879052,28.01991,120.60428,28.01833,120.60806,3,22,0
542,2841,14.04763745,33.59980587,28.00788,120.70268,28.000286,120.70749,7,22,0
1085,1560,-25.36367234,-44.04422802,28.0257,120.6129,28.034241,120.588717,-1,64,0
1495,1599,13.99658855,-40.75570265,27.95745,120.62666,27.955208,120.625696,8,1221,0
14,2686,-18.78630608,31.20889227,28.02496,120.66541,28.0508,120.683,-1,2,0
1565,2012,-36.14881239,-3.913476657,28.03749,120.6251,28.02392,120.644412,-1,19,0
50,891,64.6875704,24.00032395,27.86632,120.78925,27.85508,120.7815,6,585,0
81,430,3.944980164,55.75195758,28.003179,120.699031,28.00437,120.69558,7,183,0
109,2178,-23.66137949,-40.84931183,28.03316,120.59087,28.02937,120.59162,9,752,0
2146,2746,-40.09927244,-34.45189931,28.051431,120.600469,28.03863,120.61579,7,0,0
1722,1859,68.46304859,18.63573116,27.87744,120.7991,27.87212,120.80789,6,374,0
541,2970,19.42285843,-32.68982038,27.96193,120.60948,27.9567,120.57364,10,113,0
491,1160,-40.65536538,37.80366719,28.014866,120.661141,28.01525,120.66252,3,598,0
872,1994,-3.236709757,6.638719965,27.98477,120.64882,27.992378,120.669665,-1,11,0
897,2010,8.241959329,17.79948265,27.98785,120.68114,27.99742,120.68104,4,0,0
1220,2444,-7.383160058,49.82262221,28.000812,120.679146,27.99277,120.67775,4,21,0
1007,2366,16.91220691,11.07343315,27.96558,120.68672,27.97973,120.67677,5,102,0
80,201,-22.91354572,-11.62417494,28.01143,120.62756,28.0203,120.625,4,41,0
1752,2049,-36.99447527,-5.602644842,28.0312,120.63393,28.01711,120.63167,-1,0,0
613,872,-6.823557832,8.947387857,27.999,120.659,27.98477,120.64882,-1,2,0
1510,1713,-30.25051436,-9.770378057,28.023269,120.632426,28.01567,120.62619,-1,14,0
61,521,-4.282233614,28.58145179,28.00969,120.67408,27.99979,120.66739,3,10,0
1446,2550,5.329998795,-29.50859878,27.98015,120.60519,27.98622,120.61752,8,55,0
682,1981,-47.79963679,-35.86323003,28.0412,120.629,28.04382,120.61146,7,77,0
908,2545,37.88521242,32.84225462,27.971495,120.733406,27.977701,120.73082,10,115,0
803,1605,-36.6787819,5.024040002,28.02715,120.65114,28.01353,120.6398,-1,2,0
643,1605,-35.10155493,-0.851557311,28.04355,120.65147,28.01353,120.6398,-1,2,0
573,2010,-0.136620113,27.33438324,28.014374,120.672952,27.99742,120.68104,-1,22,0
758,2755,5.107728616,26.16710276,27.99542,120.68153,27.99953,120.68067,4,35,0
802,1926,-13.42250484,30.11924221,28.01624,120.67802,28.01239,120.67322,3,3,0
1483,1818,32.74770029,47.3186915,27.9897,120.71206,27.98955,120.71298,7,1322,0
720,2408,42.66620174,14.85077673,27.97976,120.74186,27.97638,120.75557,10,187,0
1572,2197,-44.0143637,-32.58240033,28.02693,120.60664,28.04449,120.62163,-1,78,0
583,1938,-35.83984151,15.08612104,28.023258,120.644214,28.01832,120.65141,3,37,0
986,2568,-35.77620292,-44.70751568,28.077531,120.587363,28.04901,120.58582,9,13,0
1448,2425,27.20216169,53.96543296,27.99567,120.715,28.001305,120.717516,7,1964,0
876,1286,-23.91161505,4.113436344,28.01851,120.63892,28.01117,120.65006,3,28,0
293,2658,-35.85779096,-4.893917816,28.02476,120.635142,28.023438,120.62652,-1,38,0
761,1088,-32.82135546,3.589504864,28.02569,120.64175,28.016654,120.650607,-1,0,0
643,832,-65.6541769,15.53516775,28.04355,120.65147,28.05231,120.68005,7,232,0
60,155,61.28443012,8.565400264,27.89629,120.80392,27.90066,120.82456,6,22,0
317,906,-22.09483864,20.47697194,28.01994,120.655,28.01211,120.69386,-1,0,0
1161,2123,31.14751033,-16.28477402,27.90218,120.626462,27.92383,120.67387,3,6,0
500,550,18.93554854,55.02004229,27.99978,120.7112,28.0076,120.72365,7,247,0
486,599,41.20819561,28.71372511,27.97508,120.74612,27.97321,120.72684,10,149,0
906,1977,-2.15522704,28.21893452,28.01211,120.69386,27.99753,120.67522,-1,21,0
1695,2575,-11.59857751,-45.58923374,28.02937,120.5775,28.02926,120.59028,9,167,0
1247,1286,-33.02205219,26.86606711,28.00929,120.65212,28.01117,120.65006,3,101,0
1385,2189,-41.61138101,-3.698486557,28.05153,120.62762,28.01722,120.63141,-1,0,0
2052,2297,30.85695903,-22.29290377,27.92832,120.69785,27.92659,120.71116,3,73,0
284,1391,39.76906556,-13.20079807,27.92764,120.69437,27.95467,120.69939,-1,633,0
109,2818,-34.68835237,-39.50336593,28.03316,120.59087,28.04104,120.58846,9,81,0
2617,2929,-42.04488332,10.69935891,28.02136,120.65561,28.026713,120.658442,-1,112,0
870,1806,41.65053944,13.10316295,27.99111,120.78113,27.971111,120.759166,10,37,0
1103,2508,11.86088854,-25.20795409,27.97694,120.62826,27.96724,120.66561,-1,12,0
887,2341,3.334356424,26.67730097,27.996181,120.680372,27.98923,120.68066,4,10,0
152,966,71.42352993,-0.752957634,27.91139,120.82389,27.918388,120.823666,6,3653,0
2116,2483,-36.13477881,-38.26240627,28.04925,120.60197,28.02455,120.61196,-1,27,0
487,1178,2.189615512,35.90971966,27.98776,120.67428,27.99689,120.69531,4,2,0
189,1956,45.03307055,4.16949351,27.98396,120.69007,27.96946,120.72066,-1,10,0
2792,2804,-20.24645246,36.13874457,28.02302,120.66759,28.02126,120.68452,-1,236,0
2160,2673,38.81922418,24.31980753,27.9668,120.7548,27.96916,120.74277,10,38,0
670,2199,-22.55989755,-35.01050887,28.026927,120.60664,28.026587,120.594413,3,28,0
1764,2083,13.74717777,-37.00814575,27.96875,120.60619,27.95887,120.60962,-1,284,0
1453,2431,-15.16559636,-5.044713367,27.99832,120.6366,28.0053,120.633,3,521,0
1940,2085,-40.44364693,-43.67636071,28.05756,120.60725,28.04973,120.58807,-1,34,0
211,448,-13.26714421,-34.48665128,28.01211,120.58988,28.024644,120.599644,-1,21,0
1105,2012,-44.52407124,4.032599269,28.00791,120.64843,28.02392,120.644412,3,84,0
382,2501,-27.26917949,23.1676825,28.01967,120.6623,28.02007,120.6623,3,142,0
2189,2213,-36.32761659,-6.75963771,28.01722,120.63141,28.0397,120.63304,-1,2,0
603,1460,7.405470543,-22.59147873,27.97164,120.62661,27.985304,120.632788,8,105,0
233,770,42.27680562,-23.91733764,27.9299,120.70635,27.921591,120.704296,3,88,0
756,2037,60.20214013,3.286206255,27.90472,120.82388,27.9208,120.84047,6,68,0
379,2128,72.13929092,14.22531772,27.87831,120.82092,27.8883,120.80901,6,121,0
409,797,44.50820465,21.70983743,27.95855,120.75661,27.97373,120.74409,10,15,0
204,1961,-2.817136356,-24.73595729,27.99015,120.62566,27.98795,120.62329,8,184,0
1717,2319,7.809547267,-42.75131187,27.99375,120.61713,27.97631,120.60491,8,140,0
1812,2801,-25.06257906,8.929157302,28.01671,120.64947,28.01569,120.65545,3,14,0
421,937,54.23120055,-11.19529931,27.91626,120.8268,27.94444,120.83533,6,447,0
1058,2890,-56.57378526,-1.953874773,28.04752,120.63044,28.02424,120.6348,-1,53,0
959,1286,-37.98241481,28.51231293,28.009115,120.657413,28.01117,120.65006,3,280,0
422,2768,13.21527521,36.6989633,28.00525,120.70299,28.00063,120.70509,7,23,0
1510,2198,-25.59592618,-9.62718525,28.023269,120.632426,28.01139,120.622331,-1,0,0
78,2209,13.06028134,-0.554426912,27.969361,120.674444,27.96734,120.67106,5,602,0
1194,1860,19.2807911,2.114255358,27.9573,120.67705,27.97729,120.68651,-1,25,0
109,2440,-21.92945528,-46.73325543,28.03316,120.59087,28.043033,120.586455,9,62,0
1238,2129,-10.32451001,5.920475365,28.00439,120.65275,27.98951,120.64774,-1,49,0
2618,2672,10.89331099,43.40447645,28.016323,120.704,28.02026,120.69523,7,30,0
1423,2092,-32.38633149,-1.804064517,28.0149,120.64587,28.0195,120.63455,3,90,0
1164,2836,-62.09090713,4.999503034,28.04057,120.64705,28.040311,120.646407,7,238,0
1293,2254,54.45344226,0.833176288,27.93743,120.83414,27.923401,120.816621,6,60,0
340,1879,-3.647529594,52.17530017,27.99961,120.68514,27.999526,120.680665,4,2860,0
893,2180,-6.146264815,9.34004241,28.00209,120.66254,27.98333,120.65125,-1,2,0
166,2051,56.59036749,-0.583799577,27.93672,120.83867,27.91544,120.83871,6,81,0
698,1685,-37.87187887,-52.55993543,28.07126,120.60869,28.08692,120.5856,9,33,0
214,1637,-17.69488878,-13.07198719,28.01125,120.625528,28.007347,120.618907,4,445,0
669,2012,-25.84001912,-2.49599639,28.01255,120.63174,28.02392,120.644412,-1,20,0
143,1605,-36.73644301,-1.067588755,28.04546,120.65895,28.01353,120.6398,-1,0,0
620,2446,-1.632825534,8.57107837,27.99255,120.65651,27.98763,120.66308,4,17,0
2033,2347,64.84441835,-0.669752583,27.9196,120.81824,27.91091,120.81602,6,145,0
940,2556,17.36370823,39.99758251,28.00288,120.71024,28.00322,120.7122,7,71,0
1793,2632,22.64352084,54.8800554,28.00591,120.71482,28.0072,120.71529,7,266,0
382,1889,-41.19475289,39.24071144,28.01967,120.6623,28.01442,120.65841,3,1194,0
14,1087,-25.1812581,38.48604854,28.02496,120.66541,28.02274,120.66726,3,957,0
751,2602,-31.58260713,-27.65317883,28.02449,120.61195,28.041463,120.586511,-1,31,0
517,2519,10.03472476,22.87109847,27.99235,120.69767,27.99715,120.70087,-1,7,0
954,1723,-29.44632045,44.48328153,28.018214,120.672196,28.01437,120.67295,3,2857,0
269,2154,36.12741611,19.94399058,27.96807,120.80604,27.96748,120.75293,-1,2,0
178,2511,-41.5938066,24.24920465,28.01444,120.65108,28.015241,120.649988,3,4691,0
1956,2241,37.8696898,43.47458984,27.96946,120.72066,27.98751,120.72346,-1,1347,0
1211,1290,-0.275899095,60.40057428,28.00477,120.69408,28.003203,120.691994,7,2693,0
1187,2149,18.86165422,7.51839861,27.96331,120.66311,27.98472,120.69611,-1,106,0
47,2796,49.274729,20.46746245,27.97433,120.75967,27.97189,120.75195,10,335,0
2000,2110,41.48503407,-21.82384429,27.92247,120.70628,27.92408,120.70403,3,145,0
385,2663,23.35839932,35.47112842,28.00125,120.72481,27.99627,120.72691,7,5,0
1151,2602,-33.79279288,-49.18672168,28.082463,120.58878,28.041463,120.586511,9,28,0
961,2086,-28.9241577,-54.66343533,28.06451,120.58223,28.03771,120.57585,9,7,0
188,2420,4.653479298,-41.14951227,27.97988,120.63103,27.98362,120.61785,8,852,0
202,1289,-36.36399732,30.14751226,28.0087,120.65515,28.0114,120.65314,3,335,0
1051,1221,-41.96446749,-38.81750194,28.04252,120.60963,28.074942,120.604791,-1,0,0
159,403,25.82210729,6.937383457,27.94833,120.66804,27.98093,120.71034,-1,47,0
775,1141,29.34376326,-41.80493575,27.9189,120.64478,27.933084,120.674452,-1,68,0
49,1031,-16.30874131,-43.31508594,28.02104,120.58411,28.036972,120.589166,9,42,0
58,720,45.70866919,32.24505309,27.97969,120.74181,27.97976,120.74186,10,15657,0
46,1620,-53.78300653,-5.638269091,28.04917,120.61056,28.01578,120.62194,-1,28,0
1178,1591,12.55984862,30.13992243,27.99689,120.69531,28.00528,120.70899,-1,16,0
84,1628,-20.98066832,46.72723852,28.01988,120.68913,28.01497,120.68572,7,352,0
2099,2756,-0.809781304,45.27639005,27.99084,120.68506,27.98645,120.68772,4,15928,0
951,2347,60.27735126,4.085177518,27.90882,120.83189,27.91091,120.81602,6,39,0
176,1807,-39.37651359,-9.524646267,28.02521,120.6105,28.040568,120.63282,-1,2,0
42,487,-4.424798776,5.14262415,28.0014,120.65569,27.98776,120.67428,-1,3,0
347,1800,28.22912637,30.13971858,27.98785,120.71681,27.987621,120.722773,7,58,0
164,2114,21.61319125,-14.90276663,27.95724,120.65969,27.94806,120.66035,5,371,0
644,2417,-21.10469199,18.0048508,28.01278,120.65944,28.01324,120.6611,3,96,0
268,2120,-9.122527919,9.242399235,28.002086,120.662539,28.00312,120.65388,3,79,0
2177,2640,-10.32391569,-42.71685263,28.024786,120.575538,28.02725,120.57841,9,447,0
1360,1483,21.80695068,29.08775634,27.993854,120.698744,27.9897,120.71206,-1,10,0
482,2360,48.74254835,23.41901959,27.97359,120.74776,27.97589,120.75072,10,9196,0
666,2151,-44.09393554,-46.0857448,28.07352,120.58467,28.06452,120.61682,9,141,0
1100,1938,-28.58519052,10.10076609,28.00741,120.61911,28.01832,120.65141,-1,4,0
48,867,-13.90083154,23.11477296,28.01947,120.67661,28.02368,120.66461,3,0,0
1244,2561,-5.476451672,24.91008763,28.00503,120.67134,28.00155,120.68023,-1,17,0
627,2729,-60.82138703,-17.42908781,28.0494,120.66193,28.05359,120.63947,7,392,0
1769,2694,7.596143984,55.70517398,27.998722,120.707177,28.00118,120.70197,7,391,0
2248,2480,18.33301787,1.776683683,27.97512,120.69186,27.976345,120.701908,10,12,0
1534,2535,-24.97573557,45.24645712,28.017189,120.678534,28.01377,120.68309,3,1312,0
2099,2385,-2.520532798,23.8184466,27.99084,120.68506,27.998,120.672205,4,8,0
1587,1671,-17.3531531,-5.092511842,28.00917,120.64028,28.00231,120.63401,3,498,0
221,416,15.75894445,47.30418442,28.00742,120.71768,28.007694,120.718867,7,14,0
1351,1398,-37.49833799,-28.00926704,28.04387,120.63355,28.02438,120.60303,-1,15,0
1092,1103,9.949270422,-31.36940616,27.96187,120.66042,27.97694,120.62826,-1,11,0
1398,2197,-52.48679385,-29.74327328,28.02438,120.60303,28.04449,120.62163,-1,138,0
709,2154,40.68366218,21.48370975,27.97153,120.73361,27.96748,120.75293,10,49,0
2182,2319,13.53995175,-39.57005195,27.96515,120.61124,27.97631,120.60491,8,368,0
1378,2408,42.80100764,14.44552149,27.9833,120.74401,27.97638,120.75557,10,98,0
307,359,-40.14164062,36.2925625,28.01573,120.65876,28.0113,120.6614,3,191,0
73,1428,-51.20711642,-3.832688301,28.01003,120.63314,28.02259,120.62662,-1,41,0
2094,2432,1.701111121,-50.4172275,27.992,120.60987,27.99839,120.59856,8,79,0
2503,2930,9.212657888,45.94681589,28.02203,120.68689,28.021655,120.71483,7,2,0
86,706,-28.8636149,14.95379033,28.01563,120.65181,28.01787,120.65315,3,50,0
1666,1888,65.76967281,6.820639887,27.90314,120.82835,27.89882,120.82105,6,37,0
1718,2618,11.74392591,42.19380768,28.001831,120.717278,28.016323,120.704,7,48,0
268,565,-5.084010626,11.16001642,28.002086,120.662539,28.00841,120.66454,3,35,0
332,2841,3.335006043,30.78586461,28.00341,120.68731,28.000286,120.70749,-1,86,0
1572,1908,-17.70854013,-29.58594407,28.02693,120.60664,28.0141,120.60512,3,53,0
677,1610,-34.29743695,-21.98520505,28.040628,120.619569,28.05249,120.60567,7,42,0
876,1620,-25.46483792,-10.85572646,28.01851,120.63892,28.01578,120.62194,-1,22,0
1660,1697,55.58522913,5.67787414,27.91134,120.80988,27.93044,120.81856,6,0,0
617,729,-14.24611221,-27.29399221,28.013371,120.594287,28.02336,120.60588,3,68,0
312,2633,12.63610082,7.148313875,27.97483,120.67456,27.98511,120.67531,-1,108,0
1670,2281,-10.59272674,-4.470728713,28.00788,120.63732,28.00143,120.63625,3,32,0
1782,2236,2.252230137,24.38742072,27.997236,120.700653,27.9946,120.674,-1,9,0
388,2632,16.31901346,41.39211915,28.002723,120.710296,28.0072,120.71529,7,59,0
369,937,55.38387834,-10.80248244,27.9277,120.83323,27.94444,120.83533,6,228,0
385,404,20.39683075,56.33238933,28.00125,120.72481,28.00043,120.72422,7,90,0
1502,1870,-14.06357009,42.68692937,27.991292,120.664871,27.99576,120.6574,-1,144,0
1302,2774,45.99738074,7.337884922,27.96848,120.78369,27.96407,120.76438,-1,36,0
935,2366,17.14936679,12.81193075,27.97987,120.68111,27.97973,120.67677,-1,13314,0
636,2548,29.37352042,43.85440743,27.98612,120.70958,27.98874,120.70314,7,238,0
42,390,-5.342339352,3.577770411,28.0014,120.65569,28.00489,120.65665,3,54,0
2236,2512,-7.626297049,46.20242649,27.9946,120.674,27.99935,120.67604,4,1861,0
2164,2452,-37.21889871,37.85966551,28.01286,120.66582,28.0105,120.66068,3,248,0
109,172,-37.0583858,-31.81880267,28.03316,120.59087,28.0428,120.62069,-1,15,0
553,741,-4.670800386,9.126194487,27.999,120.66,27.95095,120.65688,-1,0,0
89,2349,-24.78286652,17.62319081,28.0164,120.65703,28.01461,120.65761,3,29,0
1005,1258,-13.6723562,9.809326531,28.00628,120.65332,28.011,120.654,3,56,0
2507,2729,-41.85145392,-11.63224779,28.02519,120.66642,28.05359,120.63947,-1,21,0
1468,1958,-18.61409873,22.13552667,28.02255,120.66078,28.01842,120.65967,3,57,0
1386,1449,6.114395913,42.03220596,27.98557,120.68544,28.01592,120.69364,-1,14,0
1003,2532,30.57331502,11.98546935,28.01839,120.82983,28.03232,120.78261,2,13,0
2241,2363,32.75807211,31.0940069,27.98751,120.72346,27.98627,120.73454,-1,56,0
447,455,31.16464996,49.94059066,27.99055,120.7118,27.992983,120.713162,7,474,0
1758,1994,1.289999682,21.50248708,27.99447,120.68038,27.992378,120.669665,4,47,0
1764,2420,9.570342736,-45.36902168,27.96875,120.60619,27.98362,120.61785,8,128,0
257,845,-32.47232323,-57.59883598,28.076984,120.602335,28.06506,120.57549,9,261,0
987,1939,-9.436826288,18.38623804,28.00626,120.66415,28.00197,120.68016,-1,29,0
1187,1956,29.94675117,3.526839705,27.96331,120.66311,27.96946,120.72066,-1,98,0
545,1935,12.25748546,-3.122362487,27.96676,120.65937,27.97505,120.67499,5,242,0
111,2418,19.85654419,-13.41683972,27.95612,120.65155,27.93672,120.67951,5,18,0
697,2302,42.35347947,-29.37182233,27.92414,120.70279,27.92002,120.70535,3,1724,0
259,2816,-55.08648503,-1.168167883,28.05022,120.66531,28.04411,120.63996,7,54,0
1294,1900,-33.4648951,-57.00400461,28.06952,120.58518,28.06605,120.58485,9,2379,0
966,1888,63.46156914,6.840404681,27.918388,120.823666,27.89882,120.82105,6,87,0
621,2778,-8.48594457,-5.215634389,27.98848,120.61075,27.99859,120.64039,-1,48,0
628,1989,58.75644285,-5.113970192,27.92742,120.82878,27.93336,120.81773,6,50,0
1015,1900,-33.21949291,-46.01198715,28.02245,120.61239,28.06605,120.58485,-1,96,0
15,367,0.078513078,-46.79004084,27.97664,120.63227,27.99233,120.60381,8,2,0
82,850,-3.605260189,39.00875808,27.99276,120.68048,27.99186,120.67498,4,170,0
1005,2580,-34.5308335,31.82529341,28.00628,120.65332,28.00603,120.65454,3,361,0
1959,2415,-41.78939798,11.17251876,28.02514,120.6594,28.02,120.655,3,15,0
1070,1878,39.60695065,13.93582897,27.97374,120.7589,27.97253,120.76819,10,94,0
2344,2559,-22.45613476,7.966848806,28.000843,120.64058,28.01104,120.64986,3,76,0
858,1569,11.83602489,13.44964899,27.985,120.676,27.984146,120.678225,-1,73,0
1886,2924,9.452549134,32.23087096,28.010095,120.696678,28.0079,120.69401,7,12,0
1083,1769,24.50820512,47.06804044,27.99432,120.7066,27.998722,120.707177,7,38,0
936,2467,-54.5511055,-0.350168988,28.02145,120.63334,28.025613,120.638246,-1,81,0
252,2516,35.16291811,29.67374027,27.9874,120.73534,27.97841,120.73883,10,46,0
1774,2428,0.36740338,3.267465173,27.99094,120.65242,27.98819,120.6531,5,7224,0
1260,1763,59.33432737,-7.24149874,27.91444,120.83278,27.92159,120.82161,6,141,0
213,2431,-17.90875301,-7.775338821,28.01009,120.63564,28.0053,120.633,3,172,0
37,2508,5.905052965,-0.874334781,27.97486,120.66789,27.96724,120.66561,5,23,0
1731,1870,-8.501094355,7.004791085,28.00652,120.64463,27.99576,120.6574,3,0,0
1557,1888,69.36918973,4.349514743,27.90165,120.81193,27.89882,120.82105,6,2163,0
1796,2415,-60.15110242,3.235612037,28.04071,120.63988,28.02,120.655,-1,53,0
1015,1338,-43.466612,-30.37546125,28.02245,120.61239,28.056963,120.625239,-1,0,0
955,2642,-63.10981728,3.229929489,28.04133,120.65311,28.03965,120.64593,7,505,0
19,1369,13.92508669,13.90642661,27.98443,120.66958,27.98473,120.6773,4,325,0
1807,2029,-40.37728896,-20.7711891,28.040568,120.63282,28.0414,120.62359,7,66,0
2427,2792,-6.849045448,26.78234428,28.0086,120.6772,28.02302,120.66759,-1,40,0
389,2778,-7.996636291,-8.195607584,28.01058,120.62116,27.99859,120.64039,-1,37,0
1386,2819,1.135447907,41.56536587,27.98557,120.68544,27.98575,120.68281,4,226,0
293,609,-55.67982657,-6.692510919,28.02476,120.635142,28.02096,120.62016,3,128,0
164,1123,14.78627249,-20.27150187,27.95724,120.65969,27.96552,120.64757,5,462,0
273,428,-35.02596973,8.195156668,28.02613,120.64691,28.02544,120.64799,7,18,0
841,1273,-33.01304427,-6.825256182,28.0171,120.63698,28.02347,120.61544,3,143,0
253,2848,17.15968633,4.116931634,27.9787,120.6874,27.965369,120.686131,-1,8,0
1993,2336,62.59657637,16.50792662,27.8714,120.79231,27.87937,120.8036,6,111,0
202,1870,-9.810702755,10.43929263,28.0087,120.65515,27.99576,120.6574,3,11,0
364,2365,-11.47184403,-33.97262576,28.01704,120.5833,28.01894,120.59618,-1,34,0
195,2450,-49.62323647,-20.26353801,28.041109,120.62863,28.04901,120.63968,7,26,0
905,1363,68.40933909,21.7424109,27.86954,120.80506,27.87025,120.79516,6,279,0
1517,1671,0.936677415,-4.192172763,28.00754,120.63573,28.00231,120.63401,3,16,0
160,2305,34.87600481,30.47044781,27.97864,120.71467,27.98543,120.73922,10,74,0
1220,2512,-7.91624764,49.76751808,28.000812,120.679146,27.99935,120.67604,4,488,0
312,769,7.233357556,-0.452134023,27.97483,120.67456,27.97575,120.65879,5,32,0
775,1295,33.16386539,-46.67070268,27.9189,120.64478,27.87791,120.67133,3,78,0
584,1119,3.629619772,-24.41660511,27.99383,120.62841,27.98495,120.62353,8,37,0
347,1747,35.24761739,33.29666908,27.98785,120.71681,27.978667,120.735061,-1,95,0
381,1255,-2.448176606,13.38134529,27.99445,120.67111,27.9997,120.67055,-1,10,0
1837,1885,9.003644124,-40.68852798,27.98603,120.63754,27.96887,120.61609,8,40,0
341,1840,-5.438999753,-18.68175487,27.98975,120.64468,27.9981,120.6541,-1,14,0
1338,2542,-17.87827054,-25.05318978,28.056963,120.625239,28.01903,120.61189,-1,0,0
490,691,-19.52636581,-8.983373913,28.00307,120.6298,28.05782,120.58736,-1,9,0
574,859,31.88994064,-11.39971893,27.93368,120.71241,27.95386,120.68203,-1,12,0
2297,2332,43.02527916,-20.22574521,27.92659,120.71116,27.92441,120.70401,3,192,0
267,1993,66.58948329,21.79484409,27.87206,120.80251,27.8714,120.79231,6,608,0
127,412,36.02493269,-37.12726113,27.9207,120.68866,27.91108,120.67813,3,148,0
115,2100,53.74886364,-6.406737767,27.94565,120.83188,27.93118,120.82472,6,8,0
449,1872,45.6776955,-19.43414924,27.93173,120.70133,27.92834,120.69922,3,180,0
1796,1963,-57.51194238,5.725783547,28.04071,120.63988,28.050194,120.692298,7,0,0
513,972,37.1140276,-35.72193517,27.921152,120.682999,27.94366,120.68317,-1,272,0
1644,2241,29.88945763,28.59819885,27.97549,120.72917,27.98751,120.72346,-1,37,0
666,2116,-40.57330232,-44.76481628,28.07352,120.58467,28.04925,120.60197,-1,103,0
182,1085,-30.63353759,-26.85175745,28.01939,120.61656,28.0257,120.6129,3,108,0
402,1327,-14.95053523,15.09432499,28.01188,120.66205,28.010416,120.663943,3,78,0
697,2871,29.65990709,-27.10310375,27.92414,120.70279,27.92341,120.69408,3,49,0
748,1141,34.64191188,-17.15273421,27.9266,120.711,27.933084,120.674452,-1,15,0
1549,1651,18.33327886,26.11752967,27.98966,120.70619,27.97707,120.74717,-1,16,0
318,935,7.041700233,-2.699878735,27.97271,120.64743,27.97987,120.68111,-1,7,0
1502,1855,6.247370448,13.80734061,27.991292,120.664871,27.98606,120.67631,4,44,0
643,2318,-35.75636716,3.949584064,28.04355,120.65147,28.0217,120.647,-1,71,0
1255,2512,-6.257047291,37.7334485,27.9997,120.67055,27.99935,120.67604,-1,268,0
301,2155,19.51220217,-40.674491,27.93112,120.5882,27.93749,120.59711,10,563,0
197,980,-1.949274922,20.74085046,27.99572,120.67266,27.99716,120.67088,4,11,0
2335,2380,31.12474443,-53.56603274,27.86624,120.66547,27.87032,120.66347,3,15652,0
1340,2428,0.361594806,6.298677834,27.99419,120.65338,27.98819,120.6531,-1,49,0
1376,1395,22.93828692,36.37613531,27.99176,120.72451,27.998361,120.720456,7,6,0
347,1365,30.47804994,30.32507992,27.98785,120.71681,27.982061,120.727042,7,66,0
1076,1543,28.67067244,13.41393011,28.03881,120.82892,28.03307,120.79284,2,289,0
1937,2476,24.9768402,52.199214,27.99978,120.71126,27.99996,120.71136,7,78,0
361,738,50.29747695,-9.468361647,27.95277,120.79908,27.9652,120.81554,2,675,0
2543,2848,10.77010005,5.880979374,27.978448,120.671401,27.965369,120.686131,5,69,0
84,2535,-21.10826987,46.37883126,28.01988,120.68913,28.01377,120.68309,-1,143,0
696,1624,6.874457304,-34.01435257,27.960958,120.569257,27.971715,120.608414,-1,4,0
502,1206,10.57745994,-10.21207622,27.975415,120.651576,27.95921,120.65553,5,26,0
1880,2750,11.2694651,37.61935326,28.00309,120.69862,28.00455,120.70115,7,23,0
15,638,-4.529287952,-17.70623297,27.97664,120.63227,27.99736,120.62159,8,185,0
758,887,-4.369328962,48.80067146,27.99542,120.68153,27.996181,120.680372,4,468,0
14,2087,-52.19651534,20.29915146,28.02496,120.66541,28.02363,120.66164,3,4258,0
1964,2507,-64.61113755,14.23383237,28.05262,120.666572,28.02519,120.66642,-1,36,0
264,1873,-37.90174981,40.3225482,28.01535,120.66232,28.01486,120.66325,3,477,0
430,906,3.237460755,60.83784151,28.00437,120.69558,28.01211,120.69386,7,505,0
541,2351,15.73775623,-42.18557993,27.96193,120.60948,27.95215,120.60432,10,819,0
1577,2576,-32.29894779,-37.75756452,28.04175,120.58651,28.02963,120.5999,-1,2,0
453,561,-49.96275116,7.379240554,28.023866,120.643318,28.02374,120.641626,3,469,0
2,2170,-12.75080779,-3.267990957,28.00506,120.63866,28.00475,120.642741,3,160,0
41,1257,12.91627116,-30.86477293,27.95746,120.61208,27.97868,120.57877,-1,19,0
1053,2693,25.69739558,43.40888328,27.99068,120.7167,27.989197,120.703236,7,24,0
1394,1939,-7.321459704,47.25930054,27.99572,120.672658,28.00197,120.68016,4,806,0
414,2083,16.08983351,-41.68700965,27.96162,120.59686,27.95887,120.60962,10,1531,0
1607,2718,19.97605768,-39.16982742,27.95079,120.59932,27.94477,120.59481,10,53,0
1695,2439,-13.17597052,-45.67586453,28.02937,120.5775,28.04261,120.57226,9,11,0
332,1939,-4.124673297,55.68011321,28.00341,120.68731,28.00197,120.68016,4,3541,0
1994,2127,-7.607953932,41.47091688,27.992378,120.669665,27.98869,120.6726,4,1904,0
1534,2087,-14.46238708,23.59179292,28.017189,120.678534,28.02363,120.66164,3,40,0
2209,2217,9.536550509,2.153316604,27.96734,120.67106,27.97587,120.67071,5,516,0
2301,2360,43.30450467,14.62576292,27.97211,120.77582,27.97589,120.75072,10,28,0
1506,2737,-63.28369982,11.29270573,28.02799,120.66168,28.039023,120.659441,7,297,0
133,2279,23.24588491,2.542019646,27.9535,120.69621,27.98388,120.70501,-1,13,0
1072,2767,-11.79935914,8.826571541,28.00679,120.65524,28.00293,120.64916,3,23,0
1317,1436,20.36546052,35.96332859,27.995577,120.71498,27.996111,120.710277,7,4,0
952,2796,41.88194001,15.52832364,27.97169,120.76145,27.97189,120.75195,10,22,0
2325,2418,25.05225548,-9.320348178,27.91782,120.69607,27.93672,120.67951,-1,4,0
412,1141,37.3500172,-39.73930012,27.91108,120.67813,27.933084,120.674452,-1,138,0
745,1338,-52.477844,-15.48277463,28.04541,120.65027,28.056963,120.625239,7,93,0
476,770,36.4764573,-28.58375599,27.92198,120.70229,27.921591,120.704296,3,51,0
740,2431,-11.90452891,-8.290164597,28.011421,120.622423,28.0053,120.633,-1,64,0
2053,2396,-37.08806837,-5.951831073,28.01003,120.63016,28.03985,120.62173,-1,10,0
1269,2188,-25.09925605,-10.85335588,28.00799,120.62655,28.02031,120.62527,4,4,0
254,1618,-15.96013355,-29.99165247,28.023933,120.596926,28.00977,120.60049,3,53,0
956,1680,8.668770787,-3.756924091,27.97159,120.65547,27.96413,120.67139,5,86,0
347,1591,27.52613733,51.71511751,27.98785,120.71681,28.00528,120.70899,7,55,0
304,2000,37.09198285,-21.03202649,27.9225,120.70667,27.92247,120.70628,3,4,0
14,1938,-30.60739702,13.67338224,28.02496,120.66541,28.01832,120.65141,3,30,0
1389,2170,-11.65827266,-3.252995568,28.003449,120.640315,28.00475,120.642741,3,9,0
281,482,41.68610473,18.72185997,27.94397,120.77876,27.97359,120.74776,-1,0,0
1470,2149,18.05888283,5.086274517,27.97225,120.68006,27.98472,120.69611,-1,103,0
1058,1646,-58.43777242,-2.071250919,28.04752,120.63044,28.03083,120.63755,7,73,0
849,2744,-39.18654774,24.0044799,28.01215,120.65165,28.0132,120.654,3,47,0
842,1763,63.22256668,0.277739447,27.90945,120.81881,27.92159,120.82161,6,35,0
1316,1496,29.99781792,4.488394492,27.97332,120.71019,27.97767,120.70127,-1,180,0
1098,1934,-57.03652062,-23.99428569,28.0475,120.62333,28.046363,120.62567,7,9996,0
252,1806,40.01847876,15.23907524,27.9874,120.73534,27.971111,120.759166,10,29,0
1740,2691,59.0835274,-11.78408745,27.9275,120.83694,27.93204,120.83665,6,3285,0
167,1956,27.67912376,6.989039357,27.94045,120.7928,27.96946,120.72066,-1,6,0
837,955,-59.63492175,6.754520414,28.040151,120.648416,28.04133,120.65311,7,81,0
550,1950,26.78064619,31.62349519,28.0076,120.72365,27.99139,120.71952,7,24,0
1130,2890,-54.45214667,-4.406367391,28.02327,120.63423,28.02424,120.6348,3,448,0
1082,2617,-46.63532366,32.20374149,28.016688,120.655528,28.02136,120.65561,3,2073,0
1409,2899,-47.99906042,15.95093237,28.02498,120.65306,28.02802,120.65472,7,305,0
1214,2372,-16.76118292,-32.34275598,28.02798,120.6019,28.023805,120.597166,3,20,0
1134,1998,-5.206499366,-26.04529849,27.99644,120.63354,27.987217,120.623164,8,1642,0
329,801,28.56826272,-53.2585006,27.86838,120.6556,27.87582,120.66951,3,1659,0
1172,2269,-32.12837819,28.57870229,28.00805,120.65442,28.0054,120.65452,3,167,0
1889,2899,-33.06011782,8.997091435,28.01442,120.65841,28.02802,120.65472,-1,6,0
2080,2620,-2.682295582,12.45855218,27.994449,120.671107,28.005401,120.667985,-1,31,0
779,1695,-16.53317865,-42.85357367,28.03387,120.594038,28.02937,120.5775,9,38,0
2503,2804,-21.55545268,49.8484492,28.02203,120.68689,28.02126,120.68452,7,372,0
2452,2599,-14.07978239,15.77410225,28.0105,120.66068,28.00304,120.66839,3,0,0
1308,1391,19.85203917,6.970211212,27.98404,120.68203,27.95467,120.69939,-1,8,0
2295,2373,-2.386847108,-14.93797716,27.99006,120.64119,27.99672,120.65264,3,12,0
522,2718,20.5211476,-40.32038343,27.95536,120.60011,27.94477,120.59481,10,3950,0
25,159,21.61449829,-8.266134517,27.976204,120.667973,27.94833,120.66804,5,6,0
1052,2487,38.03030571,34.03492769,27.97486,120.72843,27.96889,120.72583,10,109,0
1,2904,47.6432548,5.280929556,27.97014,120.75603,27.95985,120.77797,-1,3,0
1260,1849,60.9254894,3.284944994,27.91444,120.83278,27.89831,120.81286,6,64,0
727,1342,6.840758103,28.29604625,28.00933,120.69355,28.00491,120.67627,-1,7,0
1322,2392,-3.509787636,57.74931273,28.00798,120.69032,28.00878,120.68835,7,1900,0
1249,1774,-13.26422583,6.223695051,28.00533,120.6479,27.99094,120.65242,-1,28,0
237,2834,-12.89144863,-24.39476268,28.023421,120.592786,28.00969,120.59728,3,83,0
1257,1311,9.963515163,-54.58818156,27.97868,120.57877,27.98966,120.57449,8,449,0
1736,2587,-38.06896081,-8.661777326,28.029592,120.6244,28.025858,120.64343,7,20,0
2149,2227,5.111765826,11.00577625,27.98472,120.69611,27.98375,120.66578,4,14,0
454,2543,9.219538629,5.109328435,27.98,120.66708,27.978448,120.671401,5,3250,0
467,1322,1.736531203,60.74345374,28.012398,120.68848,28.00798,120.69032,7,1436,0
293,841,-48.03401293,1.969312236,28.02476,120.635142,28.0171,120.63698,3,222,0
844,1380,-4.818385386,29.73784137,28.00813,120.67287,28.00675,120.68244,-1,146,0
604,1572,-18.99098787,-26.56247667,28.015777,120.594444,28.02693,120.60664,3,72,0
2353,2405,23.41316608,-1.83016379,27.973777,120.682079,27.96984,120.68551,5,1924,0
852,1938,-37.93143139,18.40843455,28.013741,120.650393,28.01832,120.65141,3,5,0
2245,2686,3.443405306,-6.204567735,28.08922,120.70208,28.0508,120.683,-1,17,0
607,2656,-46.78487208,15.9188596,28.024021,120.649228,28.024797,120.649708,7,258,0
799,1335,59.73321783,-5.233122147,27.93368,120.81563,27.92006,120.82563,6,159,0
1528,1969,-23.74002177,0.723652766,28.01484,120.64575,28.00303,120.63895,3,9,0
515,2261,17.06733366,2.10492837,27.96781,120.62801,27.97054,120.68557,-1,8,0
709,2305,44.21255443,34.92636362,27.97153,120.73361,27.98543,120.73922,10,232,0
1509,2051,58.65758436,-8.233785141,27.9249,120.82617,27.91544,120.83871,6,428,0
475,1123,7.553355548,-28.20801813,27.98226,120.62389,27.96552,120.64757,-1,9,0
644,1691,-38.13105827,39.94887175,28.01278,120.65944,28.01519,120.66268,3,298,0
1255,1870,-13.52410028,41.65212168,27.9997,120.67055,27.99576,120.6574,3,92,0
291,2507,-25.83131805,35.88318823,28.023257,120.659016,28.02519,120.66642,3,213,0
1722,2187,70.41937826,9.997345207,27.87744,120.7991,27.89058,120.80958,6,83,0
697,1095,44.38388871,-19.64570937,27.92414,120.70279,27.92474,120.70282,3,305,0
47,1852,44.49472259,17.43634294,27.97433,120.75967,27.96059,120.7497,10,65,0
1433,1478,-28.14783046,0.492001995,28.015196,120.648057,28.02333,120.63639,-1,7,0
1038,2788,-0.445870869,-13.33380772,27.9897,120.63813,27.96243,120.65546,-1,0,0
1837,2129,-3.33587038,-18.84173735,27.98603,120.63754,27.98951,120.64774,-1,2469,0
1406,1977,-6.999955669,38.35217624,27.99845,120.67286,27.99753,120.67522,4,93,0
409,2374,49.88378253,-0.66751511,27.95855,120.75661,27.93982,120.7985,-1,62,0
1078,2542,-25.10543093,-14.8660284,28.015777,120.621944,28.01903,120.61189,-1,9,0
1026,1977,13.669987,14.42721356,27.981479,120.677436,27.99753,120.67522,-1,2,0
726,2263,-11.38963127,7.687972138,28.00074,120.64324,28.00726,120.65848,3,10,0
329,1393,32.93665032,-48.42120147,27.86838,120.6556,27.88797,120.67287,3,144,0
648,2886,30.77037166,-21.55117557,27.92779,120.69413,27.937481,120.703179,3,56,0
1428,2323,-31.41092378,3.632252572,28.02259,120.62662,28.02463,120.6447,7,20,0
2076,2182,12.22258769,-34.2167114,27.99335,120.57729,27.96515,120.61124,8,4,0
1370,1769,17.3774256,38.69181146,28.00092,120.7074,27.998722,120.707177,7,43,0
912,2881,18.30740729,42.5065339,27.98324,120.72334,28.00606,120.714808,-1,5,0
1848,1855,12.29263965,14.57590645,27.96164,120.66747,27.98606,120.67631,-1,6,0
1041,2678,63.92447095,3.008753586,27.909,120.82147,27.911388,120.823888,6,234,0
916,1606,-8.889890192,23.96823011,28.01381,120.65692,28.01492,120.67488,3,20,0
1938,2318,-45.69505896,19.77846026,28.01832,120.65141,28.0217,120.647,3,1303,0
124,1215,1.293501507,-30.73822571,27.99261,120.62341,27.98702,120.60848,8,7,0
27,1623,14.27960207,52.78157605,28.00949,120.71444,28.01771,120.71787,7,145,0
818,909,16.3616085,-12.74754908,27.94749,120.64401,27.95992,120.64877,5,71,0
628,1260,61.08208802,-12.30905538,27.92742,120.82878,27.91444,120.83278,6,366,0
2049,2213,-39.59855496,-3.935566146,28.01711,120.63167,28.0397,120.63304,-1,0,0
638,1774,-3.388539343,-14.07373535,27.99736,120.62159,27.99094,120.65242,-1,46,0
887,2755,0.605860732,27.52210156,27.996181,120.680372,27.99953,120.68067,4,11,0
1273,2168,-22.20979152,-30.0679108,28.02347,120.61544,28.02265,120.60445,3,264,0
1737,1900,-35.36828558,-59.34386613,28.03968,120.57291,28.06605,120.58485,9,473,0
1106,1159,-24.7584955,-33.42380666,28.02311,120.59937,28.02791,120.59925,3,446,0
39,1789,-40.27171522,-52.33523394,28.10718,120.62483,28.09369,120.58816,9,35,0
287,2351,1.96312553,-21.6235661,27.986822,120.630326,27.95215,120.60432,-1,0,0
46,691,-53.08215484,-36.16123751,28.04917,120.61056,28.05782,120.58736,-1,84,0
12,2770,63.9054766,19.18043861,27.8751,120.81027,27.85916,120.78527,6,10,0
464,1206,12.52833929,-24.23156148,27.9659,120.64111,27.95921,120.65553,-1,14,0
2225,2686,11.39618195,62.11353372,28.01963,120.71371,28.0508,120.683,7,37,0
332,340,-4.104470789,51.01129663,28.00341,120.68731,27.99961,120.68514,4,55,0
982,2394,62.53674722,18.38546044,27.87452,120.79789,27.86351,120.786,6,30,0
160,1496,33.21042702,40.60349281,27.97864,120.71467,27.97767,120.70127,-1,712,0
1082,2955,-16.55680959,21.43943405,28.016688,120.655528,28.02188,120.66555,3,42,0
61,467,-2.989413989,29.72286179,28.00969,120.67408,28.012398,120.68848,-1,10,0
492,943,22.3612521,39.95357144,27.99261,120.71419,27.98369,120.71502,7,12,0
702,775,31.05169799,-14.95124173,27.94104,120.72061,27.9189,120.64478,-1,0,0
1433,1506,-34.20336305,17.78632622,28.015196,120.648057,28.02799,120.66168,-1,18,0
1713,2055,-32.43414795,-7.602669735,28.01567,120.62619,28.02288,120.63142,-1,80,0
227,2763,-42.82192543,-25.28535651,28.05333,120.63083,28.06783,120.61801,-1,42,0
1108,1895,29.82453501,-25.94248363,27.924685,120.69711,27.96905,120.70307,-1,11,0
147,362,-22.05220092,-24.46946406,28.01625,120.60085,28.01738,120.60605,3,763,0
853,1534,-25.87849878,44.37393455,28.01679,120.67808,28.017189,120.678534,3,801,0
1385,2467,-56.15572928,-2.015107215,28.05153,120.62762,28.025613,120.638246,7,34,0
426,1646,-59.79878608,-2.547285825,28.025933,120.641498,28.03083,120.63755,7,525,0
1101,2081,31.45370822,16.16653012,28.008865,120.778256,28.046257,120.803292,2,14,0
1145,2318,-36.73257496,10.79031963,28.024208,120.653538,28.0217,120.647,-1,26,0
202,539,-38.92035189,29.75072029,28.0087,120.65515,28.01516,120.65303,3,260,0
427,1394,-10.59014378,47.20313524,28.005808,120.669146,27.99572,120.672658,-1,64,0
46,1338,-55.89796047,-32.61382111,28.04917,120.61056,28.056963,120.625239,7,2244,0
677,1981,-51.36763678,-36.23694489,28.040628,120.619569,28.04382,120.61146,7,463,0
2236,2255,-7.644342246,49.64053877,27.9946,120.674,27.99861,120.67972,4,187,0
682,1484,-40.39029844,1.144268275,28.0412,120.629,28.024192,120.638141,7,89,0
1152,1605,-21.73196583,1.629959533,28.013647,120.656985,28.01353,120.6398,3,125,0
496,1134,-6.72616922,-14.41749099,27.993833,120.628333,27.99644,120.63354,8,314,0
467,521,-12.01860371,40.56635254,28.012398,120.68848,27.99979,120.66739,-1,6,0
2080,2611,0.112126714,14.2968814,27.994449,120.671107,27.995832,120.677166,4,52,0
257,695,-34.28124195,-47.27053211,28.076984,120.602335,28.054694,120.586916,9,47,0
178,1988,-33.55879066,18.33032055,28.01444,120.65108,28.01854,120.63879,3,56,0
1965,2351,15.65916211,-32.51023476,27.94943,120.58007,27.95215,120.60432,10,34,0
949,2067,-16.01415854,-40.24570987,28.042263,120.582178,28.028224,120.587166,9,6,0
1791,2064,62.96363923,21.93436915,27.86862,120.78313,27.889525,120.804362,6,135,0
63,112,-22.50692371,-20.40697516,28.01488,120.61139,28.01472,120.61007,3,2164,0
959,2294,-44.02984484,26.55869332,28.009115,120.657413,28.017358,120.65303,3,185,0
318,790,7.702159002,-11.76795063,27.97271,120.64743,27.95053,120.66517,5,2,0
77,1256,-36.68475609,28.6497267,28.00743,120.64853,28.01222,120.65195,3,336,0
191,795,28.99340266,-40.14477095,27.96628,120.68116,27.91839,120.66065,-1,25,0
1015,2146,-33.7709541,-41.6036241,28.02245,120.61239,28.051431,120.600469,-1,15,0
1376,2516,33.5945288,33.03911293,27.99176,120.72451,27.97841,120.73883,-1,187,0
55,506,28.8676631,-52.42052133,27.85781,120.66563,27.8557,120.65678,3,323,0
195,1385,-45.21129886,-23.22854283,28.041109,120.62863,28.05153,120.62762,7,25,0
922,1427,43.33612441,28.29818116,27.97842,120.75478,27.98011,120.74983,10,97,0
872,2263,-11.51919829,9.058766421,27.98477,120.64882,28.00726,120.65848,-1,7,0
1839,2881,17.51351456,47.75611541,27.97706,120.75192,28.00606,120.714808,-1,20,0
15,959,-30.17951074,28.53941321,27.97664,120.63227,28.009115,120.657413,-1,10,0
1105,2712,-41.40571595,22.80910281,28.00791,120.64843,28.01694,120.64891,3,41,0
741,1141,22.71653886,-18.39951167,27.95095,120.65688,27.933084,120.674452,5,42,0
1501,1610,-46.54322271,-40.85841207,28.05557,120.61784,28.05249,120.60567,7,546,0
305,1256,-31.41336639,16.26682814,28.008511,120.618079,28.01222,120.65195,-1,25,0
2415,2816,-59.21100882,4.444641679,28.02,120.655,28.04411,120.63996,-1,52,0
1098,1940,-47.93998827,-29.40381792,28.0475,120.62333,28.05756,120.60725,7,304,0
1761,2239,1.824257943,29.72913861,27.99851,120.67952,28.00222,120.68192,4,78,0
1803,2427,-7.174213681,26.93098831,28.01235,120.66512,28.0086,120.6772,-1,7,0
868,1889,-21.89189026,22.2044406,28.01279,120.66871,28.01442,120.65841,3,38,0
943,2232,21.88150473,40.22450502,27.98369,120.71502,27.99607,120.71016,7,19,0
1140,1900,-28.64821177,-49.98464237,28.04193,120.57698,28.06605,120.58485,9,108,0
1638,1994,-8.404319245,42.22304226,27.99258,120.67111,27.992378,120.669665,4,8599,0
2149,2901,26.8293507,3.1570539,27.98472,120.69611,27.97339,120.7071,-1,38,0
2183,2274,72.50800257,13.83899155,27.89444,120.81353,27.87983,120.81482,6,75,0
1661,2568,-28.87453335,-51.9314407,28.060416,120.573888,28.04901,120.58582,9,32,0
644,1803,-22.69619041,23.05754906,28.01278,120.65944,28.01235,120.66512,3,49,0
405,2214,8.964720787,15.38224651,27.989232,120.680662,27.9598,120.68203,-1,73,0
565,1986,-16.33257633,47.15123673,28.00841,120.66454,28.00896,120.66378,3,357,0
1081,1969,-6.822796469,7.724979327,27.997963,120.659738,28.00303,120.63895,3,0,0
941,1549,19.13387592,30.36207483,27.99057,120.71338,27.98966,120.70619,7,0,0
1859,2615,69.77941911,17.47644829,27.87212,120.80789,27.87142,120.82061,6,220,0
109,751,-32.68693196,-28.16777852,28.03316,120.59087,28.02449,120.61195,-1,2,0
442,819,55.0189141,0.038226817,27.92124,120.83163,27.91736,120.79806,6,15,0
914,1227,51.96619794,-1.139064221,27.93088,120.80284,27.93314,120.80285,6,26,0
673,1657,-49.92535066,-24.55002222,28.05464,120.60495,28.04146,120.62266,7,326,0
672,2150,12.24630672,-50.08930114,27.96719,120.59359,27.99711,120.58895,-1,96,0
2129,2508,9.085863217,-0.766047201,27.98951,120.64774,27.96724,120.66561,5,41,0
1582,2209,12.2507,2.154226613,27.96936,120.67444,27.96734,120.67106,5,16180,0
1578,2541,4.594438027,-51.27611121,27.97058,120.5853,27.99417,120.59987,8,375,0
158,2968,-49.52838753,15.32813356,28.0276,120.654566,28.02802,120.6546,7,16,0
273,317,-44.78365846,17.15619719,28.02613,120.64691,28.01994,120.655,-1,284,0
510,2146,-31.32343881,-39.41224026,28.04567,120.60077,28.051431,120.600469,-1,14,0
402,1723,-35.50763878,39.41794784,28.01188,120.66205,28.01437,120.67295,3,10,0
986,1547,-39.29381038,-57.27743955,28.077531,120.587363,28.07752,120.5896,9,15306,0
41,72,14.69372149,-43.70556365,27.95746,120.61208,27.97367,120.59704,-1,428,0
878,2359,10.55421059,34.05481035,28.000355,120.697765,28.00191,120.70463,7,33,0
365,620,3.449050916,-3.196566254,27.98328,120.65734,27.99255,120.65651,4,40,0
1351,1501,-60.50145897,-23.25624708,28.04387,120.63355,28.05557,120.61784,7,2643,0
1926,2804,-22.17336567,45.55670549,28.01239,120.67322,28.02126,120.68452,-1,83,0
217,1273,-34.68888906,-24.150004,28.01578,120.59444,28.02347,120.61544,3,19,0
1415,2393,-32.1703903,-2.728848585,28.01447,120.64201,28.02026,120.63522,3,83,0
408,1912,-56.5143228,-17.23194038,28.05042,120.6339,28.05972,120.64548,7,245,0
2303,2664,62.87723519,-2.040613127,27.90821,120.80227,27.93035,120.81024,6,397,0
541,2790,2.860282413,-32.30925531,27.96193,120.60948,27.99273,120.60679,-1,5,0
794,1965,18.68520695,-33.39421508,27.96834,120.57402,27.94943,120.58007,-1,116,0
1660,2028,67.41373156,-1.232967767,27.91134,120.80988,27.92122,120.80887,6,57,0
173,1108,42.99254121,-19.60255822,27.92548,120.70387,27.924685,120.69711,3,90,0
943,2603,27.02701761,26.05469431,27.98369,120.71502,27.97458,120.72556,-1,129,0
818,1191,18.24499748,-16.31942978,27.94749,120.64401,27.95227,120.64535,5,4577,0
1900,2684,-32.85598431,-51.31609912,28.06605,120.58485,28.09082,120.54809,9,89,0
814,1565,-37.56122621,-6.313206066,28.06065,120.61145,28.03749,120.6251,7,17,0
1342,1394,-9.161017997,50.77975235,28.00491,120.67627,27.99572,120.672658,4,15,0
691,1399,-33.60859905,-32.53246045,28.05782,120.58736,28.024487,120.608733,-1,6,0
1591,1782,7.788351691,54.96516243,28.00528,120.70899,27.997236,120.700653,7,140,0
1494,2009,-61.82103351,-14.21251232,28.04977,120.64759,28.04976,120.647462,7,19926,0
769,2481,8.22464692,-1.886968084,27.97575,120.65879,27.97265,120.66766,5,44,0
1536,2758,11.5937048,13.72467204,27.985,120.67851,27.98519,120.67735,4,16,0
2120,2428,-7.240399732,4.030808422,28.00312,120.65388,27.98819,120.6531,-1,99,0
1769,2060,10.60204472,34.98334749,27.998722,120.707177,28.00115,120.70351,7,73,0
17,1308,11.98689386,11.36641521,27.97886,120.67718,27.98404,120.68203,-1,65,0
113,669,-46.74930068,5.928128496,28.01211,120.63736,28.01255,120.63174,-1,1291,0
677,1385,-57.96038987,-21.76861573,28.040628,120.619569,28.05153,120.62762,7,1488,0
942,1324,26.36040087,12.47428536,28.021266,120.794656,28.0278,120.808,2,3312,0
1506,2200,-55.44479213,15.66616597,28.02799,120.66168,28.03746,120.65611,7,3133,0
94,2427,1.277117352,30.28385906,28.00246,120.68241,28.0086,120.6772,4,5,0
1528,1889,-24.6108778,9.584140903,28.01484,120.64575,28.01442,120.65841,3,32,0
335,1848,26.45477248,-10.92937092,27.93483,120.66784,27.96164,120.66747,5,4,0
422,595,-14.54832488,34.23826316,28.00525,120.70299,28.01681,120.67808,-1,17,0
2092,2890,-49.73300592,-0.195619818,28.0195,120.63455,28.02424,120.6348,3,309,0
109,1031,-24.28258606,-42.48533155,28.03316,120.59087,28.036972,120.589166,9,517,0
1557,2347,70.60738584,0.752366279,27.90165,120.81193,27.91091,120.81602,6,5435,0
772,1285,-54.42078716,-31.74932643,28.05187,120.61117,28.04108,120.61641,7,1757,0
817,2776,-9.683869814,-37.42680703,28.02382,120.58085,28.01919,120.588,9,0,0
1923,2344,-9.971384578,-12.2134648,27.99631,120.64437,28.000843,120.64058,3,700,0
1150,1398,-45.2967731,-33.73196913,28.00906,120.58854,28.02438,120.60303,3,34,0
1290,2392,-1.205106631,57.28444338,28.003203,120.691994,28.00878,120.68835,7,316,0
936,2012,-50.88857431,5.172730242,28.02145,120.63334,28.02392,120.644412,3,428,0
841,1650,-48.21982487,-2.395472479,28.0171,120.63698,28.020022,120.631375,-1,68,0
14,270,-18.42155384,36.75622003,28.02496,120.66541,28.01764,120.68649,-1,170,0
47,1956,42.15206239,6.690148449,27.97433,120.75967,27.96946,120.72066,10,14,0
160,1284,34.69432425,1.396869676,27.97864,120.71467,27.94439,120.71319,10,8,0
520,2966,60.49043395,12.52419479,27.88953,120.79251,27.90319,120.81717,6,88,0
1794,2149,23.95304234,3.420798412,27.94302,120.67619,27.98472,120.69611,-1,4,0
1262,1502,5.847602187,6.019990828,27.98453,120.66027,27.991292,120.664871,4,697,0
1108,2793,18.4478332,-11.73200798,27.924685,120.69711,27.96841,120.73048,-1,0,0
1502,2531,-5.404370732,-5.509618206,27.991292,120.664871,27.99591,120.64416,-1,10,0
42,741,-29.35937875,33.18030916,28.0014,120.65569,27.95095,120.65688,-1,6,0
2513,2888,-41.72477269,-36.03195487,28.060569,120.603702,28.05349,120.61286,7,167,0
764,2767,-32.91288367,33.43850527,28.00285,120.65381,28.00293,120.64916,3,78,0
309,1446,17.91151274,-44.24149897,27.95804,120.59516,27.98015,120.60519,-1,159,0
868,1160,-21.1897177,22.67126322,28.01279,120.66871,28.01525,120.66252,3,31,0
1385,1713,-42.91991003,-5.14691266,28.05153,120.62762,28.01567,120.62619,-1,2,0
1015,1424,-25.52472846,-27.12237772,28.02245,120.61239,28.02108,120.60101,3,1482,0
1208,2750,12.28506407,36.83673481,28.006628,120.70461,28.00455,120.70115,7,45,0
170,2362,38.96997564,-28.70250674,27.92087,120.70636,27.92159,120.70412,3,285,0
2628,2809,-17.87490801,31.99691149,28.01511,120.67465,28.022802,120.673347,3,27,0
1449,2618,10.02812375,62.26943586,28.01592,120.69364,28.016323,120.704,7,133,0
638,1841,1.904441886,-48.50493192,27.99736,120.62159,27.980151,120.605199,8,47,0
112,1112,-39.57220325,-24.85319607,28.01472,120.61007,28.05274,120.62436,-1,11,0
1110,2362,39.79552626,-18.50289311,27.946867,120.69923,27.92159,120.70412,-1,159,0
1020,2239,-0.791502558,52.97510227,28.00029,120.70357,28.00222,120.68192,-1,9,0
1549,2619,17.15271995,30.88498675,27.98966,120.70619,27.992814,120.696225,-1,32,0
2010,2787,3.04534632,26.26015718,27.99742,120.68104,28.00461,120.6752,4,6,0
779,1732,-21.91866832,-35.39447556,28.03387,120.594038,28.027103,120.600906,-1,19,0
1607,2228,20.79373689,-41.11691767,27.95079,120.59932,27.94986,120.5872,10,71,0
633,2750,9.85193914,38.57941292,27.98491,120.70392,28.00455,120.70115,-1,12,0
2236,2385,-8.595028547,44.94578979,27.9946,120.674,27.998,120.672205,4,2114,0
269,2765,34.75687034,9.863580734,27.96807,120.80604,27.99898,120.82573,2,44,0
2009,2816,-60.56272977,-13.8896558,28.04976,120.647462,28.04411,120.63996,7,1525,0
938,1195,14.16850835,45.5415961,28.00753,120.7083,28.008888,120.709166,7,27,0
1900,2938,-31.12415705,-50.16459237,28.06605,120.58485,28.02158,120.59654,-1,4,0
580,874,-41.75288798,7.913284602,28.02797,120.6552,28.04411,120.64767,7,0,0
1845,2305,41.30575249,42.10500661,27.99406,120.72557,27.98543,120.73922,-1,407,0
972,1391,29.95232799,-3.97093416,27.94366,120.68317,27.95467,120.69939,-1,3854,0
1521,2180,-30.66269916,31.10803661,28.00551,120.66263,27.98333,120.65125,-1,17,0
481,2445,-5.057829436,-35.10696644,28.00644,120.59212,27.992515,120.595201,-1,47,0
57,2542,-14.85726229,-16.25925373,28.00954,120.61511,28.01903,120.61189,-1,82,0
176,1900,-32.47415956,-29.90059781,28.02521,120.6105,28.06605,120.58485,-1,15,0
841,1510,-36.61307006,-3.274035029,28.0171,120.63698,28.023269,120.632426,-1,24,0
1510,2200,-37.11565338,-12.95700145,28.023269,120.632426,28.03746,120.65611,7,11,0
702,2564,33.57380725,-0.586723744,27.94104,120.72061,27.96169,120.70433,10,12,0
79,2331,47.34739397,-28.91758178,27.921889,120.696181,27.92645,120.67635,3,2,0
2010,2846,-1.22636046,34.65986212,27.99742,120.68104,28.00084,120.68266,4,62,0
1680,2564,26.90970039,-2.236888802,27.96413,120.67139,27.96169,120.70433,-1,14,0
1373,1443,-22.7858502,36.02582665,28.01793,120.66445,28.02212,120.67074,3,135,0
1233,2290,-9.263236668,-30.48466831,28.01428,120.58353,28.01109,120.5954,-1,323,0
2209,2366,16.1699548,10.45011421,27.96734,120.67106,27.97973,120.67677,5,318,0
1577,2086,-14.84337932,-51.70886456,28.04175,120.58651,28.03771,120.57585,9,19,0
1107,2223,60.14034171,-0.336901356,27.917248,120.816344,27.922663,120.824735,6,59,0
697,1408,34.35023547,-23.71898733,27.92414,120.70279,27.92298,120.7071,3,58,0
284,1633,36.86646418,-28.75609992,27.92764,120.69437,27.921943,120.703398,3,203,0
1373,1515,-28.86007076,25.04942116,28.01793,120.66445,28.01034,120.65781,3,38,0
745,923,-52.73996944,-16.36776438,28.04541,120.65027,28.06101,120.62576,7,39,0
648,1706,29.92363026,-24.12357663,27.92779,120.69413,27.9208,120.70586,3,14,0
1620,2658,-30.58489292,-13.65305687,28.01578,120.62194,28.023438,120.62652,-1,24,0
1975,2565,-5.747885703,9.645979914,27.99941,120.66015,27.99796,120.65974,3,83,0
748,969,36.99643331,-18.49314048,27.9266,120.711,27.92722,120.69833,3,89,0
1519,1845,40.8877137,14.65557447,27.97433,120.75966,27.99406,120.72557,-1,9,0
766,1100,-19.71487578,-14.22568286,28.00726,120.61292,28.00741,120.61911,4,1015,0
79,87,37.36825701,-30.39113147,27.921889,120.696181,27.92144,120.6877,3,35,0
467,501,-10.17477084,31.84091773,28.012398,120.68848,28.004176,120.686025,-1,0,0
46,779,-31.3764728,-34.43412702,28.04917,120.61056,28.03387,120.594038,-1,2,0
138,2650,-23.42214301,42.0357648,28.04427,120.69476,28.024386,120.675309,-1,19,0
293,2012,-50.81738777,2.661054356,28.02476,120.635142,28.02392,120.644412,3,129,0
2528,2733,-30.48505214,-1.572714129,28.023744,120.653645,28.019524,120.631948,-1,49,0
47,1378,41.87096476,14.44643417,27.97433,120.75967,27.9833,120.74401,10,36,0
1755,2237,41.09885873,-32.96825568,27.916499,120.696973,27.92797,120.69797,3,230,0
191,746,16.91172052,-2.19545046,27.96628,120.68116,27.94545,120.66986,5,45,0
545,2901,29.2382221,5.533685338,27.96676,120.65937,27.97339,120.7071,-1,16,0
1587,2767,-12.29120484,5.234954186,28.00917,120.64028,28.00293,120.64916,3,41,0
1187,1391,27.35304369,-2.35632259,27.96331,120.66311,27.95467,120.69939,-1,112,0
652,2714,75.07180365,9.470383927,27.88623,120.80236,27.8832,120.80518,6,6138,0
257,1151,-40.74758352,-51.32259065,28.076984,120.602335,28.082463,120.58878,9,17064,0
878,2010,6.279329651,30.26817193,28.000355,120.697765,27.99742,120.68104,-1,0,0
734,1400,-20.98713661,-20.78214799,28.01097,120.60609,28.01833,120.60806,3,1283,0
621,1006,-1.987644513,-39.4573306,27.98848,120.61075,27.99467,120.56692,8,27,0
12,1363,68.71258688,21.90578203,27.8751,120.81027,27.87025,120.79516,6,254,0
61,646,-3.123868136,31.03898365,28.00969,120.67408,28.02101,120.67872,3,2,0
2239,2621,2.012113108,28.58228896,28.00222,120.68192,28.01036,120.67777,4,9,0
365,2080,-0.021980534,8.006307734,27.98328,120.65734,27.994449,120.671107,4,8,0
729,2316,-27.58410343,-30.95621345,28.02336,120.60588,28.0271,120.60091,3,41,0
1685,2547,-38.63204923,-55.91172809,28.08692,120.5856,28.077515,120.5896,9,983,0
1140,1661,-29.20041739,-52.53453361,28.04193,120.57698,28.060416,120.573888,9,0,0
2,384,-16.56349661,-7.585524388,28.00506,120.63866,28.01405,120.63301,-1,13,0
1164,2622,-66.81570675,3.857066908,28.04057,120.64705,28.0547,120.64565,7,361,0
2325,2613,41.06881764,-33.45292174,27.91782,120.69607,27.916821,120.696911,3,451,0
1275,2517,-39.25738544,-52.70241476,28.1014,120.58443,28.08227,120.59052,9,183,0
466,2531,-6.61614781,-17.31494714,27.993,120.6404,27.99591,120.64416,-1,475,0
17,2190,15.18884294,8.296078857,27.97886,120.67718,27.98235,120.67423,5,12,0
267,1922,68.91814386,21.17809935,27.87206,120.80251,27.85558,120.80096,6,153,0
1347,2431,-20.13200846,4.428978657,28.01058,120.65406,28.0053,120.633,3,4,0
748,2398,31.67531551,-33.36065238,27.9266,120.711,27.923249,120.687804,3,11,0
2019,2829,29.45731672,13.07146508,28.03308,120.81353,28.02612,120.79589,2,116,0
1021,1624,10.7209076,-43.16720882,27.96668,120.62461,27.971715,120.608414,8,952,0
108,631,9.386063836,-55.1226254,27.98228,120.5774,27.98274,120.56357,8,180,0
120,182,-24.58081943,-17.38803664,28.0183,120.607999,28.01939,120.61656,3,8,0
103,382,-17.44509715,20.33382745,28.01732,120.6582,28.01967,120.6623,3,0,0
949,2371,-15.51012799,-56.84902681,28.042263,120.582178,28.03981,120.57351,9,147,0
1845,2124,44.78680479,12.7302431,27.99406,120.72557,28.0048,120.764,-1,535,0
666,851,-31.62409139,-50.77467581,28.07352,120.58467,28.07279,120.55038,9,3,0
448,2568,-17.3285168,-34.8916967,28.024644,120.599644,28.04901,120.58582,-1,9,0
1574,1644,33.59813529,29.53605474,27.980622,120.731705,27.97549,120.72917,10,56,0
1544,2757,54.91530774,-12.50072685,27.94688,120.81569,27.95417,120.82421,6,4805,0
1981,2743,-45.00642647,-23.84227036,28.04382,120.61146,28.049957,120.622963,7,31,0
729,1590,-14.49213609,-37.93627896,28.02336,120.60588,28.02239,120.59436,3,6,0
745,955,-67.65289617,6.126811547,28.04541,120.65027,28.04133,120.65311,7,3550,0
12,2625,63.48350981,10.91063817,27.8751,120.81027,27.89938,120.82864,6,25,0
482,2477,40.30554727,27.95890014,27.97359,120.74776,27.98208,120.74589,10,41,0
1317,1635,23.71870929,34.62389534,27.995577,120.71498,27.999841,120.721011,7,4,0
409,1316,29.98522161,4.922762119,27.95855,120.75661,27.97332,120.71019,10,15,0
422,954,-23.23545278,37.92224689,28.00525,120.70299,28.018214,120.672196,-1,48,0
189,2061,1.512301124,45.06528755,27.98396,120.69007,27.98839,120.68338,4,513,0
966,2805,57.79299172,-1.306722459,27.918388,120.823666,27.92301,120.8262,6,57,0
973,1706,45.52977603,-27.66566287,27.93169,120.70193,27.9208,120.70586,3,286,0
1591,2841,24.94507228,53.08138748,28.00528,120.70899,28.000286,120.70749,7,433,0
2188,2658,-32.95272295,-8.691886573,28.02031,120.62527,28.023438,120.62652,-1,51,0
752,823,22.01143021,-14.93695667,27.9454,120.65697,27.9511,120.66043,5,3833,0
2427,2762,-4.805789671,30.81251365,28.0086,120.6772,28.01919,120.67036,-1,11,0
346,1700,-27.36818683,27.80312424,28.01218,120.66058,28.01007,120.66068,3,199,0
1191,1980,17.15447904,-12.61721012,27.95227,120.64535,27.9546,120.667,5,42,0
1595,2890,-57.76949082,-4.08891972,28.03104,120.63718,28.02424,120.6348,-1,409,0
147,1085,-30.76310961,-27.86471693,28.01625,120.60085,28.0257,120.6129,3,56,0
837,874,-61.69084063,4.919912255,28.040151,120.648416,28.04411,120.64767,7,193,0
1958,2109,-14.10759952,16.69137539,28.01842,120.65967,28.01345,120.65446,3,73,0
72,2094,3.06035056,-48.11779224,27.97367,120.59704,27.992,120.60987,8,118,0
583,1388,-48.43327144,8.375052955,28.023258,120.644214,28.01822,120.64711,3,77,0
2033,2713,62.24638242,-8.435390366,27.9196,120.81824,27.9236,120.82555,6,547,0
1365,2516,33.07815515,29.46809049,27.982061,120.727042,27.97841,120.73883,-1,56,0
2288,2300,14.69038488,50.66109907,28.014173,120.713536,27.99832,120.72424,7,83,0
906,1534,-22.18979177,44.15983371,28.01211,120.69386,28.017189,120.678534,-1,35,0
520,1922,65.38177805,16.42050584,27.88953,120.79251,27.85558,120.80096,6,36,0
1602,2153,32.83157384,-28.30787424,27.91457,120.70609,27.91643,120.68875,3,96,0
362,729,-23.16598405,-22.84924602,28.01738,120.60605,28.02336,120.60588,3,140,0
14,803,-63.44585125,12.05287726,28.02496,120.66541,28.02715,120.65114,-1,29,0
224,2792,-27.34995639,39.42997114,28.01492,120.66976,28.02302,120.66759,3,220,0
26,1489,34.09831588,-44.51385491,27.91714,120.66023,27.861,120.67971,3,55,0
1724,1821,17.82540147,39.91085611,28.00258,120.70728,27.98011,120.74803,-1,0,0
942,2644,29.17594193,19.00825912,28.021266,120.794656,28.019199,120.784475,2,3896,0
331,415,-30.2392765,3.017657537,28.03958,120.62042,28.01975,120.65219,-1,37,0
559,1728,29.50690969,-51.25218189,27.858601,120.664025,27.85412,120.66711,3,196,0
1347,2452,-38.16594702,33.95714361,28.01058,120.65406,28.0105,120.66068,3,381,0
438,2642,-38.03697844,-17.80081131,28.03933,120.62364,28.03965,120.64593,7,34,0
1999,2069,33.71767782,-27.09041138,27.91395,120.70028,27.92095,120.70407,3,102,0
1823,2086,-12.99569625,-54.96061837,28.037123,120.578514,28.03771,120.57585,9,21775,0
1512,1738,-16.33463467,-52.39965682,28.04225,120.58748,28.04081,120.57769,9,92,0
1374,2012,-28.65336565,6.516864768,28.01676,120.64987,28.02392,120.644412,3,38,0
1994,2373,-13.40987745,42.05118108,27.992378,120.669665,27.99672,120.65264,-1,144,0
487,1741,10.48023027,16.53988883,27.98776,120.67428,27.98857,120.68057,4,71,0
1232,2812,-41.58686368,-14.12989122,28.04357,120.651564,28.03998,120.64414,7,27,0
1680,2298,16.9078096,-1.571117044,27.96413,120.67139,27.92952,120.68107,5,11,0
799,1305,66.69703198,-7.190930496,27.93368,120.81563,27.92668,120.81126,6,568,0
475,2965,1.749185826,-24.15092571,27.98226,120.62389,27.991469,120.622368,8,24,0
1717,2059,-2.901119519,-29.14036389,27.99375,120.61713,27.987233,120.614505,8,710,0
670,751,-21.88199057,-32.05733164,28.026927,120.60664,28.02449,120.61195,3,7,0
1,2305,42.98425608,18.32567317,27.97014,120.75603,27.98543,120.73922,10,2,0
2020,2946,54.45072961,8.703915875,27.87833,120.79361,27.91587,120.81258,6,0,0
482,1459,35.77715507,21.41637261,27.97359,120.74776,27.97111,120.739,10,54,0
2199,2847,-21.23787952,-37.05401524,28.026587,120.594413,28.041041,120.588459,-1,33,0
27,688,14.02364986,43.25647574,28.00949,120.71444,28.008405,120.68283,-1,4,0
518,2955,-20.15949425,31.60174663,28.025347,120.666909,28.02188,120.66555,3,67,0
2511,2939,-25.22790415,9.249155466,28.015241,120.649988,28.011397,120.653141,3,76,0
1166,1667,15.08776549,-41.07978293,27.95794,120.60138,27.93583,120.61337,-1,39,0
1483,1956,21.71746469,27.62218904,27.9897,120.71206,27.96946,120.72066,-1,69,0
331,2653,-36.78904474,-36.96226031,28.03958,120.62042,28.03697,120.58917,-1,50,0
1136,1232,-62.67818847,12.91277865,28.04624,120.66456,28.04357,120.651564,7,3,0
2503,2672,8.724809596,62.10966078,28.02203,120.68689,28.02026,120.69523,7,98,0
616,758,5.676179866,24.89598459,27.98866,120.6816,27.99542,120.68153,4,28,0
434,2515,-41.09471182,-26.55559958,28.07246,120.62056,28.06853,120.60201,9,43,0
1148,2086,-15.33981724,-51.28679809,28.0466,120.58511,28.03771,120.57585,9,0,0
234,2733,-49.75103861,-3.995734063,28.01828,120.62547,28.019524,120.631948,-1,178,0
780,844,-4.174997411,29.45489933,28.01006,120.68043,28.00813,120.67287,-1,63,0
923,1098,-58.73993968,-19.82359027,28.06101,120.62576,28.0475,120.62333,7,557,0
1624,1966,-2.512971977,-34.24756008,27.971715,120.608414,27.99619,120.58337,8,20,0
41,1764,14.63362294,-44.24938145,27.95746,120.61208,27.96875,120.60619,-1,2668,0
1262,2366,13.11107212,7.804359856,27.98453,120.66027,27.97973,120.67677,-1,52,0
1244,1926,-15.47766064,53.15945495,28.00503,120.67134,28.01239,120.67322,3,1812,0
2149,2822,28.83305613,26.33166518,27.98472,120.69611,27.97743,120.73394,-1,22,0
1061,1366,34.10031185,-27.97011799,27.92415,120.70545,27.90849,120.70916,3,0,0
893,1322,-6.58745062,11.22484266,28.00209,120.66254,28.00798,120.69032,-1,0,0
909,2872,9.995282417,-9.7392564,27.95992,120.64877,27.957813,120.652308,5,113,0
159,545,16.44825491,-6.68038977,27.94833,120.66804,27.96676,120.65937,5,35,0
1108,2144,41.01968266,-23.65386833,27.924685,120.69711,27.92809,120.70577,3,101,0
220,1901,4.151360257,-56.02737368,27.9974,120.58543,28.00515,120.56955,8,169,0
1769,2841,25.76643091,50.59047031,27.998722,120.707177,28.000286,120.70749,7,1001,0
973,2123,31.85691534,-20.91037837,27.93169,120.70193,27.92383,120.67387,3,7,0
482,1133,47.62772678,28.06485607,27.97359,120.74776,27.97533,120.72453,10,402,0
1719,1723,-7.464273891,27.44389124,28.01159,120.67568,28.01437,120.67295,3,38,0
859,1860,20.27941225,0.556162105,27.95386,120.68203,27.97729,120.68651,-1,6,0
1045,2452,-26.96176244,26.32027449,28.0167,120.656,28.0105,120.66068,3,5,0
1441,1535,-38.79576742,-13.58016058,28.04381,120.65767,28.03768,120.63277,7,8,0
1360,1683,18.96319471,-6.260904431,27.993854,120.698744,27.95708,120.67304,-1,0,0
231,2842,19.90112554,32.00242574,27.995464,120.7078,27.98853,120.69743,-1,11,0
1133,2545,38.25955977,36.0931906,27.97533,120.72453,27.977701,120.73082,10,370,0
1386,2282,3.047082215,38.20569799,27.98557,120.68544,27.99125,120.69051,4,16,0
293,1984,-58.48083501,2.585615983,28.02476,120.635142,28.039803,120.642004,-1,21,0
550,2503,15.5145993,44.14733269,28.0076,120.72365,28.02203,120.68689,7,0,0
90,1878,46.50567568,8.733281569,27.96939,120.78179,27.97253,120.76819,-1,177,0
477,2074,28.29232959,38.22344177,27.994763,120.731284,27.986124,120.709577,7,22,0
500,2556,25.56626277,53.83551287,27.99978,120.7112,28.00322,120.7122,7,2499,0
328,2379,-69.56953749,6.966992185,28.05929,120.65781,28.04982,120.6511,7,17678,0
25,1050,9.096396938,3.432418628,27.976204,120.667973,27.976339,120.671208,5,491,0
1736,2899,-51.92196712,12.55404371,28.029592,120.6244,28.02802,120.65472,7,25,0
1470,1767,5.407201395,-13.62976528,27.97225,120.68006,27.97914,120.65482,5,39,0
878,2172,8.618730028,37.47794936,28.000355,120.697765,28.001823,120.698812,7,0,0
1874,1956,29.36266741,26.03210272,27.98621,120.73466,27.96946,120.72066,10,0,0
1110,2564,28.92949527,-1.776475667,27.946867,120.69923,27.96169,120.70433,-1,591,0
46,1398,-49.66583982,-37.09730364,28.04917,120.61056,28.02438,120.60303,-1,177,0
10,2433,-51.78859869,20.49880689,28.0235,120.66211,28.02202,120.66394,3,1217,0
2481,2539,31.54698004,-11.99389255,27.97265,120.66766,27.97231,120.62724,-1,7,0
1590,2938,-21.76573573,-28.64619638,28.02239,120.59436,28.02158,120.59654,3,5068,0
955,2200,-66.65071382,4.951505599,28.04133,120.65311,28.03746,120.65611,7,23775,0
59,2946,70.8147692,-1.448509503,27.90238,120.80278,27.91587,120.81258,6,5533,0
563,1506,-40.80839497,-14.243765,28.03956,120.65442,28.02799,120.66168,7,15,0
773,2080,-7.600181024,43.50154743,27.989406,120.673557,27.994449,120.671107,4,1037,0
2592,2625,65.95606915,8.100750893,27.93254,120.82423,27.89938,120.82864,6,35,0
86,606,-32.41839594,17.21489524,28.01563,120.65181,28.004829,120.6409,3,62,0
47,1865,34.59589368,21.40314128,27.97433,120.75967,27.97506,120.73909,10,27,0
1368,2380,30.46121084,-48.13255071,27.88111,120.671061,27.87032,120.66347,3,11,0
159,2508,26.32544403,-10.16922363,27.94833,120.66804,27.96724,120.66561,5,171,0
1799,2061,-1.926998021,45.93004548,27.99461,120.68409,27.98839,120.68338,4,1432,0
597,2408,43.30885212,17.11809575,27.970046,120.755771,27.97638,120.75557,10,42,0
1970,2057,64.96408445,21.24703317,27.87,120.788,27.86515,120.79611,6,147,0
138,2535,-13.1688797,32.95762009,28.04427,120.69476,28.01377,120.68309,-1,6,0
1947,2149,16.84497789,21.65655104,27.98803,120.67876,27.98472,120.69611,4,32,0
1724,2873,17.96968782,40.98695382,28.00258,120.70728,28.000323,120.727524,7,29,0
966,2183,64.66117646,-1.517795668,27.918388,120.823666,27.89444,120.81353,6,108,0
87,2005,39.40226129,-35.5530302,27.92144,120.6877,27.92325,120.6878,3,2736,0
405,2597,6.634078294,17.28095989,27.989232,120.680662,27.993358,120.671015,4,31,0
797,1459,37.30122522,24.84622646,27.97373,120.74409,27.97111,120.739,10,54,0
1584,2649,72.3561466,8.06340057,27.89209,120.81396,27.88565,120.80804,6,541,0
1206,1871,10.53056444,-14.84237529,27.95921,120.65553,27.96874,120.65488,5,332,0
87,2250,35.23078196,-30.5089941,27.92144,120.6877,27.92446,120.6923,3,84,0
1927,2137,-45.07537861,-19.32974719,28.04626,120.62785,28.04852,120.65349,7,44,0
812,2421,-30.45244296,15.51316131,28.01375,120.6551,28.014321,120.650131,3,79,0
1360,2061,5.242291767,37.75279257,27.993854,120.698744,27.98839,120.68338,4,49,0
385,1845,18.10211631,56.36738668,28.00125,120.72481,27.99406,120.72557,7,105,0
577,1003,27.12171145,11.14286337,28.018317,120.838836,28.01839,120.82983,2,119,0
893,1774,-3.384107885,5.92227561,28.00209,120.66254,27.99094,120.65242,-1,36,0
307,539,-43.06623713,31.85377808,28.01573,120.65876,28.01516,120.65303,3,451,0
756,2303,64.12531346,5.137092634,27.90472,120.82388,27.90821,120.80227,6,186,0
1260,2309,57.72017825,4.312520545,27.91444,120.83278,27.92657,120.81725,6,68,0
595,975,-6.823599096,20.7298037,28.01681,120.67808,28.00397,120.67029,3,13,0
72,1998,5.990655383,-28.70808523,27.97367,120.59704,27.987217,120.623164,8,17,0
1560,2372,-24.97312594,-40.38030013,28.034241,120.588717,28.023805,120.597166,-1,280,0
194,758,-3.115629353,32.53685497,28.0005,120.67726,27.99542,120.68153,4,30,0
1030,2792,-17.66982584,27.18008042,28.02341,120.66131,28.02302,120.66759,3,50,0
1161,1814,32.76748401,-44.55685766,27.90218,120.626462,27.88108,120.671,3,39,0
1938,2493,-30.53806174,14.48552341,28.01832,120.65141,28.01736,120.65303,3,28,0
692,1771,6.364661181,35.7746717,28.00622,120.6991,27.99855,120.69275,-1,19,0
1980,2298,28.26559776,-11.73985703,27.9546,120.667,27.92952,120.68107,5,62,0
556,1870,-15.99322908,40.29107591,27.99014,120.62903,27.99576,120.6574,-1,13,0
2116,2132,-19.72607831,-49.59067245,28.04925,120.60197,28.043908,120.588971,-1,4,0
464,1582,13.6812319,-24.48145916,27.9659,120.64111,27.96936,120.67444,-1,2,0
193,2361,33.44016621,13.85341962,28.02809,120.78452,28.03623,120.76776,-1,24,0
617,2938,-12.40678013,-29.5341079,28.013371,120.594287,28.02158,120.59654,3,244,0
464,2420,7.503937175,-38.17527914,27.9659,120.64111,27.98362,120.61785,8,32,0
2229,2529,-2.83831914,8.958989623,27.99852,120.65649,27.99373,120.65937,-1,18,0
332,568,2.613339869,27.37058592,28.00341,120.68731,28.017992,120.701917,-1,12,0
481,734,-15.25159215,-23.89655803,28.00644,120.59212,28.01097,120.60609,3,16,0
1245,2272,31.20579954,-23.83482956,27.92828,120.69722,27.91974,120.69145,3,31,0
865,1151,-35.09224392,-48.50256705,28.0464,120.604,28.082463,120.58878,-1,3,0
989,1536,3.442461261,8.130304201,27.987092,120.667981,27.985,120.67851,4,175,0
1198,1273,-22.02258447,-36.58142166,28.0332,120.591,28.02347,120.61544,-1,23,0
935,1391,19.74196187,6.777810851,27.97987,120.68111,27.95467,120.69939,-1,47,0
615,906,7.942285593,17.18513017,27.99109,120.67677,28.01211,120.69386,-1,0,0
2433,2830,-51.93978191,20.99470321,28.02202,120.66394,28.02312,120.6603,3,1718,0
1967,2840,-21.86553146,-45.03079927,28.0348,120.58833,28.04323,120.58656,9,0,0
1342,2061,6.708423725,25.46041562,28.00491,120.67627,27.98839,120.68338,4,23,0
487,2366,17.2630334,12.28531134,27.98776,120.67428,27.97973,120.67677,-1,739,0
720,1845,33.33807339,33.67145807,27.97976,120.74186,27.99406,120.72557,-1,173,0
2033,2100,58.53906903,-1.756063764,27.9196,120.81824,27.93118,120.82472,6,39,0
1108,1999,43.53901498,-32.31793611,27.924685,120.69711,27.91395,120.70028,3,9205,0
618,2156,-21.74148082,-36.16717574,28.03155,120.59436,28.02454,120.591434,-1,7,0
501,2427,-7.763582277,53.85419372,28.004176,120.686025,28.0086,120.6772,4,36,0
48,2658,-11.42605223,27.12002049,28.01947,120.67661,28.023438,120.62652,-1,11,0
1099,2726,66.54507204,-5.657128019,27.92578,120.79581,27.9296,120.80677,6,242,0
924,2816,-62.50002354,0.36848154,28.03883,120.63972,28.04411,120.63996,7,478,0
566,1386,1.488578696,33.20958046,28.0085,120.68531,27.98557,120.68544,4,78,0
998,2167,-38.96075082,11.38804552,28.023888,120.651111,28.0438,120.65797,7,42,0
633,1133,19.38381874,23.68450932,27.98491,120.70392,27.97533,120.72453,-1,14,0
1286,2511,-23.99418177,8.73426084,28.01117,120.65006,28.015241,120.649988,3,4,0
383,695,-20.91934132,-52.23258525,28.05006,120.58705,28.054694,120.586916,9,55,0
387,1883,-12.52052154,-44.69002658,28.0246,120.58292,28.02719,120.57728,9,74,0
1736,2198,-43.14516253,-5.887847815,28.029592,120.6244,28.01139,120.622331,-1,19,0
224,1142,-14.71862466,15.60185313,28.01492,120.66976,28.01146,120.65856,3,23,0
220,2541,4.098886589,-52.81880862,27.9974,120.58543,27.99417,120.59987,8,612,0
633,1007,22.21257286,1.538781848,27.98491,120.70392,27.96558,120.68672,-1,0,0
298,1824,36.37933582,-24.64710664,27.92054,120.70164,27.9227,120.70332,3,27,0
438,1051,-50.76685275,-26.05432169,28.03933,120.62364,28.04252,120.60963,7,14,0
2128,2615,67.61843574,13.97452568,27.8883,120.80901,27.87142,120.82061,6,73,0
486,911,46.34367363,26.35016163,27.97508,120.74612,27.96141,120.73461,10,152,0
1152,2701,-18.1079517,6.595095432,28.013647,120.656985,28.0144,120.6591,3,0,0
1503,2199,-22.53201826,-36.93209591,28.0363,120.5857,28.026587,120.594413,-1,25,0
457,1720,13.06839726,37.27227094,28.01851,120.70462,28.00064,120.70523,7,2,0
1803,1889,-19.77686447,21.00703649,28.01235,120.66512,28.01442,120.65841,3,2,0
15,1215,2.087683101,-28.90886947,27.97664,120.63227,27.98702,120.60848,8,2,0
779,1015,-32.45279407,-35.42695825,28.03387,120.594038,28.02245,120.61239,-1,14,0
736,2044,-23.7310805,43.61512791,28.02026,120.67933,28.021,120.679,3,259,0
270,1926,-12.54093925,30.44491082,28.01764,120.68649,28.01239,120.67322,-1,38,0
178,1952,-27.74825397,9.411318848,28.01444,120.65108,28.01814,120.64798,3,86,0
830,1386,21.82371671,9.358101055,27.97997,120.68921,27.98557,120.68544,4,51,0
748,1245,33.35583595,-20.28110511,27.9266,120.711,27.92828,120.69722,3,18,0
42,1638,-15.26659957,39.0271463,28.0014,120.65569,27.99258,120.67111,-1,7,0
761,2666,-57.03859477,-0.697459299,28.02569,120.64175,28.04116,120.62863,7,31,0
1159,2365,-23.19383118,-34.96988729,28.02791,120.59925,28.01894,120.59618,3,322,0
1665,2288,13.75154083,46.56220699,28.008214,120.715624,28.014173,120.713536,7,95,0
663,2446,5.939545373,4.066981715,27.97693,120.66377,27.98763,120.66308,-1,220,0
174,1555,-62.87300472,8.358623809,28.04894,120.64323,28.043798,120.657967,7,18,0
161,627,-45.17432128,-13.95753483,28.043888,120.656111,28.0494,120.66193,7,24,0
629,2622,-66.7619115,15.72782378,28.0608,120.676028,28.0547,120.64565,7,49,0
41,1876,18.44446236,-42.02742026,27.95746,120.61208,27.954186,120.587915,10,308,0
1726,1969,-10.07968734,-2.251478772,28.000738,120.643235,28.00303,120.63895,3,2,0
867,2762,-13.78716376,23.58902764,28.02368,120.66461,28.01919,120.67036,3,28,0
2374,2496,46.36768085,1.088884913,27.93982,120.7985,27.94412,120.76969,-1,125,0
3,2588,-19.36807027,-43.10453766,28.03927,120.5877,28.02213,120.5743,9,7,0
2364,2720,15.48820628,5.92900203,27.97792,120.68304,27.97853,120.684,-1,28,0
1233,2177,-10.10750855,-38.44719867,28.01428,120.58353,28.024786,120.575538,9,48,0
1152,1401,-17.91012836,7.617833012,28.013647,120.656985,28.01999,120.65209,3,38,0
97,2456,-22.97468582,36.734079,28.02629,120.6698,28.022125,120.670739,3,217,0
668,2053,-17.36876934,-8.955090503,28.0105,120.60976,28.01003,120.63016,-1,56,0
979,2316,-22.29170433,-33.98655815,28.02921,120.59331,28.0271,120.60091,-1,11,0
820,2632,12.51059063,53.19353196,28.00789,120.70721,28.0072,120.71529,7,84,0
1956,2496,72.39866587,-10.37927579,27.96946,120.72066,27.94412,120.76969,10,225,0
912,943,36.24353082,42.20862328,27.98324,120.72334,27.98369,120.71502,-1,4225,0
1749,2445,5.015980376,-52.44446425,27.97581,120.57281,27.992515,120.595201,8,2528,0
560,2359,11.76900715,57.67239598,28.016323,120.703784,28.00191,120.70463,7,267,0
751,1654,-17.7561953,-31.6030231,28.02449,120.61195,28.02792,120.60131,3,10,0
972,1680,24.78587455,-6.585385132,27.94366,120.68317,27.96413,120.67139,5,35,0
979,1159,-24.30717286,-38.03733093,28.02921,120.59331,28.02791,120.59925,-1,284,0
205,2842,2.259988076,45.50190813,27.9885,120.68917,27.98853,120.69743,4,50,0
1895,2176,19.11344959,-10.96782438,27.96905,120.70307,27.95843,120.65338,-1,8,0
756,2254,55.65766461,4.466606685,27.90472,120.82388,27.923401,120.816621,6,11,0
708,2362,44.98807982,-22.39370128,27.9343,120.7072,27.92159,120.70412,3,259,0
1005,1256,-34.50099743,26.9311357,28.00628,120.65332,28.01222,120.65195,3,91,0
1206,2022,13.30155183,-9.479553129,27.95921,120.65553,27.94096,120.64958,5,0,0
2614,2899,-29.08421842,-10.3319081,28.01688,120.6293,28.02802,120.65472,-1,18,0
113,1689,-23.99113958,-2.246563578,28.01211,120.63736,28.02095,120.64389,3,17,0
486,2119,45.34259497,27.60665103,27.97508,120.74612,27.97513,120.74591,10,3374,0
72,220,5.555381794,-53.18626445,27.97367,120.59704,27.9974,120.58543,8,204,0
1415,2733,-27.47497162,-1.874681252,28.01447,120.64201,28.019524,120.631948,3,5,0
814,2450,-57.49464434,-18.91201331,28.06065,120.61145,28.04901,120.63968,7,160,0
149,1045,-25.60121466,19.46064887,28.01646,120.65935,28.0167,120.656,3,28,0
108,1276,-0.681043755,-35.63326598,27.98228,120.5774,28.00066,120.58221,8,31,0
259,1807,-56.3085536,5.923695702,28.05022,120.66531,28.040568,120.63282,7,32,0
2433,2629,-24.58712595,36.91645072,28.02202,120.66394,28.024983,120.66739,3,252,0
656,2083,17.31313348,-35.13573123,27.96161,120.59217,27.95887,120.60962,10,107,0
1124,2018,58.42705556,-4.444539004,27.92529,120.82185,27.92674,120.82518,6,279,0
2053,2703,-2.709011606,-8.989827023,28.01003,120.63016,27.99103,120.63464,-1,2,0
2292,2818,-22.29837328,-56.58753011,28.04572,120.58643,28.04104,120.58846,9,3421,0
1089,2960,-9.250370531,-38.14643518,28.02804,120.57818,28.017,120.583,9,4,0
975,2452,-36.44785733,35.5821444,28.00397,120.67029,28.0105,120.66068,3,79,0
178,2767,-15.46347264,10.44050833,28.01444,120.65108,28.00293,120.64916,3,50,0
1563,2237,47.70149781,-26.38937281,27.92204,120.69661,27.92797,120.69797,3,6239,0
878,1886,9.593194476,35.62072886,28.000355,120.697765,28.010095,120.696678,7,9,0
709,1133,40.05141202,36.59758982,27.97153,120.73361,27.97533,120.72453,10,2782,0
365,1308,12.57042461,9.042398435,27.98328,120.65734,27.98404,120.68203,4,16,0
1432,2092,-50.80063766,-4.657371964,28.00892,120.62295,28.0195,120.63455,-1,101,0
859,1895,28.61177557,-1.07567859,27.95386,120.68203,27.96905,120.70307,-1,1653,0
2433,2452,-38.5604656,37.53820934,28.02202,120.66394,28.0105,120.66068,3,69,0
2508,2788,14.93212179,-17.09991274,27.96724,120.66561,27.96243,120.65546,5,3957,0
1285,1310,-49.02433154,-24.29991166,28.04108,120.61641,28.0436,120.62548,7,59,0
1889,2263,-31.46574897,26.28607551,28.01442,120.65841,28.00726,120.65848,3,103,0
124,1684,-3.712982567,-27.73298359,27.99261,120.62341,27.98796,120.61592,8,259,0
1008,1900,-41.53377594,-45.39617694,28.06212,120.60705,28.06605,120.58485,9,50,0
1591,1616,15.51932624,39.41461545,28.00528,120.70899,28.002285,120.71462,7,7,0
891,1906,63.37535854,20.25767777,27.85508,120.7815,27.86612,120.76002,6,55,0
264,2442,-40.00661344,38.44640193,28.01535,120.66232,28.01459,120.66235,3,313,0
950,2083,10.19575075,-32.44131504,27.98069,120.61263,27.95887,120.60962,-1,21,0
1855,2633,15.99734295,14.93818195,27.98606,120.67631,27.98511,120.67531,4,911,0
1963,2200,-40.68901481,5.958186462,28.050194,120.692298,28.03746,120.65611,7,12,0
224,2255,-3.322793718,27.62658267,28.01492,120.66976,27.99861,120.67972,-1,150,0
259,1112,-57.02797215,5.574323206,28.05022,120.66531,28.05274,120.62436,7,3,0
76,2279,25.05998642,43.06206018,27.99619,120.71034,27.98388,120.70501,-1,4,0
582,1287,69.43572457,14.68206681,27.86958,120.81319,27.8766,120.82074,6,159,0
403,1496,32.17726884,41.48245148,27.98093,120.71034,27.97767,120.70127,-1,5010,0
170,298,35.44467193,-28.89067373,27.92087,120.70636,27.92054,120.70164,3,74,0
553,2767,-8.59303585,9.290471821,27.999,120.66,28.00293,120.64916,3,6,0
108,572,0.244623131,-37.62227181,27.98228,120.5774,27.99271,120.56614,8,16,0
600,1521,-14.14912971,7.843395615,28.00892,120.64776,28.00551,120.66263,3,5,0
635,681,36.16372056,-44.20771759,27.91455,120.66062,27.916503,120.651759,3,129,0
920,1204,17.09898446,-38.92384571,27.94553,120.6091,27.94777,120.6125,10,18164,0
2186,2337,24.87386754,34.02086686,27.99188,120.7165,27.986111,120.717222,7,15,0
487,2593,4.531277573,14.72260789,27.98776,120.67428,27.96314,120.66947,-1,8,0
720,943,44.17928795,32.44169593,27.97976,120.74186,27.98369,120.71502,-1,8,0
331,1093,-36.32527026,-20.99963989,28.03958,120.62042,28.03228,120.58055,-1,14,0
1149,1402,-16.85174623,35.33549947,28.02051,120.67683,28.014576,120.681581,3,147,0
752,1110,29.46292099,-10.63192906,27.9454,120.65697,27.946867,120.69923,5,2,0
305,1416,-34.84774757,16.95006206,28.008511,120.618079,28.01137,120.64581,-1,32,0
720,1714,43.18894618,30.5695306,27.97976,120.74186,27.98008,120.74344,10,172,0
389,1774,-14.42704794,-10.4345005,28.01058,120.62116,27.99094,120.65242,-1,3,0
1870,2574,-0.717057767,4.669287252,27.99576,120.6574,27.99428,120.66013,-1,256,0
16,2197,-41.0374831,-23.65585427,28.07646,120.62205,28.04449,120.62163,-1,31,0
1470,1980,24.80540163,-5.220601325,27.97225,120.68006,27.9546,120.667,5,850,0
25,2756,16.01247252,6.899880862,27.976204,120.667973,27.98645,120.68772,-1,20,0
673,1685,-35.7694768,-49.85774955,28.05464,120.60495,28.08692,120.5856,-1,22,0
707,2891,34.11025943,9.312843918,28.0008,120.84201,27.99425,120.83053,2,363,0
1038,1837,-5.958452573,-18.99208942,27.9897,120.63813,27.98603,120.63754,8,391,0
539,2117,-43.60832761,29.28846512,28.01516,120.65303,28.0167,120.6534,3,1104,0
2538,2644,29.97625751,18.25039615,28.00886,120.77826,28.019199,120.784475,-1,152,0
2021,2730,27.53780734,-25.2641058,27.92043,120.68424,27.92782,120.69643,3,13,0
1622,2239,-4.39638634,55.36278342,28.00126,120.6875,28.00222,120.68192,4,396,0
893,2683,-12.67458624,40.74966656,28.00209,120.66254,27.9994,120.66709,3,61,0
2425,2451,13.36896016,43.30756682,28.001305,120.717516,28.01596,120.72171,7,81,0
2336,2789,66.88763468,21.39238879,27.87937,120.8036,27.87222,120.79381,6,408,0
603,1311,7.038823086,-38.7826582,27.97164,120.62661,27.98966,120.57449,8,3,0
919,2794,-35.16709937,41.88901111,28.01517,120.66789,28.01525,120.66602,3,823,0
609,1528,-25.5709438,5.434152831,28.02096,120.62016,28.01484,120.64575,3,43,0
919,2801,-10.77863179,23.60978489,28.01517,120.66789,28.01569,120.65545,3,0,0
72,188,0.905351981,-19.28598107,27.97367,120.59704,27.97988,120.63103,8,78,0
171,234,-10.34605451,-6.10250868,28.00072,120.63977,28.01828,120.62547,-1,8,0
25,2224,8.937051954,9.165926827,27.976204,120.667973,27.98445,120.67253,-1,17,0
1293,2757,52.975675,-8.266957097,27.93743,120.83414,27.95417,120.82421,6,203,0
293,2483,-34.77489373,-9.849769442,28.02476,120.635142,28.02455,120.61196,3,23,0
308,1968,-30.79982004,-50.28395375,28.07118,120.58698,28.054156,120.560569,9,71,0
319,2405,25.48221127,-8.07299963,27.93831,120.66539,27.96984,120.68551,5,4,0
1806,2873,27.02682807,33.46759997,27.971111,120.759166,28.000323,120.727524,-1,0,0
841,1202,-21.9536173,-0.733860348,28.0171,120.63698,28.01555,120.63482,-1,138,0
448,2609,-17.74508002,-28.56149162,28.024644,120.599644,28.01418,120.59753,3,190,0
1036,2000,35.04900528,-25.0869812,27.92406,120.70335,27.92247,120.70628,3,9,0
872,1081,-4.172740122,8.904944189,27.98477,120.64882,27.997963,120.659738,-1,25,0
1290,1380,3.376976028,31.98237941,28.003203,120.691994,28.00675,120.68244,-1,20,0
331,677,-58.63897289,-30.55304745,28.03958,120.62042,28.040628,120.619569,7,10307,0
720,1133,35.77234847,29.7512928,27.97976,120.74186,27.97533,120.72453,10,176,0
761,2622,-40.9335591,0.305679873,28.02569,120.64175,28.0547,120.64565,7,7,0
1360,1769,2.696335242,49.73516069,27.993854,120.698744,27.998722,120.707177,-1,984,0
358,931,38.87098118,24.93408659,27.96854,120.74135,27.96517,120.7458,10,68,0
584,2344,-7.837191498,-12.43933123,27.99383,120.62841,28.000843,120.64058,-1,199,0
1503,1618,-12.34870595,-28.50027236,28.0363,120.5857,28.00977,120.60049,-1,2,0
1105,1862,-33.60126108,21.84602387,28.00791,120.64843,28.01287,120.64928,3,174,0
1737,1830,-12.8379298,-56.13135544,28.03968,120.57291,28.0362,120.58118,9,1536,0
1578,2076,1.122898201,-36.87553619,27.97058,120.5853,27.99335,120.57729,8,12,0
1187,1267,5.907904571,-2.886442088,27.96331,120.66311,27.969489,120.657672,5,41,0
605,1618,-13.21633868,-41.4913057,28.0258,120.57913,28.00977,120.60049,-1,31,0
692,1720,12.73382623,38.78694587,28.00622,120.6991,28.00064,120.70523,7,4,0
741,1502,-0.03364604,14.96929736,27.95095,120.65688,27.991292,120.664871,-1,2,0
876,1587,-24.55493134,2.141531539,28.01851,120.63892,28.00917,120.64028,3,29,0
893,2220,-15.07290455,42.31686667,28.00209,120.66254,28.00312,120.65703,3,119,0
752,972,16.44301214,-10.75261008,27.9454,120.65697,27.94366,120.68317,5,61,0
1618,2150,-10.4260524,-30.44290583,28.00977,120.60049,27.99711,120.58895,3,128,0
407,2116,-21.55089038,-41.12091821,28.026727,120.58226,28.04925,120.60197,-1,8,0
237,653,3.428660085,-7.09477708,28.023421,120.592786,28.03924,120.56603,-1,63,0
461,881,65.15925151,8.256686377,27.8974,120.81737,27.894444,120.813527,6,277,0
11,76,27.34301874,51.04696078,27.99544,120.72251,27.99619,120.71034,7,327,0
1876,2103,18.77341575,-29.72168292,27.954186,120.587915,27.98211,120.59701,-1,83,0
539,2617,-43.13153854,24.44751422,28.01516,120.65303,28.02136,120.65561,3,92,0
812,1521,-22.39011417,12.97608587,28.01375,120.6551,28.00551,120.66263,3,8,0
828,2479,34.45936093,-2.768531024,27.96168,120.677789,27.95756,120.72822,-1,28,0
1448,2342,21.05256211,34.68696334,27.99567,120.715,27.96902,120.74658,-1,40,0
1073,2602,-21.82642139,-46.38888577,28.03098,120.59308,28.041463,120.586511,9,29,0
1483,2186,22.13270083,29.93356786,27.9897,120.71206,27.99188,120.7165,7,6,0
268,1761,-3.646402599,13.80100748,28.002086,120.662539,27.99851,120.67952,-1,17,0
927,1950,30.06991319,52.07622077,27.99224,120.72085,27.99139,120.71952,7,1391,0
435,1020,6.344304815,53.00674039,28.00035,120.69777,28.00029,120.70357,7,64,0
2209,2418,22.93393072,-8.772426194,27.96734,120.67106,27.93672,120.67951,5,25,0
1351,1894,-52.89353047,-24.74198381,28.04387,120.63355,28.044511,120.621742,7,282,0
1474,2609,-9.513761212,-30.76969874,28.02436,120.58545,28.01418,120.59753,-1,83,0
408,2450,-61.02869409,-18.38568574,28.05042,120.6339,28.04901,120.63968,7,10414,0
462,2325,31.21913459,-25.97496383,27.92121,120.70312,27.91782,120.69607,3,60,0
212,2496,49.32857227,-2.833978797,27.95491,120.7872,27.94412,120.76969,-1,148,0
202,2120,-33.59759867,35.23473275,28.0087,120.65515,28.00312,120.65388,3,1646,0
224,2392,-10.55820879,23.92303986,28.01492,120.66976,28.00878,120.68835,-1,9,0
1167,1646,-58.91325003,0.261930049,28.03274,120.64129,28.03083,120.63755,7,111,0
468,1572,-29.2553822,-34.27101779,28.02464,120.59155,28.02693,120.60664,3,463,0
160,2802,39.51094882,38.79114501,27.97864,120.71467,27.98055,120.72944,10,1367,0
644,2236,-4.505353721,18.19443101,28.01278,120.65944,27.9946,120.674,-1,0,0
954,2762,-29.41439864,40.56578532,28.018214,120.672196,28.01919,120.67036,3,38198,0
720,2667,45.52500367,32.02157929,27.97976,120.74186,27.98624,120.73426,10,541,0
845,1027,-31.23305375,-52.65272121,28.06506,120.57549,28.08394,120.58605,9,84,0
1351,2146,-41.49566888,-22.36805436,28.04387,120.63355,28.051431,120.600469,7,59,0
1590,2847,-24.98591586,-50.73814707,28.02239,120.59436,28.041041,120.588459,-1,140,0
161,1441,-65.20437816,8.199386484,28.043888,120.656111,28.04381,120.65767,7,445,0
246,2022,14.03394217,-9.792551002,27.95634,120.66596,27.94096,120.64958,5,52,0
283,2007,43.1454356,14.05709752,27.98338,120.744,27.99715,120.77526,10,24,0
819,1099,68.86366213,-5.445719866,27.91736,120.79806,27.92578,120.79581,6,2053,0
14,518,-25.15206435,37.9443323,28.02496,120.66541,28.025347,120.666909,3,423,0
317,619,-42.29805837,33.90875825,28.01994,120.655,28.01319,120.65921,3,107,0
42,764,-8.948961844,8.745982076,28.0014,120.65569,28.00285,120.65381,3,29,0
178,1089,-29.82800398,9.377526361,28.01444,120.65108,28.02804,120.57818,-1,77,0
264,2621,-10.90541031,26.48520769,28.01535,120.66232,28.01036,120.67777,-1,0,0
794,2319,20.07637651,-31.67936462,27.96834,120.57402,27.97631,120.60491,8,55,0
284,770,41.39378181,-29.01892931,27.92764,120.69437,27.921591,120.704296,3,401,0
608,773,3.560973315,17.0397545,27.99367,120.69233,27.989406,120.673557,4,49,0
672,1643,4.916023843,-35.76406722,27.96719,120.59359,27.98054,120.61279,8,39,0
457,1068,10.58353691,61.52538108,28.01851,120.70462,28.04759,120.69334,7,35,0
331,1559,-50.67215199,-24.52661526,28.03958,120.62042,28.04273,120.62505,7,84,0
1391,1454,35.79724955,-18.47250143,27.95467,120.69939,27.92271,120.7068,-1,12,0
619,1990,-15.44402957,18.76531894,28.01319,120.65921,28.02045,120.65999,3,12,0
2176,2366,11.12848324,10.04729856,27.95843,120.65338,27.97973,120.67677,5,34,0
1506,2666,-59.32688036,0.880807629,28.02799,120.66168,28.04116,120.62863,7,44,0
415,1373,-26.81395385,21.63771183,28.01975,120.65219,28.01793,120.66445,3,86,0
950,1624,7.375202549,-44.43442211,27.98069,120.61263,27.971715,120.608414,8,396,0
857,966,64.85789294,-7.630198452,27.93632,120.80777,27.918388,120.823666,6,424,0
284,2297,48.09956091,-22.72965372,27.92764,120.69437,27.92659,120.71116,3,1328,0
646,1742,10.4804615,64.96057839,28.02101,120.67872,28.010383,120.6909,-1,61,0
643,1692,-44.3016528,-13.76244465,28.04355,120.65147,28.0404,120.64565,7,25,0
89,1813,-26.83878496,19.56679892,28.0164,120.65703,28.01988,120.65723,3,102,0
1764,2182,13.97176917,-43.33342811,27.96875,120.60619,27.96515,120.61124,8,1592,0
1126,2606,37.43673163,12.34283368,28.00232,120.79736,27.998592,120.80087,10,86,0
1088,1105,-17.12267386,9.241640493,28.016654,120.650607,28.00791,120.64843,3,0,0
76,585,8.183165554,54.10925294,27.99619,120.71034,28.00115,120.70215,7,138,0
961,1008,-41.15020394,-45.74123378,28.06451,120.58223,28.06212,120.60705,9,8,0
234,1981,-28.78159606,-12.75862717,28.01828,120.62547,28.04382,120.61146,-1,0,0
1935,2428,2.619950087,0.767000247,27.97505,120.67499,27.98819,120.6531,5,34,0
1528,1731,-23.31067182,3.918760757,28.01484,120.64575,28.00652,120.64463,3,213,0
1651,2315,35.46695956,18.74574357,27.97707,120.74717,27.9939,120.72128,-1,12,0
741,2418,21.59398639,-15.47274032,27.95095,120.65688,27.93672,120.67951,5,185,0
547,2444,9.637175649,16.59412883,27.98521,120.67877,27.99277,120.67775,4,92,0
1938,2263,-30.87726039,12.80671607,28.01832,120.65141,28.00726,120.65848,3,8,0
2263,2542,-15.81266844,7.675465607,28.00726,120.65848,28.01903,120.61189,3,0,0
1108,1141,37.58505762,-12.5490365,27.924685,120.69711,27.933084,120.674452,-1,293,0
1044,2890,-26.51898735,-4.378499675,28.02116,120.6352,28.02424,120.6348,3,15,0
589,1691,-23.6507257,24.22827753,28.013126,120.664223,28.01519,120.66268,3,745,0
1724,2619,13.03652876,30.9976206,28.00258,120.70728,27.992814,120.696225,-1,3,0
1021,1276,10.06433199,-39.74722597,27.96668,120.62461,28.00066,120.58221,8,13,0
2061,2249,5.252558387,25.00703783,27.98839,120.68338,27.997139,120.68626,4,16,0
1021,2541,10.01811301,-40.86557795,27.96668,120.62461,27.99417,120.59987,8,4,0
2021,2357,38.51910696,-39.07493596,27.92043,120.68424,27.92044,120.6689,3,7973,0
1494,1736,-49.71999882,-21.77399823,28.04977,120.64759,28.029592,120.6244,7,19,0
221,420,14.76775693,53.07253693,28.00742,120.71768,28.019477,120.715049,7,111,0
1708,1772,-16.09137984,-32.3438988,28.02381,120.59717,28.02618,120.60498,3,57,0
958,2579,-18.31499946,-52.5635189,28.04944,120.58116,28.04541,120.57613,9,53,0
1351,1399,-36.88490376,-24.45662689,28.04387,120.63355,28.024487,120.608733,-1,18,0
369,965,56.69437845,0.152037969,27.9277,120.83323,27.92175,120.83021,6,64,0
1239,1728,29.34276296,-53.49938129,27.87124,120.64996,27.85412,120.66711,3,105,0
412,2398,39.23330351,-40.1093316,27.91108,120.67813,27.923249,120.687804,3,342,0
1302,2007,46.34272973,11.88882068,27.96848,120.78369,27.99715,120.77526,-1,607,0
188,1837,3.412160884,-39.45116245,27.97988,120.63103,27.98603,120.63754,8,8447,0
923,2407,-58.85695793,-17.74583523,28.06101,120.62576,28.06561,120.63194,7,3167,0
287,1885,9.107317787,-39.32199549,27.986822,120.630326,27.96887,120.61609,8,8,0
709,1911,41.20294244,35.97833736,27.97153,120.73361,27.97773,120.72673,10,935,0
2528,2929,-44.49455189,15.44007733,28.023744,120.653645,28.026713,120.658442,7,316,0
658,739,30.12029483,14.66217802,28.01872,120.79364,28.0287,120.8004,2,5,0
1981,2513,-42.05205985,-30.21928779,28.04382,120.61146,28.060569,120.603702,7,99,0
803,2506,-27.53432279,-3.855491588,28.02715,120.65114,28.02561,120.63825,7,0,0
943,2125,21.9251285,33.28542345,27.98369,120.71502,28.005059,120.711717,7,22,0
859,2462,16.01749947,-10.8686689,27.95386,120.68203,27.93855,120.64822,5,207,0
1439,2404,18.09959609,52.91915514,28.005515,120.719495,28.00556,120.71921,7,365,0
1787,2920,0.062851225,-34.72891618,27.90939,120.56294,27.85731,120.58608,-1,0,0
1319,2801,-22.42561724,9.919229324,28.01152,120.65068,28.01569,120.65545,3,26,0
580,803,-41.3568556,9.405930662,28.02797,120.6552,28.02715,120.65114,7,5,0
2323,2528,-38.34798755,12.53006401,28.02463,120.6447,28.023744,120.653645,7,79,0
865,2763,-41.21242129,-28.64377844,28.0464,120.604,28.06783,120.61801,-1,54,0
2342,2356,39.84615568,3.648473282,27.96902,120.74658,27.95672,120.7251,10,46,0
1461,2169,12.21114217,37.03948198,28.008516,120.702342,28.002851,120.698951,7,0,0
234,936,-51.63750665,-5.86659346,28.01828,120.62547,28.02145,120.63334,-1,1019,0
233,748,45.21191546,-24.43974507,27.9299,120.70635,27.9266,120.711,3,1178,0
136,149,-25.60260352,14.40823717,28.01434,120.65091,28.01646,120.65935,3,62,0
943,1053,35.36989274,45.28278446,27.98369,120.71502,27.99068,120.7167,7,421,0
1528,2658,-28.48437655,4.196582491,28.01484,120.64575,28.023438,120.62652,-1,22,0
1305,2913,66.22114893,-7.579961408,27.92668,120.81126,27.92081,120.81459,6,785,0
1053,2901,30.38341531,6.68877249,27.99068,120.7167,27.97339,120.7071,-1,97,0
863,2913,55.54784374,3.771471566,27.91319,120.81612,27.92081,120.81459,6,11,0
492,2279,30.8409539,49.42976713,27.99261,120.71419,27.98388,120.70501,-1,58,0
959,1247,-34.88741382,29.15093744,28.009115,120.657413,28.00929,120.65212,3,52,0
1825,1972,-64.69683677,21.86667485,28.09639,120.65778,28.088679,120.680149,1,109,0
1899,2517,-36.64920993,-47.40212355,28.06248,120.60338,28.08227,120.59052,9,14,0
182,1285,-25.12806483,-17.05275119,28.01939,120.61656,28.04108,120.61641,-1,18,0
372,2512,-5.972021719,47.13431737,27.99629,120.68028,27.99935,120.67604,4,1910,0
1533,2602,-30.45696227,-50.27936604,28.06943,120.56735,28.041463,120.586511,9,15,0
1565,2746,-36.84211384,-18.43483556,28.03749,120.6251,28.03863,120.61579,7,6,0
926,1191,15.09886278,-12.94275607,27.949664,120.654222,27.95227,120.64535,5,172,0
77,1415,-23.61561015,4.751888492,28.00743,120.64853,28.01447,120.64201,3,15,0
546,875,33.86447889,-34.63618758,27.92076,120.68433,27.92099,120.68452,3,33,0
464,515,16.41532901,-21.59572193,27.9659,120.64111,27.96781,120.62801,8,2409,0
972,2853,19.07358173,-5.230455672,27.94366,120.68317,27.97599,120.59211,-1,10,0
932,1653,-14.42666141,10.4652192,28.009722,120.654166,28.00714,120.65555,3,33,0
1696,2147,17.69029721,44.7857309,28.00178,120.72121,28.00191,120.72282,7,63,0
1385,2914,-54.62388443,0.279757814,28.05153,120.62762,28.01922,120.64427,-1,4,0
1950,1982,26.69254815,38.83503032,27.99139,120.71952,27.98851,120.70899,7,16,0
1771,1799,7.059451624,34.80201854,27.99855,120.69275,27.99461,120.68409,4,16,0
27,83,14.42296231,45.98395257,28.00949,120.71444,28.0073,120.71542,7,78,0
1591,2007,36.51725373,13.41827701,28.00528,120.70899,27.99715,120.77526,-1,46,0
1329,2717,-43.22908611,10.76951704,28.02655,120.65947,28.024111,120.656361,-1,21,0
111,775,27.92064213,-41.46935358,27.95612,120.65155,27.9189,120.64478,-1,24,0
172,1501,-38.4513149,-25.10788125,28.0428,120.62069,28.05557,120.61784,7,37,0
599,2419,36.68057584,36.41516045,27.97321,120.72684,27.980722,120.721813,10,244,0
1068,2225,10.92913082,61.52437674,28.04759,120.69334,28.01963,120.71371,7,127,0
1020,1342,12.56348975,33.92691845,28.00029,120.70357,28.00491,120.67627,-1,7,0
1547,1856,-41.8670725,-47.85027028,28.07752,120.5896,28.07457,120.58762,9,451,0
2176,2446,8.047271828,12.21942982,27.95843,120.65338,27.98763,120.66308,-1,25,0
1758,2236,-5.702865775,45.71985183,27.99447,120.68038,27.9946,120.674,4,403,0
436,1521,-7.869623112,21.00239786,28.01004,120.66769,28.00551,120.66263,3,6,0
656,920,14.44817241,-29.82708228,27.96161,120.59217,27.94553,120.6091,10,32,0
1296,2028,67.14879839,-3.990823649,27.89897,120.79855,27.92122,120.80887,6,72,0
534,1092,20.83947546,-11.22541381,27.93767,120.66978,27.96187,120.66042,5,19,0
2233,2659,72.35752171,19.72887946,27.86543,120.81525,27.86472,120.81605,6,822,0
609,2575,-20.5537059,-34.99243351,28.02096,120.62016,28.02926,120.59028,-1,16,0
2507,2629,-20.77778305,32.29381371,28.02519,120.66642,28.024983,120.66739,3,119,0
382,867,-14.67257607,19.89392047,28.01967,120.6623,28.02368,120.66461,3,0,0
959,2269,-13.95039899,11.5781061,28.009115,120.657413,28.0054,120.65452,3,34,0
1337,2808,19.8472778,-47.67753748,27.9422,120.581,27.93617,120.55946,10,1006,0
422,2353,7.116543273,36.32298305,28.00525,120.70299,27.973777,120.682079,-1,0,0
878,2662,13.63784397,29.68221809,28.000355,120.697765,27.9944,120.7017,-1,33,0
267,2128,71.98579463,10.15247006,27.87206,120.80251,27.8883,120.80901,6,653,0
1351,1736,-58.37186931,-28.1667306,28.04387,120.63355,28.029592,120.6244,7,351,0
423,535,50.29228119,-4.336872762,27.962446,120.822852,27.96456,120.79906,-1,29,0
550,943,24.19335531,31.1272828,28.0076,120.72365,27.98369,120.71502,7,16,0
421,2537,52.84370299,3.062058774,27.91626,120.8268,27.92328,120.80462,6,134,0
2055,2745,-55.49762867,-5.211195117,28.02288,120.63142,28.02921,120.62987,7,44,0
370,1767,9.836319199,-11.4879728,27.95455,120.65292,27.97914,120.65482,5,0,0
394,2602,-26.56529468,-41.75659449,28.029211,120.593311,28.041463,120.586511,-1,43,0
195,1331,-42.21121316,-23.9462416,28.041109,120.62863,28.07361,120.61293,-1,9,0
133,306,33.0779681,-8.24746928,27.9535,120.69621,27.93177,120.67802,5,193,0
214,1650,-25.20909983,-8.745739409,28.01125,120.625528,28.020022,120.631375,4,7,0
1442,2415,-35.74457249,12.07466494,28.021742,120.649455,28.02,120.655,3,82,0
2092,2745,-35.11282505,-3.519437014,28.0195,120.63455,28.02921,120.62987,-1,27,0
1494,1795,-49.00198763,-15.57774297,28.04977,120.64759,28.05247,120.66674,7,11,0
1055,2138,61.51060481,20.20528443,27.89321,120.79688,27.87481,120.78795,6,97,0
972,2405,26.38637499,-5.181759092,27.94366,120.68317,27.96984,120.68551,5,186,0
468,2568,-37.10410759,-41.06377763,28.02464,120.59155,28.04901,120.58582,-1,98,0
534,972,28.67545077,-11.49789888,27.93767,120.66978,27.94366,120.68317,5,423,0
920,1576,14.55295088,-30.32368796,27.94553,120.6091,27.970529,120.613192,-1,3,0
603,1123,11.47456257,-39.76076445,27.97164,120.62661,27.96552,120.64757,-1,28,0
634,1572,-22.25002698,-30.71446726,28.02449,120.60873,28.02693,120.60664,3,11,0
372,1701,-4.800845865,49.41710519,27.99629,120.68028,27.99766,120.68,4,310,0
335,2357,35.76958548,-39.63734986,27.93483,120.66784,27.92044,120.6689,-1,727,0
427,1049,-10.5228594,16.73992883,28.005808,120.669146,28.00814,120.66242,3,21,0
617,1444,-10.68255258,-32.33481171,28.013371,120.594287,28.019216,120.588125,-1,14,0
1302,2739,42.13725613,11.68224662,27.96848,120.78369,27.9972,120.775,-1,41,0
604,1908,-19.94855536,-21.58584462,28.015777,120.594444,28.0141,120.60512,3,506,0
1007,1316,29.09528475,4.448684749,27.96558,120.68672,27.97332,120.71019,-1,27,0
1679,1821,21.19261753,27.52259675,27.99338,120.70875,27.98011,120.74803,-1,45,0
1630,2144,36.69314708,-20.46816943,27.92275,120.7073,27.92809,120.70577,3,83,0
803,2136,-18.31923876,13.8239635,28.02715,120.65114,28.01201,120.65481,-1,2,0
1037,2696,37.49498118,-23.69483605,27.9231,120.70471,27.92345,120.70485,3,66,0
59,152,71.51088038,0.492194658,27.90238,120.80278,27.91139,120.82389,6,69,0
1722,2615,64.20225644,14.06105437,27.87744,120.7991,27.87142,120.82061,6,62,0
449,708,47.01604678,-23.14788648,27.93173,120.70133,27.9343,120.7072,3,7737,0
1989,2592,58.7157837,-12.42974193,27.93336,120.81773,27.93254,120.82423,6,1084,0
2160,2810,38.19647828,23.90364321,27.9668,120.7548,27.96861,120.74222,10,13,0
343,2568,-40.03889816,-20.62490744,28.03943,120.62365,28.04901,120.58582,-1,19,0
744,1698,13.32115761,-13.96498128,27.96358,120.66496,27.95861,120.665556,5,135,0
312,956,7.826149694,3.448590819,27.97483,120.67456,27.97159,120.65547,5,221,0
677,2860,-40.59969803,-26.18207787,28.040628,120.619569,28.0702,120.62208,-1,71,0
19,2236,-2.136671412,17.3823951,27.98443,120.66958,27.9946,120.674,4,94,0
1562,2059,-2.24907662,-37.61623739,27.99767,120.57531,27.987233,120.614505,8,0,0
112,668,-21.93986392,-20.12406323,28.01472,120.61007,28.0105,120.60976,3,11351,0
124,735,-7.280586919,-19.21558258,27.99261,120.62341,27.993371,120.637184,8,100,0
1480,2496,71.48299792,-10.32936853,27.96194,120.78881,27.94412,120.76969,-1,1165,0
1879,2080,4.299324427,23.00440944,27.999526,120.680665,27.994449,120.671107,4,16,0
25,1794,23.2580291,-8.588882263,27.976204,120.667973,27.94302,120.67619,5,2,0
45,1813,-27.21683404,19.85450163,28.019513,120.658462,28.01988,120.65723,3,143,0
1706,2021,42.30700178,-30.2675246,27.9208,120.70586,27.92043,120.68424,3,1166,0
1100,2012,-44.87409166,3.453588408,28.00741,120.61911,28.02392,120.644412,-1,18,0
2307,2848,24.46648818,-1.92700704,27.957377,120.682574,27.965369,120.686131,5,1325,0
1111,2318,-32.49546812,0.492697171,28.02502,120.63963,28.0217,120.647,-1,4,0
1503,2568,-21.40939451,-58.27574978,28.0363,120.5857,28.04901,120.58582,9,2390,0
1080,1826,33.40012196,-28.60752472,27.92057,120.7039,27.92285,120.68994,3,6,0
108,621,1.593834898,-35.93065173,27.98228,120.5774,27.98848,120.61075,8,18,0
1399,1572,-27.73994892,-27.79934638,28.024487,120.608733,28.02693,120.60664,3,2518,0
955,1736,-60.81653216,2.632611621,28.04133,120.65311,28.029592,120.6244,7,53,0
2263,2433,-17.05554904,12.30322912,28.00726,120.65848,28.02202,120.66394,3,24,0
221,912,17.89860775,46.11078656,28.00742,120.71768,27.98324,120.72334,-1,2,0
1682,2214,20.47944641,0.983509675,27.96568,120.73665,27.9598,120.68203,-1,5,0
439,1167,-36.42619744,3.268730287,28.02332,120.64816,28.03274,120.64129,-1,8,0
341,950,1.634810013,-19.81651909,27.98975,120.64468,27.98069,120.61263,8,2,0
1535,2379,-38.30519433,-8.388330502,28.03768,120.63277,28.04982,120.6511,7,0,0
1399,1501,-38.06675301,-25.50480426,28.024487,120.608733,28.05557,120.61784,-1,8,0
1094,1913,-21.9524136,-27.33097678,28.01845,120.59962,28.02588,120.60418,3,599,0
479,2910,2.119696351,-4.309657121,27.89857,120.63091,27.896919,120.638597,3,28,0
1098,2515,-39.94146692,-23.23188064,28.0475,120.62333,28.06853,120.60201,-1,61,0
221,549,16.8831101,47.32827166,28.00742,120.71768,28.00025,120.7286,7,0,0
1098,2352,-47.94660354,-28.43537756,28.0475,120.62333,28.048507,120.618708,7,163,0
2080,2224,0.970378516,13.70324175,27.994449,120.671107,27.98445,120.67253,4,42,0
170,1600,39.70192103,-25.76441708,27.92087,120.70636,27.92162,120.70502,3,109,0
1763,2183,54.18157118,5.287280246,27.92159,120.82161,27.89444,120.81353,6,8,0
213,1650,-50.37954018,-3.743286593,28.01009,120.63564,28.020022,120.631375,-1,121,0
1123,2190,7.926184634,12.54060983,27.96552,120.64757,27.98235,120.67423,5,0,0
1366,1999,40.78287776,-32.55760521,27.90849,120.70916,27.91395,120.70028,3,1040,0
109,331,-37.12905035,-33.6040208,28.03316,120.59087,28.03958,120.62042,-1,35,0
409,1625,50.75152237,5.347594497,27.95855,120.75661,27.91671,120.81301,-1,87,0
349,2272,42.22658241,-22.04162242,27.92317,120.70288,27.91974,120.69145,3,158,0
2281,2703,-5.603119132,-14.10807331,28.00143,120.63625,27.99103,120.63464,-1,82,0
650,912,39.78329932,39.47123527,27.980495,120.729412,27.98324,120.72334,10,83,0
741,2482,16.64978399,-17.68209846,27.95095,120.65688,27.9536,120.65488,5,649,0
1306,2059,-2.940006876,-27.50174773,27.99383,120.62833,27.987233,120.614505,8,152,0
72,1562,6.59263888,-54.48422716,27.97367,120.59704,27.99767,120.57531,8,16,0
815,1590,-10.95544735,-37.77367932,28.022225,120.579329,28.02239,120.59436,-1,26,0
188,1667,0.26108796,-22.25769096,27.97988,120.63103,27.93583,120.61337,8,10,0
1769,2279,25.98994416,48.36563712,27.998722,120.707177,27.98388,120.70501,-1,61,0
814,2379,-48.20865571,-18.40504308,28.06065,120.61145,28.04982,120.6511,7,71,0
1059,1799,0.013596994,34.70838999,27.99556,120.68277,27.99461,120.68409,4,134,0
1159,2004,-31.8509014,-43.06270444,28.02791,120.59925,28.05469,120.58692,-1,70,0
349,1655,38.72165739,-22.46472303,27.92317,120.70288,27.92826,120.70156,3,96,0
317,2890,-30.53049304,-3.439552672,28.01994,120.655,28.02424,120.6348,3,17,0
1284,1956,38.79806695,-2.064448375,27.94439,120.71319,27.96946,120.72066,10,4448,0
631,794,0.99214201,-38.33746116,27.98274,120.56357,27.96834,120.57402,8,55,0
539,1653,-18.6336125,11.54280171,28.01516,120.65303,28.00714,120.65555,3,30,0
1698,1895,22.33965298,-5.979841208,27.95861,120.665556,27.96905,120.70307,-1,53,0
1351,2379,-59.13619735,-12.38706969,28.04387,120.63355,28.04982,120.6511,7,389,0
856,1718,19.25473609,53.00232156,28.0052,120.72043,28.001831,120.717278,7,99,0
1184,2185,0.982557429,-14.10085571,27.982012,120.645724,27.97251,120.60263,-1,12,0
897,1855,-1.512598683,42.75560675,27.98785,120.68114,27.98606,120.67631,4,35,0
1470,1502,1.496880512,11.80895072,27.97225,120.68006,27.991292,120.664871,-1,6,0
76,1341,22.8735847,49.27552705,27.99619,120.71034,27.9986,120.70953,7,138,0
1132,2767,-9.441178774,4.517635649,27.99853,120.6532,28.00293,120.64916,3,9,0
1238,2801,-33.76776804,27.71148087,28.00439,120.65275,28.01569,120.65545,3,37,0
487,2655,3.525998962,18.88378487,27.98776,120.67428,27.986872,120.673376,4,173,0
449,2696,38.17203901,-24.12082993,27.93173,120.70133,27.92345,120.70485,3,56,0
868,1199,-8.242010461,20.12914643,28.01279,120.66871,28.009766,120.667542,3,43,0
2575,2697,-20.5850563,-42.47598137,28.02926,120.59028,28.02837,120.58877,9,1128,0
1407,1460,8.040991647,-21.97633331,27.97235,120.62717,27.985304,120.632788,8,122,0
1460,2539,4.263664773,-20.00017371,27.985304,120.632788,27.97231,120.62724,8,57,0
2053,2431,-18.81949442,-7.628274584,28.01003,120.63016,28.0053,120.633,-1,1359,0
1650,2055,-52.7966107,-4.725882983,28.020022,120.631375,28.02288,120.63142,-1,492,0
133,1563,24.899815,-22.71695949,27.9535,120.69621,27.92204,120.69661,-1,13,0
1419,2053,-20.35167565,-10.33699505,28.01125,120.62553,28.01003,120.63016,4,1533,0
243,1005,-4.875892933,-1.531826006,28.000291,120.647161,28.00628,120.65332,3,10,0
763,2837,42.52763034,30.90827741,27.97775,120.74248,27.9784,120.74066,10,100,0
1635,1718,21.56984181,57.88088112,27.999841,120.721011,28.001831,120.717278,7,294,0
1753,2366,11.12617475,-7.458205862,27.96526,120.65283,27.97973,120.67677,5,12,0
1855,2209,8.016378462,14.86611872,27.98606,120.67631,27.96734,120.67106,-1,17,0
41,909,12.88821995,-28.78645588,27.95746,120.61208,27.95992,120.64877,-1,0,0
476,2005,37.3250103,-29.28527086,27.92198,120.70229,27.92325,120.6878,3,31,0
1351,2542,-23.90944417,-16.72109696,28.04387,120.63355,28.01903,120.61189,-1,70,0
405,1761,-3.394340103,37.83726435,27.989232,120.680662,27.99851,120.67952,4,22,0
534,599,19.74183938,-7.704065516,27.93767,120.66978,27.97321,120.72684,-1,3,0
120,2509,-23.28513436,-23.16067867,28.0183,120.607999,28.02225,120.60442,3,236,0
218,2021,29.82924771,-28.32427948,27.92452,120.69166,27.92043,120.68424,3,14,0
2725,2906,-36.75145058,-52.46001612,28.08578,120.59077,28.08007,120.56796,9,125,0
568,2616,11.45896053,62.915475,28.017992,120.701917,28.018222,120.70197,7,155,0
846,2516,35.31180412,15.31489665,28.00453,120.74869,27.97841,120.73883,-1,10,0
460,608,11.08763329,27.60097052,27.996057,120.710262,27.99367,120.69233,-1,13,0
920,2668,18.38835091,-39.11107707,27.94553,120.6091,27.94903,120.59549,10,1212,0
341,2131,5.033738336,-15.84222092,27.98975,120.64468,27.97509,120.65593,-1,222,0
501,2756,2.927615011,34.6034417,28.004176,120.686025,27.98645,120.68772,4,0,0
633,1308,17.16972087,21.33417931,27.98491,120.70392,27.98404,120.68203,4,39,0
2431,2778,-15.1386262,-6.044216682,28.0053,120.633,27.99859,120.64039,3,208,0
698,1981,-44.98752803,-44.46190136,28.07126,120.60869,28.04382,120.61146,-1,171,0
952,1956,41.52173586,4.783226024,27.97169,120.76145,27.96946,120.72066,10,3,0
402,2415,-27.24137944,26.12102259,28.01188,120.66205,28.02,120.655,3,18,0
306,675,33.11900813,-37.87587218,27.93177,120.67802,27.91318,120.6689,-1,167,0
1393,2458,30.86963494,-51.23044149,27.88797,120.67287,27.85734,120.67149,3,201,0
435,1360,5.749757735,50.96747114,28.00035,120.69777,27.993854,120.698744,-1,61,0
1398,2594,-35.68458285,-26.43606021,28.02438,120.60303,28.08581,120.59066,-1,2,0
15,2788,-2.024283898,-17.34515011,27.97664,120.63227,27.96243,120.65546,-1,23,0
1428,2733,-48.43157562,-2.117299607,28.02259,120.62662,28.019524,120.631948,-1,188,0
343,604,-53.30989059,-29.0450312,28.03943,120.62365,28.015777,120.594444,-1,15,0
77,2778,-14.35621514,-1.753018803,28.00743,120.64853,27.99859,120.64039,3,127,0
935,2176,14.74738416,15.19409439,27.97987,120.68111,27.95843,120.65338,-1,41,0
1053,2842,17.46894051,23.82425956,27.99068,120.7167,27.98853,120.69743,-1,13,0
273,1167,-60.5934102,-1.134865137,28.02613,120.64691,28.03274,120.64129,7,224,0
2262,2797,1.689321386,-22.29723259,27.987407,120.628236,27.987898,120.629043,8,42,0
1698,2075,26.53408981,-18.32114383,27.95861,120.665556,27.94054,120.69195,5,13,0
794,2150,14.0010158,-51.15454992,27.96834,120.57402,27.99711,120.58895,-1,496,0
437,728,2.914716888,5.909671511,27.98847,120.666286,27.98895,120.65771,4,221,0
1103,1895,6.788545,-26.13125976,27.97694,120.62826,27.96905,120.70307,-1,3,0
270,1317,-11.35582599,30.95100653,28.01764,120.68649,27.995577,120.71498,7,23,0
1942,2071,42.5218106,26.02560987,27.97292,120.74185,27.97079,120.74276,10,430,0
1749,2076,7.985096207,-55.924509,27.97581,120.57281,27.99335,120.57729,8,140,0
1587,2448,-12.30410506,-3.569530111,28.00917,120.64028,28.006623,120.64479,3,6,0
688,1178,-7.750722229,25.11254532,28.008405,120.68283,27.99689,120.69531,4,21,0
1536,2341,8.620424558,22.12403413,27.985,120.67851,27.98923,120.68066,4,0,0
1515,2767,-36.74082973,32.16791882,28.01034,120.65781,28.00293,120.64916,3,27,0
1605,2012,-50.65801975,7.049946402,28.01353,120.6398,28.02392,120.644412,3,1013,0
176,1169,-19.03465949,-25.2623198,28.02521,120.6105,28.01606,120.6036,3,58,0
440,2129,-10.33321488,3.467139093,28.00029,120.64716,27.98951,120.64774,-1,10,0
1134,1481,8.660986408,-24.05999379,27.99644,120.63354,27.96111,120.6227,8,8,0
1053,2959,23.97013289,42.77405849,27.99068,120.7167,27.996193,120.708797,7,183,0
37,1871,9.591942529,-3.446437099,27.97486,120.66789,27.96874,120.65488,5,5,0
312,1994,2.726092198,12.54219656,27.97483,120.67456,27.992378,120.669665,-1,11,0
2556,2780,17.71014337,42.05598135,28.00322,120.7122,28.00116,120.7232,7,0,0
2009,2899,-41.50611707,6.916700555,28.04976,120.647462,28.02802,120.65472,7,10,0
464,1980,18.63876525,-9.854876772,27.9659,120.64111,27.9546,120.667,-1,6,0
1283,2540,1.11756831,46.53343536,27.992019,120.689101,27.991878,120.694119,4,91,0
819,2496,67.94983178,-4.438737811,27.91736,120.79806,27.94412,120.76969,-1,221,0
2542,2576,-21.92242929,-33.38911743,28.01903,120.61189,28.02963,120.5999,3,28,0
2142,2342,26.26437916,39.77151846,27.98684,120.71242,27.96902,120.74658,-1,13,0
1503,2168,-19.15500091,-33.52862883,28.0363,120.5857,28.02265,120.60445,-1,0,0
306,755,29.98355524,-16.13815866,27.93177,120.67802,27.928,120.698,-1,16,0
117,2156,-25.99978609,-38.41845567,28.026108,120.592702,28.02454,120.591434,3,127,0
213,841,-47.78059755,5.78116689,28.01009,120.63564,28.0171,120.63698,3,944,0
57,389,-20.12633286,-13.71731652,28.00954,120.61511,28.01058,120.62116,4,2998,0
1672,2236,-8.20392336,47.65766187,27.996661,120.677358,27.9946,120.674,4,125,0
845,2085,-29.81448378,-55.72103982,28.06506,120.57549,28.04973,120.58807,9,133,0
409,628,57.33119415,-5.063837165,27.95855,120.75661,27.92742,120.82878,-1,149,0
93,1895,16.72200822,-5.57549832,27.95117,120.66753,27.96905,120.70307,-1,11,0
160,2342,37.96294399,22.42695428,27.97864,120.71467,27.96902,120.74658,10,16,0
61,402,-25.80871445,26.93446251,28.00969,120.67408,28.01188,120.66205,3,78,0
565,1521,-15.84016707,47.24098566,28.00841,120.66454,28.00551,120.66263,3,876,0
136,2617,-26.94032139,11.29526073,28.01434,120.65091,28.02136,120.65561,3,25,0
663,2217,6.472362652,-1.019749972,27.97693,120.66377,27.97587,120.67071,5,50,0
1895,2405,26.48613831,-0.369325171,27.96905,120.70307,27.96984,120.68551,-1,1031,0
489,1638,1.026706094,17.77262007,27.99167,120.67799,27.99258,120.67111,4,99,0
1306,2772,0.050319548,-2.583708195,27.99383,120.62833,27.979611,120.629271,8,67,0
37,545,7.361214056,0.522005042,27.97486,120.66789,27.96676,120.65937,5,22,0
427,1750,-15.1453284,48.83275063,28.005808,120.669146,28.00536,120.66821,3,218,0
1684,1816,-3.303459464,-45.83732423,27.98796,120.61592,27.9845,120.611,8,15,0
1691,2897,-11.49004726,30.59035565,28.01519,120.66268,28.01385,120.66008,3,11,0
644,1548,-41.17214234,37.4027321,28.01278,120.65944,28.01442,120.66161,3,525,0
370,623,26.39210886,-22.78704309,27.95455,120.65292,27.94373,120.68649,5,37,0
677,2116,-34.20187824,-22.29106627,28.040628,120.619569,28.04925,120.60197,7,84,0
112,234,-23.38489043,-19.04915437,28.01472,120.61007,28.01828,120.62547,-1,40,0
124,1274,2.876657761,-25.25720778,27.99261,120.62341,27.988034,120.621545,8,86,0
1435,2729,-58.55462547,-15.46323853,28.046174,120.636789,28.05359,120.63947,7,812,0
513,1903,33.77236493,-34.89005468,27.921152,120.682999,27.92249,120.67905,3,27,0
98,1432,-13.43349186,-12.20124652,27.996306,120.644374,28.00892,120.62295,-1,15,0
621,1446,6.20027537,-46.4394285,27.98848,120.61075,27.98015,120.60519,8,9486,0
1286,2939,-38.18177764,27.79382025,28.01117,120.65006,28.011397,120.653141,3,679,0
2693,2858,18.68868408,32.32260477,27.989197,120.703236,27.995808,120.698644,7,25,0
292,2954,-42.64831874,8.460342036,28.02857,120.65898,28.05735,120.66573,7,0,0
1082,1089,-30.24972381,7.786004987,28.016688,120.655528,28.02804,120.57818,-1,16,0
831,1935,9.463383573,3.805556752,27.9762,120.668,27.97505,120.67499,5,538,0
178,202,-38.65486394,29.84176313,28.01444,120.65108,28.0087,120.65515,3,722,0
694,780,-9.558666225,32.24881434,28.015,120.686,28.01006,120.68043,-1,57,0
1022,2881,20.64944369,39.7493647,27.99539,120.7173,28.00606,120.714808,7,29,0
130,2734,38.62401989,-47.56327848,27.90369,120.65562,27.90428,120.63587,3,2788,0
609,874,-37.06298226,-13.7725065,28.02096,120.62016,28.04411,120.64767,-1,34,0
1879,2003,0.49155003,30.64275688,27.999526,120.680665,28.00191,120.67862,4,11,0
1506,2510,-17.47188275,26.05138344,28.02799,120.66168,28.02204,120.66593,-1,74,0
195,2746,-37.37728157,-20.17995923,28.041109,120.62863,28.03863,120.61579,7,17,0
869,2537,49.58256116,-0.065425817,27.94864,120.77547,27.92328,120.80462,-1,7,0
779,2515,-37.71136119,-42.96327064,28.03387,120.594038,28.06853,120.60201,9,13,0
326,422,19.9874571,43.24867169,28.0003,120.71557,28.00525,120.70299,7,30,0
27,566,14.7210135,43.70191952,28.00949,120.71444,28.0085,120.68531,-1,29,0
1595,2012,-56.47610651,-0.794846732,28.03104,120.63718,28.02392,120.644412,-1,63,0
2137,2486,-68.22815401,10.21535508,28.04852,120.65349,28.04854,120.66293,7,115,0
668,2049,-50.01557938,-5.783195654,28.0105,120.60976,28.01711,120.63167,-1,182,0
347,1895,31.18745851,5.58523865,27.98785,120.71681,27.96905,120.70307,-1,282,0
60,520,73.94661384,5.83848509,27.89629,120.80392,27.88953,120.79251,6,2409,0
744,2209,6.486004487,-5.986913239,27.96358,120.66496,27.96734,120.67106,5,6,0
2017,2756,20.62223799,8.014632061,27.97928,120.68909,27.98645,120.68772,4,76,0
1260,1581,62.7127793,3.969688597,27.91444,120.83278,27.90633,120.81918,6,51,0
1560,2197,-51.7650428,-30.17567731,28.034241,120.588717,28.04449,120.62163,-1,16,0
1105,1319,-36.96130571,26.03242649,28.00791,120.64843,28.01152,120.65068,3,144,0
949,2292,-20.57644027,-58.05714467,28.042263,120.582178,28.04572,120.58643,9,9211,0
1127,2559,-23.26599052,-6.216873521,28.01,120.62972,28.01104,120.64986,-1,38,0
1709,2305,44.39372628,14.07606027,27.97034,120.76311,27.98543,120.73922,10,56,0
405,1879,-0.542958404,34.2853585,27.989232,120.680662,27.999526,120.680665,4,4,0
697,1706,44.33512187,-29.72007934,27.92414,120.70279,27.9208,120.70586,3,21347,0
955,2729,-52.27651291,-14.44579871,28.04133,120.65311,28.05359,120.63947,7,130,0
644,1244,-12.54127995,17.3091188,28.01278,120.65944,28.00503,120.67134,3,0,0
1104,1322,-3.598078995,32.83091561,27.99923,120.67458,28.00798,120.69032,-1,0,0
691,2725,-42.94084321,-50.01254042,28.05782,120.58736,28.08578,120.59077,9,624,0
1020,2881,16.46063018,39.06810802,28.00029,120.70357,28.00606,120.714808,7,89,0
1713,2733,-46.60368604,-3.664910171,28.01567,120.62619,28.019524,120.631948,-1,86,0
982,2057,67.43648598,20.50664475,27.87452,120.79789,27.86515,120.79611,6,186,0
599,1895,29.34779637,-2.163984591,27.97321,120.72684,27.96905,120.70307,10,5559,0
2149,2190,16.38586853,18.78182065,27.98472,120.69611,27.98235,120.67423,-1,641,0
1839,2451,16.36467054,44.93585159,27.97706,120.75192,28.01596,120.72171,-1,18,0
773,1799,-5.174998564,43.42678218,27.989406,120.673557,27.99461,120.68409,4,571,0
347,2342,44.94284876,20.57141245,27.98785,120.71681,27.96902,120.74658,-1,37,0
644,2939,-39.90638886,30.60762274,28.01278,120.65944,28.011397,120.653141,3,426,0
334,2420,0.258323434,-25.44008863,27.984462,120.62474,27.98362,120.61785,8,83,0
19,2677,-0.692160657,15.58915473,27.98443,120.66958,27.99272,120.66996,4,20,0
739,1868,29.87470527,16.56308778,28.0287,120.8004,28.019447,120.796853,2,422,0
243,1837,-4.792179492,-5.68118376,28.000291,120.647161,27.98603,120.63754,-1,14,0
281,369,48.5701171,0.169718847,27.94397,120.77876,27.9277,120.83323,-1,0,0
1845,2361,36.62592337,14.81345918,27.99406,120.72557,28.03623,120.76776,-1,0,0
202,849,-19.32405095,8.304253713,28.0087,120.65515,28.01215,120.65165,3,25,0
1602,2005,33.58194997,-31.28349138,27.91457,120.70609,27.92325,120.6878,3,18,0
761,2890,-51.2729244,5.938164249,28.02569,120.64175,28.02424,120.6348,-1,2084,0
720,1839,47.04775238,31.3258221,27.97976,120.74186,27.97706,120.75192,10,946,0
845,1592,-29.02369796,-55.21795609,28.06506,120.57549,28.04448,120.57033,9,146,0
1178,2626,9.144069551,32.89085634,27.99689,120.69531,28.00254,120.695427,-1,70,0
313,2219,34.21036551,-43.9605943,27.900456,120.63408,27.88424,120.6382,3,54,0
331,2528,-25.40684918,-6.469445206,28.03958,120.62042,28.023744,120.653645,7,15,0
19,1843,13.42299961,16.48762474,27.98443,120.66958,27.983923,120.680378,4,38,0
605,815,-8.369166707,-46.46055951,28.0258,120.57913,28.022225,120.579329,9,29957,0
1115,1713,-47.29105609,-8.972602504,28.01941,120.61672,28.01567,120.62619,-1,161,0
1365,2300,17.43799501,43.24895545,27.982061,120.727042,27.99832,120.72424,7,36,0
2061,2755,5.553667679,25.66761227,27.98839,120.68338,27.99953,120.68067,4,4,0
919,2792,-27.89831607,39.76434203,28.01517,120.66789,28.02302,120.66759,3,101,0
1834,1849,68.65692268,10.07356176,27.87957,120.7999,27.89831,120.81286,6,2,0
143,2632,-65.33601245,12.46724388,28.04546,120.65895,28.0072,120.71529,7,19,0
1671,2778,-12.73650963,-6.253704136,28.00231,120.63401,27.99859,120.64039,3,62,0
680,2691,53.43651837,-5.572733794,27.95109,120.83505,27.93204,120.83665,6,146,0
1217,1510,-36.97236402,-1.795631115,28.02385,120.64132,28.023269,120.632426,-1,102,0
1460,2373,-4.549799055,4.531602528,27.985304,120.632788,27.99672,120.65264,-1,20,0
54,1802,-26.05579774,-10.57987695,28.018598,120.620672,28.0172,120.61454,-1,3,0
2169,2519,5.075244922,54.90683631,28.002851,120.698951,27.99715,120.70087,7,15,0
440,1416,-22.09465682,6.46725335,28.00029,120.64716,28.01137,120.64581,3,5,0
1295,2058,34.40645818,-51.68940529,27.87791,120.67133,27.87238,120.65735,3,3146,0
79,534,27.15169009,-27.07581398,27.921889,120.696181,27.93767,120.66978,-1,0,0
690,2321,4.186297815,34.64067521,28.0021,120.68989,28.00217,120.69033,4,23,0
486,2241,33.60291558,32.08043602,27.97508,120.74612,27.98751,120.72346,-1,94,0
799,1763,54.67541066,-0.049920261,27.93368,120.81563,27.92159,120.82161,6,72,0
318,2021,30.71026081,-33.41673331,27.97271,120.64743,27.92043,120.68424,-1,0,0
124,2059,-3.415974374,-27.62120614,27.99261,120.62341,27.987233,120.614505,8,154,0
329,657,3.253274107,-5.290512353,27.86838,120.6556,27.878795,120.706921,3,10,0
331,2614,-47.65473293,-4.779319832,28.03958,120.62042,28.01688,120.6293,-1,25,0
362,2844,-22.71746925,-21.90189087,28.01738,120.60605,28.0199,120.60572,3,51,0
1706,2159,29.15048749,-23.43082911,27.9208,120.70586,27.9283,120.69546,3,7,0
2237,2405,27.58153652,-24.56971707,27.92797,120.69797,27.96984,120.68551,-1,16,0
2092,2658,-29.60714446,-5.690247594,28.0195,120.63455,28.023438,120.62652,-1,85,0
197,2277,-7.813143889,38.46878937,27.99572,120.67266,27.99474,120.67188,4,4,0
818,2264,18.36351298,-16.56496077,27.94749,120.64401,27.95241,120.64911,5,2258,0
666,2860,-46.59041602,-45.58608693,28.07352,120.58467,28.0702,120.62208,9,51,0
80,1152,-19.49041298,3.47458544,28.01143,120.62756,28.013647,120.656985,-1,0,0
936,1510,-54.35794065,-5.490494582,28.02145,120.63334,28.023269,120.632426,-1,3027,0
1150,1708,-13.22395448,-30.17665281,28.00906,120.58854,28.02381,120.59717,3,103,0
799,1129,55.59111317,2.740821759,27.93368,120.81563,27.91593,120.8267,6,30,0
775,2335,34.32435082,-45.70604144,27.9189,120.64478,27.86624,120.66547,3,16,0
2379,2407,-49.88624156,-16.4648858,28.04982,120.6511,28.06561,120.63194,7,23,0
1313,2652,62.25155661,18.64025486,27.86156,120.7809,27.85522,120.781396,6,53,0
812,1646,-35.86115019,3.440938181,28.01375,120.6551,28.03083,120.63755,-1,0,0
1099,1129,51.42584403,3.231402814,27.92578,120.79581,27.91593,120.8267,6,9,0
435,1290,0.703104067,58.15246375,28.00035,120.69777,28.003203,120.691994,7,139,0
2130,2560,66.30563132,20.9032477,27.85823,120.80871,27.86448,120.80129,6,209,0
1782,2693,26.97822213,45.63813379,27.997236,120.700653,27.989197,120.703236,7,310,0
388,2476,20.6543047,49.61790242,28.002723,120.710296,27.99996,120.71136,7,12,0
1337,2668,19.88001032,-43.93198073,27.9422,120.581,27.94903,120.59549,10,122,0
1102,2462,18.64291322,-16.3644229,27.95246,120.64545,27.93855,120.64822,5,3728,0
79,2123,39.69646154,-31.33987517,27.921889,120.696181,27.92383,120.67387,3,11,0
578,2298,30.93198335,-36.31607151,27.91219,120.68358,27.92952,120.68107,-1,11,0
157,1026,12.36939203,12.15549259,27.980814,120.677226,27.981479,120.677436,-1,36,0
919,1873,-20.98863485,23.08565459,28.01517,120.66789,28.01486,120.66325,3,62,0
387,1400,-12.80381813,-36.36751597,28.0246,120.58292,28.01833,120.60806,-1,60,0
779,1899,-33.50425206,-44.08758346,28.03387,120.594038,28.06248,120.60338,9,7,0
633,2693,28.53567217,46.21961559,27.98491,120.70392,27.989197,120.703236,-1,655,0
537,1602,32.60847527,-25.76375994,27.91572,120.69582,27.91457,120.70609,3,28,0
935,1680,12.78787556,10.26155387,27.97987,120.68111,27.96413,120.67139,-1,3,0
648,1061,33.01835844,-23.83332442,27.92779,120.69413,27.92415,120.70545,3,4,0
394,1913,-17.07202067,-33.38986725,28.029211,120.593311,28.02588,120.60418,3,12,0
335,823,22.29645789,-14.41130193,27.93483,120.66784,27.9511,120.66043,5,757,0
82,2236,0.160546185,23.47330908,27.99276,120.68048,27.9946,120.674,4,45,0
382,2617,-47.86541337,31.57913863,28.01967,120.6623,28.02136,120.65561,3,263,0
405,2908,10.23707682,16.13344583,27.989232,120.680662,27.98585,120.6777,4,102,0
475,515,6.32979045,-40.66603467,27.98226,120.62389,27.96781,120.62801,8,219,0
859,1110,29.27546627,-5.936270144,27.95386,120.68203,27.946867,120.69923,5,4388,0
415,2200,-34.08936468,8.412603425,28.01975,120.65219,28.03746,120.65611,-1,0,0
259,2914,-43.54009537,-0.843833058,28.05022,120.66531,28.01922,120.64427,-1,4,0
176,2576,-32.44285628,-30.83108018,28.02521,120.6105,28.02963,120.5999,3,14,0
925,1081,-15.2854973,44.83646763,28.00554,120.66603,27.997963,120.659738,3,133,0
1316,1391,28.87122806,3.847963333,27.97332,120.71019,27.95467,120.69939,10,15,0
422,833,6.747323625,54.44538898,28.00525,120.70299,28.00262,120.7004,7,170,0
384,2379,-15.43424446,-12.69745074,28.01405,120.63301,28.04982,120.6511,-1,0,0
687,1771,9.76905681,32.82142861,28.006318,120.696659,27.99855,120.69275,-1,2,0
372,608,-3.106343515,49.39735771,27.99629,120.68028,27.99367,120.69233,4,19,0
1312,1830,-13.45117452,-48.89077574,28.023857,120.581022,28.0362,120.58118,9,0,0
25,1860,17.52647433,7.124500936,27.976204,120.667973,27.97729,120.68651,-1,19,0
1767,2053,8.3429283,-8.39370836,27.97914,120.65482,28.01003,120.63016,-1,5,0
270,2512,-3.066469146,31.50651347,28.01764,120.68649,27.99935,120.67604,-1,10,0
2080,2597,-9.683272592,43.1418352,27.994449,120.671107,27.993358,120.671015,4,442,0
2183,2649,65.57289477,10.90813692,27.89444,120.81353,27.88565,120.80804,6,126,0
865,2666,-35.89331427,-29.65480112,28.0464,120.604,28.04116,120.62863,7,3,0
2379,2741,-48.2521872,-16.42156464,28.04982,120.6511,28.047585,120.646853,7,73,0
1503,1661,-29.29556805,-54.27791578,28.0363,120.5857,28.060416,120.573888,9,86,0
2,569,-16.76183239,-5.689753179,28.00506,120.63866,28.006636,120.635923,3,299,0
468,1428,-34.45035695,-8.37992673,28.02464,120.59155,28.02259,120.62662,-1,20,0
172,2379,-53.95403887,-28.51031487,28.0428,120.62069,28.04982,120.6511,7,21,0
19,2353,14.05944469,13.040184,27.98443,120.66958,27.973777,120.682079,-1,65,0
1506,2622,-58.80059771,12.85553567,28.02799,120.66168,28.0547,120.64565,7,34,0
1162,1958,-25.51162996,23.63358809,28.01597,120.66415,28.01842,120.65967,3,53,0
2047,2380,32.40647443,-52.6619952,27.8738,120.67228,27.87032,120.66347,3,2318,0
986,2857,-37.83397533,-53.82658028,28.077531,120.587363,28.09805,120.59534,9,148,0
1083,1679,26.4206985,45.99489222,27.99432,120.7066,27.99338,120.70875,7,327,0
4,287,-3.441028877,-20.91495827,27.98663,120.61963,27.986822,120.630326,8,468,0
951,2046,64.03457041,11.54891716,27.90882,120.83189,27.88702,120.81085,6,20,0
1496,1982,19.94443705,26.93455882,27.97767,120.70127,27.98851,120.70899,-1,23,0
1506,2729,-58.0733153,6.063818988,28.02799,120.66168,28.05359,120.63947,7,31,0
408,2053,-36.37600446,-6.040198222,28.05042,120.6339,28.01003,120.63016,-1,2,0
792,1830,-13.63444902,-53.13996307,28.040732,120.576351,28.0362,120.58118,9,93,0
217,1981,-44.48361,-32.08140097,28.01578,120.59444,28.04382,120.61146,-1,4,0
98,2180,7.651978894,-7.963651839,27.996306,120.644374,27.98333,120.65125,-1,0,0
1306,2319,6.731309363,-33.48179681,27.99383,120.62833,27.97631,120.60491,8,36,0
273,1788,-44.47975219,13.66023526,28.02613,120.64691,28.02779,120.65438,7,15,0
972,1767,18.44373859,-7.057112975,27.94366,120.68317,27.97914,120.65482,5,0,0
952,2408,47.39556991,16.32461077,27.97169,120.76145,27.97638,120.75557,10,1706,0
1103,1481,6.900974674,-41.89595493,27.97694,120.62826,27.96111,120.6227,8,537,0
906,954,-23.34389235,38.35204368,28.01211,120.69386,28.018214,120.672196,-1,64,0
1440,2072,70.31040883,-7.461511986,27.92653,120.78661,27.93734,120.77936,-1,364,0
2463,2920,-1.579256138,-0.646105327,27.86522,120.59837,27.85731,120.58608,0,153,0
1850,2128,64.36019409,12.36646398,27.86362,120.81173,27.8883,120.80901,6,27,0
2075,2357,33.41766597,-8.859097572,27.94054,120.69195,27.92044,120.6689,-1,110,0
2190,2214,12.11670741,12.52277697,27.98235,120.67423,27.9598,120.68203,5,69,0
194,2385,-1.903786826,22.3003677,28.0005,120.67726,27.998,120.672205,4,140,0
606,1416,-37.41925306,24.65417931,28.004829,120.6409,28.01137,120.64581,3,251,0
2656,2816,-36.29552819,6.82691155,28.024797,120.649708,28.04411,120.63996,7,6,0
27,2124,34.28450615,16.62345208,28.00949,120.71444,28.0048,120.764,-1,5,0
1122,2422,56.36917277,-3.762103256,27.9304,120.80754,27.93079,120.82979,6,0,0
1386,2248,22.68429015,9.203456794,27.98557,120.68544,27.97512,120.69186,-1,2125,0
960,2559,-22.42393235,6.439988852,28.021679,120.650433,28.01104,120.64986,3,0,0
237,1400,-12.61561903,-37.81875573,28.023421,120.592786,28.01833,120.60806,3,75,0
349,1037,42.46011195,-23.36495881,27.92317,120.70288,27.9231,120.70471,3,384,0
109,1654,-29.64200169,-33.0451991,28.03316,120.59087,28.02792,120.60131,-1,135,0
318,2227,8.113648148,-13.50884736,27.97271,120.64743,27.98375,120.66578,-1,340,0
544,1899,-33.91575024,-42.3928544,28.05007,120.58709,28.06248,120.60338,9,61,0
427,2385,-9.931544641,46.6460167,28.005808,120.669146,27.998,120.672205,-1,164,0
1644,2342,37.42507948,25.16602073,27.97549,120.72917,27.96902,120.74658,10,3,0
1107,2946,65.24457461,-9.81990299,27.917248,120.816344,27.91587,120.81258,6,1027,0
454,2214,4.750738323,1.958280498,27.98,120.66708,27.9598,120.68203,5,52,0
2816,2954,-57.050763,9.285385344,28.04411,120.63996,28.05735,120.66573,7,12,0
1834,2649,65.0577363,13.89502704,27.87957,120.7999,27.88565,120.80804,6,68,0
340,2239,-4.399528016,53.78721474,27.99961,120.68514,28.00222,120.68192,4,284,0
571,2263,-33.51728052,33.61271515,28.00238,120.65872,28.00726,120.65848,3,48,0
1586,1761,-0.227297479,24.34413934,27.993909,120.679255,27.99851,120.67952,4,3,0
2227,2756,5.962788272,11.64063706,27.98375,120.66578,27.98645,120.68772,4,15,0
15,2185,7.336175034,-36.84641672,27.97664,120.63227,27.97251,120.60263,8,5,0
1646,2200,-60.76549965,-1.258477794,28.03083,120.63755,28.03746,120.65611,7,137,0
2427,2512,-1.038231773,28.0401785,28.0086,120.6772,27.99935,120.67604,4,111,0
440,816,-13.36393784,0.490367448,28.00029,120.64716,28.000546,120.645436,3,163,0
911,943,26.36217746,26.50715958,27.96141,120.73461,27.98369,120.71502,-1,10,0
1497,2156,-21.43538887,-37.3868042,28.042251,120.587483,28.02454,120.591434,-1,0,0
457,1742,8.162266688,62.17545844,28.01851,120.70462,28.010383,120.6909,7,4,0
1342,2787,-12.56925887,50.38260219,28.00491,120.67627,28.00461,120.6752,4,2747,0
1815,2871,29.48535627,-27.41234329,27.92444,120.68972,27.92341,120.69408,3,49,0
1876,2445,2.613920877,-36.20846801,27.954186,120.587915,27.992515,120.595201,-1,12,0
1257,1841,3.230337101,-33.81103824,27.97868,120.57877,27.980151,120.605199,8,33,0
574,2357,33.91973474,-11.66367862,27.93368,120.71241,27.92044,120.6689,3,62,0
1230,1443,-38.08343639,7.314383442,28.02816,120.65689,28.02212,120.67074,-1,4,0
131,2253,-36.92073858,-63.90399602,28.09088,120.555876,28.0915,120.55189,9,2669,0
1990,2258,-16.92947208,20.440446,28.02045,120.65999,28.01658,120.65764,3,18,0
763,2822,43.86757436,32.83853707,27.97775,120.74248,27.97743,120.73394,10,156,0
961,1661,-29.93121245,-58.49245779,28.06451,120.58223,28.060416,120.573888,9,8474,0
1699,2428,13.43287734,6.636951199,27.97659,120.67899,27.98819,120.6531,5,65,0
975,2120,-10.9035316,7.516572064,28.00397,120.67029,28.00312,120.65388,3,34,0
946,995,16.89583799,-31.72769897,27.94117,120.60038,27.941,120.574,10,15,0
763,1911,31.34564878,27.65893979,27.97775,120.74248,27.97773,120.72673,10,32,0
227,1098,-58.72480079,-20.92814536,28.05333,120.63083,28.0475,120.62333,7,3394,0
312,2405,24.68622629,-4.262245617,27.97483,120.67456,27.96984,120.68551,5,354,0
1161,2490,34.50222907,-46.21884213,27.90218,120.626462,27.88534,120.6674,3,77,0
205,935,9.388115962,21.49160985,27.9885,120.68917,27.97987,120.68111,4,48,0
1646,2816,-59.81604655,-2.130791611,28.03083,120.63755,28.04411,120.63996,7,506,0
1848,2564,20.11679091,-5.815299206,27.96164,120.66747,27.96169,120.70433,-1,7,0
1012,2086,-16.44223699,-49.89951157,28.04376,120.56894,28.03771,120.57585,9,12,0
617,1276,-10.64583751,-29.35953636,28.013371,120.594287,28.00066,120.58221,-1,0,0
273,2879,-62.0080667,2.365747189,28.02613,120.64691,28.040077,120.644167,7,187,0
669,1416,-21.98855687,2.488643869,28.01255,120.63174,28.01137,120.64581,-1,27,0
19,2842,17.01623779,23.22097108,27.98443,120.66958,27.98853,120.69743,4,22,0
408,865,-38.01678366,-29.02156819,28.05042,120.6339,28.0464,120.604,7,28,0
189,2848,21.59125285,8.672681117,27.98396,120.69007,27.965369,120.686131,-1,153,0
1102,1191,17.40467849,-16.25957732,27.95246,120.64545,27.95227,120.64535,5,14344,0
1771,2540,3.096794069,47.15115674,27.99855,120.69275,27.991878,120.694119,4,8,0
1643,2096,5.776429824,-44.44023014,27.98054,120.61279,27.97745,120.61375,8,5080,0
2279,2959,24.67893815,43.32504925,27.98388,120.70501,27.996193,120.708797,-1,134,0
94,566,2.279777007,31.53358785,28.00246,120.68241,28.0085,120.68531,4,6,0
413,1528,-24.1995674,5.4425386,28.00904,120.647586,28.01484,120.64575,3,0,0
961,1338,-42.31259986,-30.84684309,28.06451,120.58223,28.056963,120.625239,-1,0,0
89,906,-26.209175,22.23224551,28.0164,120.65703,28.01211,120.69386,-1,7,0
467,906,4.025550415,62.01560391,28.012398,120.68848,28.01211,120.69386,7,8592,0
1624,2182,11.10000314,-42.39578446,27.971715,120.608414,27.96515,120.61124,8,365,0
48,1117,-18.54953816,37.16464998,28.01947,120.67661,28.02055,120.68861,-1,0,0
1581,2865,66.0880196,4.079451879,27.90633,120.81918,27.90471,120.82127,6,5141,0
1036,2272,32.40295758,-25.35174528,27.92406,120.70335,27.91974,120.69145,3,12,0
1440,2757,52.47846067,-9.106534454,27.92653,120.78661,27.95417,120.82421,6,57,0
403,2142,31.43643438,43.69234488,27.98093,120.71034,27.98684,120.71242,7,3367,0
372,2190,8.123137063,13.21025237,27.99629,120.68028,27.98235,120.67423,-1,15,0
60,1888,63.9633354,8.456887589,27.89629,120.80392,27.89882,120.82105,6,62,0
1347,2263,-36.6284354,31.15962841,28.01058,120.65406,28.00726,120.65848,3,418,0
384,1127,-21.56972582,-5.854366066,28.01405,120.63301,28.01,120.62972,4,174,0
1005,2544,-36.34837643,25.78089842,28.00628,120.65332,28.01046,120.64997,3,110,0
47,895,10.00269446,69.09078962,27.97433,120.75967,28.03688,120.73858,-1,162,0
1037,1600,3.283609963,-6.016594051,27.9231,120.70471,27.92162,120.70502,3,15,0
608,1799,0.364207992,50.08553867,27.99367,120.69233,27.99461,120.68409,4,2427,0
1457,1552,19.8193851,42.7774274,27.99566,120.715,28.00524,120.72204,7,3,0
2592,2835,68.38859107,-9.84630885,27.93254,120.82423,27.94411,120.78597,-1,25,0
2005,2237,37.09582033,-11.82103991,27.92325,120.6878,27.92797,120.69797,3,701,0
54,1626,-14.27268658,-25.27323232,28.018598,120.620672,28.01389,120.60169,-1,47,0
1472,1782,12.37226978,28.62147937,27.99188,120.69412,27.997236,120.700653,-1,14,0
2662,2756,26.19213333,45.01080405,27.9944,120.7017,27.98645,120.68772,4,60,0
857,869,70.01566874,-7.610822292,27.93632,120.80777,27.94864,120.77547,-1,113,0
35,772,-31.32612149,-54.24128763,28.06905,120.57281,28.05187,120.61117,-1,3,0
1549,2548,27.53193452,41.9518889,27.98966,120.70619,27.98874,120.70314,7,62,0
673,845,-34.74854799,-45.01091677,28.05464,120.60495,28.06506,120.57549,-1,0,0
2,1731,-13.66149872,-2.544010575,28.00506,120.63866,28.00652,120.64463,3,195,0
111,2788,16.48370922,-16.85135421,27.95612,120.65155,27.96243,120.65546,5,3905,0
411,2841,25.47917141,51.18990971,27.99841,120.70809,28.000286,120.70749,7,146,0
603,1603,17.57847426,-37.56223637,27.97164,120.62661,27.94403,120.59556,-1,79,0
1317,1522,24.74749344,36.01315525,27.995577,120.71498,27.987423,120.723357,7,25,0
672,1944,13.4761026,-50.79766551,27.96719,120.59359,27.97112,120.57378,8,284,0
415,2745,-33.13503105,3.492237927,28.01975,120.65219,28.02921,120.62987,-1,4,0
1305,2303,68.16456115,-4.810733175,27.92668,120.81126,27.90821,120.80227,6,96,0
84,1589,8.362801066,68.56211066,28.01988,120.68913,28.02956,120.75507,7,70,0
966,2128,62.82881723,6.847487296,27.918388,120.823666,27.8883,120.80901,6,10,0
2061,2481,9.032093428,18.70165483,27.98839,120.68338,27.97265,120.66766,-1,37,0
631,1212,8.732168821,-57.65658927,27.98274,120.56357,27.99789,120.56689,8,824,0
708,2357,32.75633019,-11.46145888,27.9343,120.7072,27.92044,120.6689,3,38,0
709,1483,21.84128702,29.30674549,27.97153,120.73361,27.9897,120.71206,-1,15,0
1432,1804,-16.81926469,-16.50352443,28.00892,120.62295,28.00502,120.61628,4,427,0
668,2372,-14.00628684,-22.2588084,28.0105,120.60976,28.023805,120.597166,3,34,0
1922,2336,70.00341147,20.169314,27.85558,120.80096,27.87937,120.8036,6,71,0
2060,2519,6.808207323,52.09106196,28.00115,120.70351,27.99715,120.70087,7,19,0
464,2319,13.56621871,-25.65549567,27.9659,120.64111,27.97631,120.60491,8,45,0
228,2415,-30.92617372,6.946972403,28.024509,120.644121,28.02,120.655,3,26,0
950,1134,5.831032359,-26.91701442,27.98069,120.61263,27.99644,120.63354,8,15,0
1007,1935,14.06625929,1.535178929,27.96558,120.68672,27.97505,120.67499,5,151,0
844,1244,-14.94796931,52.13260676,28.00813,120.67287,28.00503,120.67134,3,811,0
140,308,-34.04026249,-54.55592645,28.076,120.58589,28.07118,120.58698,9,44,0
490,1698,-3.383959533,-11.28797354,28.00307,120.6298,27.95861,120.665556,-1,0,0
1098,2486,-45.92000219,-19.7596471,28.0475,120.62333,28.04854,120.66293,7,55,0
2361,2873,8.898174913,69.34369718,28.03623,120.76776,28.000323,120.727524,-1,9,0
1723,2169,-11.57317775,21.43940789,28.01437,120.67295,28.002851,120.698951,-1,0,0
828,2298,20.72947602,-6.422496348,27.96168,120.677789,27.92952,120.68107,5,30,0
143,1136,-66.15122442,11.60598875,28.04546,120.65895,28.04624,120.66456,7,367,0
178,1160,-29.47588686,16.87841555,28.01444,120.65108,28.01525,120.66252,3,2,0
598,2715,-3.156943218,11.84433458,27.993055,120.660277,27.99435,120.66326,4,38,0
2152,2318,-28.77290886,-3.973972725,28.02159,120.63532,28.0217,120.647,3,18,0
40,2058,28.5323721,-51.7340993,27.85902,120.65677,27.87238,120.65735,3,343,0
2080,2512,-8.855972497,47.60963526,27.994449,120.671107,27.99935,120.67604,4,192,0
390,1521,-14.21576928,11.92288733,28.00489,120.65665,28.00551,120.66263,3,24,0
1079,1591,18.85205285,51.94770975,28.00471,120.71764,28.00528,120.70899,7,219,0
89,2442,-22.41736998,21.4424591,28.0164,120.65703,28.01459,120.66235,3,62,0
1244,2751,-15.5917694,49.68898131,28.00503,120.67134,28.01002,120.66745,3,271,0
59,2303,69.93865065,3.24832222,27.90238,120.80278,27.90821,120.80227,6,12891,0
436,2620,-6.756951078,19.32435212,28.01004,120.66769,28.005401,120.667985,3,4,0
545,1194,18.05560112,-6.133395833,27.96676,120.65937,27.9573,120.67705,5,12,0
1005,2344,-4.679642388,-1.924147992,28.00628,120.65332,28.000843,120.64058,3,17,0
61,1879,-1.572211284,31.57949908,28.00969,120.67408,27.999526,120.680665,-1,29,0
1885,2023,11.03375064,-43.86103258,27.96887,120.61609,27.97172,120.61373,8,1993,0
291,2200,-41.97241414,8.529224889,28.023257,120.659016,28.03746,120.65611,-1,27,0
170,1454,40.54635253,-26.20870419,27.92087,120.70636,27.92271,120.7068,3,325,0
1454,2016,42.82461823,-24.66800701,27.92271,120.7068,27.92264,120.70453,3,659,0
556,2446,-5.321987322,9.847693899,27.99014,120.62903,27.98763,120.66308,-1,10,0
510,1900,-31.32388619,-55.04666956,28.04567,120.60077,28.06605,120.58485,9,19,0
1654,2575,-28.5369766,-33.92585326,28.02792,120.60131,28.02926,120.59028,-1,384,0
1167,1351,-37.93076373,-10.4992916,28.03274,120.64129,28.04387,120.63355,7,0,0
1015,2816,-37.90100064,-7.287842647,28.02245,120.61239,28.04411,120.63996,-1,11,0
79,2325,44.46113375,-32.09338125,27.921889,120.696181,27.91782,120.69607,3,1624,0
595,1057,-8.747624438,24.32340018,28.01681,120.67808,28.00859,120.67718,3,6,0
143,895,-64.96084841,12.48527208,28.04546,120.65895,28.03688,120.73858,7,26,0
819,2111,53.55715271,5.789982027,27.91736,120.79806,27.88503,120.79691,6,0,0
1596,2433,-41.27320973,10.7507378,28.027266,120.655901,28.02202,120.66394,-1,58,0
1290,2061,4.265599839,33.99779654,28.003203,120.691994,27.98839,120.68338,-1,0,0
1991,2229,-8.684635641,9.019931274,28.00104,120.67237,27.99852,120.65649,3,4,0
291,2656,-49.99657581,17.31083186,28.023257,120.659016,28.024797,120.649708,-1,348,0
1435,1807,-48.1613194,-19.70985122,28.046174,120.636789,28.040568,120.63282,7,133,0
87,1163,29.46866839,-27.96230799,27.92144,120.6877,27.92297,120.68904,3,10,0
972,2058,30.39119442,-42.59819014,27.94366,120.68317,27.87238,120.65735,-1,29,0
803,2912,-42.07434811,10.10627394,28.02715,120.65114,28.02671,120.65844,7,35,0
1082,1812,-31.40865485,14.9420252,28.016688,120.655528,28.01671,120.64947,3,31,0
1470,2428,4.393358485,2.439437952,27.97225,120.68006,27.98819,120.6531,5,13,0
1503,2640,-11.42668183,-41.77627626,28.0363,120.5857,28.02725,120.57841,9,24,0
341,983,-2.302684289,-17.95070926,27.98975,120.64468,27.97699,120.64991,-1,251,0
2120,2373,-32.66050877,35.39806093,28.00312,120.65388,27.99672,120.65264,3,1024,0
585,1360,3.114901636,49.84961973,28.00115,120.70215,27.993854,120.698744,-1,493,0
1860,2848,22.9286083,7.449516955,27.97729,120.68651,27.965369,120.686131,-1,1067,0
1322,1769,9.619651327,35.2811685,28.00798,120.69032,27.998722,120.707177,7,27,0
86,178,-41.31717287,24.68732641,28.01563,120.65181,28.01444,120.65108,3,6490,0
384,1054,-6.621304968,-6.264638722,28.01405,120.63301,27.99918,120.641648,-1,4,0
643,2968,-41.02404867,7.296364411,28.04355,120.65147,28.02802,120.6546,7,2,0
2093,2927,31.56874638,13.020285,28.02905,120.78585,28.02026,120.79958,2,15,0
1749,2853,12.96271519,-52.17801671,27.97581,120.57281,27.97599,120.59211,8,3112,0
463,2847,-15.25663128,-44.72187524,28.02702,120.57609,28.041041,120.588459,9,29,0
164,1191,17.91593112,-15.45871613,27.95724,120.65969,27.95227,120.64535,5,82,0
1430,1865,37.13850263,3.28881494,27.9498,120.72544,27.97506,120.73909,10,36,0
943,1483,32.89904122,46.66134694,27.98369,120.71502,27.9897,120.71206,7,294,0
1110,2159,39.72653381,-14.85903936,27.946867,120.69923,27.9283,120.69546,-1,340,0
956,2543,8.084505278,4.650509066,27.97159,120.65547,27.978448,120.671401,5,506,0
2200,2379,-68.18341322,5.610807109,28.03746,120.65611,28.04982,120.6511,7,961,0
1501,1900,-34.87731286,-44.73054796,28.05557,120.61784,28.06605,120.58485,-1,38,0
1845,2793,29.28591865,29.59734804,27.99406,120.72557,27.96841,120.73048,-1,93,0
1679,1982,30.00895961,45.74540819,27.99338,120.70875,27.98851,120.70899,7,322,0
246,1007,16.77843162,0.332506984,27.95634,120.66596,27.96558,120.68672,5,52,0
812,2939,-39.74758027,29.28777984,28.01375,120.6551,28.011397,120.653141,3,486,0
434,2763,-41.74705947,-27.39805461,28.07246,120.62056,28.06783,120.61801,9,14,0
1683,2075,30.24556521,-8.482761282,27.95708,120.67304,27.94054,120.69195,5,102,0
979,2840,-20.07542893,-47.33514397,28.02921,120.59331,28.04323,120.58656,9,0,0
113,2890,-25.36718056,-3.956014709,28.01211,120.63736,28.02424,120.6348,3,38,0
1794,2479,35.73280039,-2.581723548,27.94302,120.67619,27.95756,120.72822,-1,45,0
627,1351,-58.93472449,-12.03527841,28.0494,120.66193,28.04387,120.63355,7,308,0
1555,2622,-69.1862968,7.777436594,28.043798,120.657967,28.0547,120.64565,7,197,0
972,1110,36.60565866,-8.536176419,27.94366,120.68317,27.946867,120.69923,5,5621,0
268,1870,-15.27145683,43.14686153,28.002086,120.662539,27.99576,120.6574,3,195,0
11,1718,22.23290104,58.40403729,27.99544,120.72251,28.001831,120.717278,7,790,0
1333,2255,0.152869694,27.00767486,27.998832,120.679759,27.99861,120.67972,4,37,0
925,2599,-6.946872296,16.16168761,28.00554,120.66603,28.00304,120.66839,3,8,0
440,1767,-8.619164658,1.200150302,28.00029,120.64716,27.97914,120.65482,-1,0,0
211,2938,-10.17198907,-32.45016741,28.01211,120.58988,28.02158,120.59654,-1,145,0
663,1871,7.398604646,1.009587647,27.97693,120.66377,27.96874,120.65488,5,41,0
1875,2620,-14.58335993,39.36803525,28.00338,120.66046,28.005401,120.667985,3,36,0
178,1673,-33.248829,27.09999059,28.01444,120.65108,28.00217,120.64577,3,22,0
2331,2357,37.34177745,-39.07614,27.92645,120.67635,27.92044,120.6689,3,6615,0
799,2537,62.36424472,-2.711988478,27.93368,120.81563,27.92328,120.80462,6,51,0
614,849,-32.25277937,18.82769092,28.0124,120.65063,28.01215,120.65165,3,24,0
1194,2788,24.94796819,-11.55154447,27.9573,120.67705,27.96243,120.65546,5,150,0
1470,1753,17.98201445,-6.438926993,27.97225,120.68006,27.96526,120.65283,5,0,0
1007,2353,23.87353651,-1.185749505,27.96558,120.68672,27.973777,120.682079,5,954,0
536,2142,24.11974677,29.62293607,27.978638,120.714666,27.98684,120.71242,-1,68,0
1276,2103,5.903748075,-53.09899362,28.00066,120.58221,27.98211,120.59701,8,337,0
1087,2333,-16.92718977,26.39602037,28.02274,120.66726,28.02407,120.66508,3,2,0
361,2835,70.42605571,-10.77202627,27.95277,120.79908,27.94411,120.78597,2,4477,0
1,1839,43.21101177,15.78218772,27.97014,120.75603,27.97706,120.75192,10,183,0
1094,2150,-18.70170679,-27.78322169,28.01845,120.59962,27.99711,120.58895,3,158,0
331,1555,-43.53253778,-14.85333081,28.03958,120.62042,28.043798,120.657967,7,12,0
142,1501,-44.69551837,-49.25032638,28.07201,120.60483,28.05557,120.61784,-1,94,0
515,1699,14.35956483,8.07943881,27.96781,120.62801,27.97659,120.67899,-1,84,0
343,1610,-50.48132625,-26.55528874,28.03943,120.62365,28.05249,120.60567,7,304,0
772,1981,-53.11301021,-34.20803383,28.05187,120.61117,28.04382,120.61146,7,1299,0
27,1322,6.706525729,43.91894843,28.00949,120.71444,28.00798,120.69032,7,96,0
852,1493,-40.317486,24.80474021,28.013741,120.650393,28.013333,120.65,3,62,0
1837,2319,7.087306981,-42.37280875,27.98603,120.63754,27.97631,120.60491,8,176,0
386,2444,-5.219918674,45.5857727,27.99487,120.67969,27.99277,120.67775,4,228,0
1338,2743,-51.03150434,-19.57616919,28.056963,120.625239,28.049957,120.622963,7,112,0
1217,2012,-44.81193884,2.2650996,28.02385,120.64132,28.02392,120.644412,3,207,0
2756,2928,-2.306538029,40.29663153,27.98645,120.68772,27.99271,120.68075,4,80,0
1833,2452,-9.672329934,15.41677957,28.004724,120.662825,28.0105,120.66068,3,15,0
182,2365,-27.02890495,-15.47688502,28.01939,120.61656,28.01894,120.59618,3,300,0
547,1569,14.40399176,14.09926791,27.98521,120.67877,27.984146,120.678225,-1,148,0
549,1376,27.86567234,31.2525334,28.00025,120.7286,27.99176,120.72451,7,16,0
1022,1950,29.22648644,52.04826906,27.99539,120.7173,27.99139,120.71952,7,418,0
1555,2012,-37.97568122,2.647206783,28.043798,120.657967,28.02392,120.644412,-1,34,0
2213,2890,-59.25189297,-4.448641372,28.0397,120.63304,28.02424,120.6348,-1,762,0
942,2270,25.99028241,16.05388601,28.021266,120.794656,28.05695,120.78536,2,30,0
273,2483,-39.90046253,-10.16294991,28.02613,120.64691,28.02455,120.61196,-1,31,0
823,2788,22.72862692,-14.42650008,27.9511,120.66043,27.96243,120.65546,5,1398,0
292,2656,-52.36497612,16.14367022,28.02857,120.65898,28.024797,120.649708,7,186,0
556,1840,-8.045727302,5.043565303,27.99014,120.62903,27.9981,120.6541,-1,46,0
1276,2938,-12.40117599,-30.1197897,28.00066,120.58221,28.02158,120.59654,-1,56,0
1,2160,47.57138713,18.69820998,27.97014,120.75603,27.9668,120.7548,10,10329,0
27,2476,21.82984442,51.02623937,28.00949,120.71444,27.99996,120.71136,7,2,0
255,2570,59.86655775,10.56122272,27.91211,120.79786,27.8882,120.80334,6,13,0
1380,1606,-6.333775124,30.54843776,28.00675,120.68244,28.01492,120.67488,-1,14,0
1138,2146,-40.52787288,-46.66430948,28.05708,120.58299,28.051431,120.600469,-1,0,0
2128,2324,69.22810916,13.28713812,27.8883,120.80901,27.8722,120.8266,6,132,0
556,2797,-4.421361011,-23.57122731,27.99014,120.62903,27.987898,120.629043,8,497,0
1338,2407,-57.25664285,-17.83320944,28.056963,120.625239,28.06561,120.63194,7,639,0
1298,2318,-49.61244702,3.795071859,28.01943,120.636564,28.0217,120.647,3,250,0
2048,2725,-39.40255168,-55.9039637,28.07875,120.58356,28.08578,120.59077,9,968,0
1106,1913,-21.44087754,-32.05255906,28.02311,120.59937,28.02588,120.60418,3,63,0
966,1658,56.28721971,6.111837955,27.918388,120.823666,27.90655,120.80646,6,10,0
876,2528,-16.10213868,24.89074675,28.01851,120.63892,28.023744,120.653645,-1,17,0
394,779,-25.02907669,-41.07850395,28.029211,120.593311,28.03387,120.594038,-1,1360,0
729,2542,-25.3491671,-24.97717599,28.02336,120.60588,28.01903,120.61189,3,188,0
429,609,-30.79692218,4.546894181,28.02382,120.65288,28.02096,120.62016,-1,0,0
109,815,-15.46111177,-42.09535302,28.03316,120.59087,28.022225,120.579329,9,101,0
1216,2325,35.00958475,-29.28293404,27.91978,120.70622,27.91782,120.69607,3,112,0
1837,1876,6.532377511,-23.14504235,27.98603,120.63754,27.954186,120.587915,-1,18,0
1840,2129,-3.136089477,3.287898469,27.9981,120.6541,27.98951,120.64774,-1,535,0
98,2229,-7.208211397,-2.917786268,27.996306,120.644374,27.99852,120.65649,3,6,0
2027,2632,16.17740194,47.29590066,28.005556,120.719213,28.0072,120.71529,7,2,0
246,2788,23.62335739,-12.31524167,27.95634,120.66596,27.96243,120.65546,5,634,0
1391,2481,30.99734453,-12.82191315,27.95467,120.69939,27.97265,120.66766,-1,5,0
347,447,33.22815103,47.77811556,27.98785,120.71681,27.99055,120.7118,7,2676,0
1519,2124,33.65086086,19.76107933,27.97433,120.75966,28.0048,120.764,10,19,0
317,838,-27.88696243,11.65421035,28.01994,120.655,28.01758,120.65251,3,18,0
2124,2451,35.5116251,16.24622552,28.0048,120.764,28.01596,120.72171,-1,8,0
673,2292,-34.42731091,-41.40338349,28.05464,120.60495,28.04572,120.58643,-1,23,0
405,2282,-0.230156137,44.88606618,27.989232,120.680662,27.99125,120.69051,4,17,0
245,1698,15.7965546,-8.305412636,27.9517,120.6639,27.95861,120.665556,5,61,0
142,2763,-41.96083743,-26.65737548,28.07201,120.60483,28.06783,120.61801,9,79,0
2686,2706,-62.95104144,17.87533066,28.0508,120.683,28.05757,120.67252,7,13,0
11,866,30.91760061,31.88145153,27.99544,120.72251,27.97155,120.73972,-1,17,0
1851,2540,14.20018802,25.275492,27.980051,120.702261,27.991878,120.694119,4,20,0
298,1245,31.72085847,-23.87500679,27.92054,120.70164,27.92828,120.69722,3,53,0
2303,2309,65.12768516,-2.081044521,27.90821,120.80227,27.92657,120.81725,6,272,0
1053,2074,31.44563043,48.10101849,27.99068,120.7167,27.986124,120.709577,7,276,0
2142,2841,23.10889213,46.48465842,27.98684,120.71242,28.000286,120.70749,7,5,0
224,1515,-23.65574326,27.57524895,28.01492,120.66976,28.01034,120.65781,3,4,0
41,1837,9.153526461,-41.06944288,27.95746,120.61208,27.98603,120.63754,-1,14,0
919,2621,-8.803023375,25.66775631,28.01517,120.66789,28.01036,120.67777,-1,25,0
962,1111,-27.55524611,-3.483572724,28.017111,120.631666,28.02502,120.63963,-1,0,0
1208,1782,11.71553262,37.72080136,28.006628,120.70461,27.997236,120.700653,7,2,0
353,1285,-48.05144732,-37.89200483,28.04744,120.60876,28.04108,120.61641,7,331,0
26,972,39.99436978,-47.2990249,27.91714,120.66023,27.94366,120.68317,-1,54,0
347,633,32.06804871,43.11571667,27.98785,120.71681,27.98491,120.70392,-1,636,0
1230,2049,-37.93285076,6.97464015,28.02816,120.65689,28.01711,120.63167,-1,4,0
1323,2324,66.65683475,13.41603853,27.85707,120.81238,27.8722,120.8266,6,28,0
447,1718,25.99742242,40.19187711,27.99055,120.7118,28.001831,120.717278,7,9,0
541,1787,13.99171885,-29.51625901,27.96193,120.60948,27.90939,120.56294,10,108,0
1340,2129,2.001633422,-7.954531167,27.99419,120.65338,27.98951,120.64774,-1,4,0
2083,2185,13.58292806,-36.76787228,27.95887,120.60962,27.97251,120.60263,-1,190,0
1104,2512,-7.893684737,46.73391845,27.99923,120.67458,27.99935,120.67604,4,3152,0
1285,2396,-53.02934867,-30.75621056,28.04108,120.61641,28.03985,120.62173,7,3314,0
1051,2213,-36.64199723,-27.76370206,28.04252,120.60963,28.0397,120.63304,7,112,0
318,2574,-0.543437225,4.221346088,27.97271,120.64743,27.99428,120.66013,-1,127,0
644,893,-17.84809343,42.30478612,28.01278,120.65944,28.00209,120.66254,3,108,0
1747,2516,44.83283911,35.83934646,27.978667,120.735061,27.97841,120.73883,10,10487,0
1591,2693,25.4655833,45.208061,28.00528,120.70899,27.989197,120.703236,7,6,0
482,2119,45.78390784,27.5916429,27.97359,120.74776,27.97513,120.74591,10,1166,0
1578,2549,6.320940599,-51.74312797,27.97058,120.5853,27.98841,120.58255,8,106,0
534,2075,26.91771465,-18.39997592,27.93767,120.66978,27.94054,120.69195,5,68,0
692,1782,5.72355239,56.59907722,28.00622,120.6991,27.997236,120.700653,7,53,0
1380,2755,-6.336284448,53.29995811,28.00675,120.68244,27.99953,120.68067,4,64,0
41,2849,11.09979704,-39.70040477,27.95746,120.61208,27.92064,120.57853,10,49,0
170,1108,35.63598202,-29.24969931,27.92087,120.70636,27.924685,120.69711,3,96,0
268,2446,-12.63432094,42.57192169,28.002086,120.662539,27.98763,120.66308,-1,76,0
116,2081,22.14085717,17.3855163,28.06043,120.80995,28.046257,120.803292,2,473,0
547,1046,13.59339243,14.31505311,27.98521,120.67877,27.984567,120.677031,4,25,0
1824,2272,37.6893074,-26.72204116,27.9227,120.70332,27.91974,120.69145,3,32,0
232,2365,-20.46422703,-27.76157403,28.0199,120.59592,28.01894,120.59618,3,463,0
105,397,0.008959475,-40.30590533,27.9972,120.56436,27.98278,120.56366,8,43,0
3,1503,-23.76285253,-53.52214786,28.03927,120.5877,28.0363,120.5857,9,9612,0
1535,2137,-39.5407513,-17.33077082,28.03768,120.63277,28.04852,120.65349,7,0,0
1582,2224,9.228757767,8.781931788,27.96936,120.67444,27.98445,120.67253,-1,92,0
25,1935,9.704767628,3.688838269,27.976204,120.667973,27.97505,120.67499,5,1922,0
955,2746,-38.26076774,-16.862315,28.04133,120.65311,28.03863,120.61579,7,33,0
803,2137,-52.64801162,14.08648548,28.02715,120.65114,28.04852,120.65349,7,46,0
1455,1736,-60.67443582,-27.54458824,28.03905,120.62757,28.029592,120.6244,7,2812,0
1769,2321,5.260145148,36.00337121,27.998722,120.707177,28.00217,120.69033,-1,6,0
182,1988,-33.18959754,-1.458909702,28.01939,120.61656,28.01854,120.63879,3,7,0
427,1977,-9.395770247,46.84751303,28.005808,120.669146,27.99753,120.67522,-1,849,0
2001,2750,5.487869687,53.38095154,28.00031,120.69867,28.00455,120.70115,7,34,0
606,2531,-13.9565266,1.980828338,28.004829,120.6409,27.99591,120.64416,3,132,0
86,824,-36.92076989,18.90868835,28.01563,120.65181,28.002956,120.643807,3,9,0
574,2418,33.48779966,-9.505151432,27.93368,120.71241,27.93672,120.67951,-1,6,0
253,2017,1.010182567,-1.281476533,27.9787,120.6874,27.97928,120.68909,4,11,0
267,582,68.81750798,19.59579353,27.87206,120.80251,27.86958,120.81319,6,89,0
1402,2070,-23.82036545,46.05744421,28.014576,120.681581,28.01513,120.6794,3,132,0
1311,1643,5.653654902,-36.81344218,27.98966,120.57449,27.98054,120.61279,8,44,0
870,2305,39.09624418,13.66084949,27.99111,120.78113,27.98543,120.73922,10,0,0
775,1237,30.89006803,-41.7018414,27.9189,120.64478,27.888329,120.714934,3,3,0
823,1895,21.05302641,-12.56081549,27.9511,120.66043,27.96905,120.70307,-1,10,0
2019,2781,25.4466558,14.6775477,28.03308,120.81353,28.04723,120.76804,2,30,0
2250,2398,43.81543825,-34.98814296,27.92446,120.6923,27.923249,120.687804,3,405,0
467,1117,-12.26627733,32.35020711,28.012398,120.68848,28.02055,120.68861,7,38,0
644,2263,-39.17890359,34.36257023,28.01278,120.65944,28.00726,120.65848,3,1135,0
15,124,1.333940877,-20.75697806,27.97664,120.63227,27.99261,120.62341,8,10,0
1823,2568,-19.43461226,-58.11035434,28.037123,120.578514,28.04901,120.58582,9,710,0
385,1591,18.01599553,48.5977193,28.00125,120.72481,28.00528,120.70899,7,56,0
2129,2420,0.091911564,-11.99100426,27.98951,120.64774,27.98362,120.61785,-1,13,0
48,1443,-24.47756418,40.36440523,28.01947,120.67661,28.02212,120.67074,3,3535,0
1444,2840,-0.411497759,-3.229616232,28.019216,120.588125,28.04323,120.58656,9,2,0
955,1711,-47.23311991,-16.76985031,28.04133,120.65311,28.06516,120.64246,7,24,0
178,2421,-42.40625801,23.85502722,28.01444,120.65108,28.014321,120.650131,3,635,0
872,1238,-8.901668455,1.900159808,27.98477,120.64882,28.00439,120.65275,-1,2,0
306,1699,16.33134868,-2.267073636,27.93177,120.67802,27.97659,120.67899,5,52,0
2513,2746,-37.73539938,-18.97776333,28.060569,120.603702,28.03863,120.61579,7,47,0
545,1184,11.61339166,-4.142307176,27.96676,120.65937,27.982012,120.645724,5,125,0
2188,2542,-25.45768825,-12.77448578,28.02031,120.62527,28.01903,120.61189,-1,12,0
803,2812,-41.12390977,-12.96710738,28.02715,120.65114,28.03998,120.64414,7,57,0
1033,1345,-17.22964731,-13.8800727,28.007951,120.626328,28.00711,120.61047,4,161,0
332,542,11.658746,39.1688365,28.00341,120.68731,28.00788,120.70268,-1,34,0
403,2061,27.26772372,7.010683256,27.98093,120.71034,27.98839,120.68338,-1,25,0
1950,2632,28.90576472,52.32958208,27.99139,120.71952,28.0072,120.71529,7,59,0
1761,2003,-3.267073778,33.87485685,27.99851,120.67952,28.00191,120.67862,4,104,0
269,1845,42.09712362,11.43203957,27.96807,120.80604,27.99406,120.72557,-1,41,0
1264,1788,-34.39533564,7.057601797,28.02498,120.653057,28.02779,120.65438,7,4,0
815,1424,-13.73994938,-34.94013426,28.022225,120.579329,28.02108,120.60101,-1,0,0
2263,2839,-29.57128949,28.86228419,28.00726,120.65848,28.0089,120.661773,3,28,0
906,2225,10.22401136,43.09806332,28.01211,120.69386,28.01963,120.71371,7,30,0
1506,2396,-40.25623577,-10.24488118,28.02799,120.66168,28.03985,120.62173,7,0,0
693,2802,36.44824979,31.93303037,27.97736,120.73532,27.98055,120.72944,10,113,0
457,2687,10.85828717,64.85899769,28.01851,120.70462,28.0443,120.70804,7,216,0
9,1416,-22.8163068,8.887349645,27.99378,120.6501,28.01137,120.64581,3,25,0
561,1217,-33.46272527,-4.104753255,28.02374,120.641626,28.02385,120.64132,3,50,0
536,2624,36.10749771,39.52785467,27.978638,120.714666,27.97603,120.71773,10,5908,0
270,1886,6.715934642,34.64876195,28.01764,120.68649,28.010095,120.696678,7,8,0
1797,1998,-1.692463178,-27.38421667,27.98643,120.62096,27.987217,120.623164,8,830,0
305,1812,-34.22240973,16.37162113,28.008511,120.618079,28.01671,120.64947,-1,36,0
426,609,-39.90463474,1.937942256,28.025933,120.641498,28.02096,120.62016,-1,0,0
2446,2915,8.975217248,18.0029419,27.98763,120.66308,27.98732,120.68157,4,32,0
1679,2476,21.91430974,47.23740631,27.99338,120.70875,27.99996,120.71136,7,120,0
1895,2612,19.48490529,2.492203967,27.96905,120.70307,27.97238,120.685041,-1,31,0
57,213,-18.54774027,-12.1188983,28.00954,120.61511,28.01009,120.63564,-1,13,0
955,2009,-61.56337264,-12.70039896,28.04133,120.65311,28.04976,120.647462,7,241,0
1994,2277,-0.979203787,16.88995443,27.992378,120.669665,27.99474,120.67188,4,25,0
300,1956,44.0105108,4.495036783,27.9685,120.75992,27.96946,120.72066,10,6,0
268,318,-5.249042246,6.632674828,28.002086,120.662539,27.97271,120.64743,-1,0,0
761,909,-45.62954226,2.932903255,28.02569,120.64175,27.95992,120.64877,-1,17,0
1759,2427,-4.278970071,30.60700134,28.018481,120.682668,28.0086,120.6772,-1,12,0
220,1212,5.41426409,-55.20394026,27.9974,120.58543,27.99789,120.56689,8,120,0
1581,1584,62.20832202,8.695225419,27.90633,120.81918,27.89209,120.81396,6,40,0
405,2353,12.88693828,17.32109307,27.989232,120.680662,27.973777,120.682079,-1,126,0
474,2921,-44.90631498,-20.90365646,28.043365,120.633224,28.04626,120.62812,7,13,0
758,1104,-1.226496332,24.84156623,27.99542,120.68153,27.99923,120.67458,4,117,0
1031,2316,-17.02003912,-36.69013381,28.036972,120.589166,28.0271,120.60091,-1,42,0
1052,1709,35.33974178,21.7522184,27.97486,120.72843,27.97034,120.76311,10,0,0
312,2715,-1.035587756,12.67960655,27.97483,120.67456,27.99435,120.66326,-1,92,0
389,2330,-0.15585845,-44.00559062,28.01058,120.62116,27.9967,120.60336,-1,31,0
2085,2116,-39.54844673,-41.38014047,28.04973,120.58807,28.04925,120.60197,-1,4134,0
878,2239,-0.899997142,53.76113089,28.000355,120.697765,28.00222,120.68192,-1,4,0
421,2835,49.78667835,3.626050171,27.91626,120.8268,27.94411,120.78597,-1,16,0
1788,2899,-48.03295727,14.7197555,28.02779,120.65438,28.02802,120.65472,7,56,0
1889,2897,-23.30828661,19.13351724,28.01442,120.65841,28.01385,120.66008,3,180,0
202,841,-24.81065622,3.276795007,28.0087,120.65515,28.0171,120.63698,3,20,0
746,2005,26.23259927,-9.474024324,27.94545,120.66986,27.92325,120.6878,-1,7,0
520,2560,67.05727298,19.03567348,27.88953,120.79251,27.86448,120.80129,6,36,0
257,1572,-39.66597414,-47.53531212,28.076984,120.602335,28.02693,120.60664,-1,2,0
4,41,9.66748543,-38.70003754,27.98663,120.61963,27.95746,120.61208,-1,19,0
1612,2549,8.771860827,-54.68497481,27.9938,120.57017,27.98841,120.58255,8,6613,0
403,1007,25.64259638,5.303669066,27.98093,120.71034,27.96558,120.68672,-1,36,0
1849,2274,64.08149294,9.554198151,27.89831,120.81286,27.87983,120.81482,6,7,0
2433,2628,-23.89275053,33.36232904,28.02202,120.66394,28.01511,120.67465,3,88,0
1799,2444,-5.02443699,46.1815761,27.99461,120.68409,27.99277,120.67775,4,334,0
1197,2560,68.35484449,19.1901085,27.8679,120.81282,27.86448,120.80129,6,264,0
966,1584,60.45845271,9.594767555,27.918388,120.823666,27.89209,120.81396,6,4,0
1772,2372,-14.54480344,-31.55168624,28.02618,120.60498,28.023805,120.597166,3,46,0
866,1519,37.67893162,22.5697241,27.97155,120.73972,27.97433,120.75966,10,38,0
1687,2899,-20.32824537,10.10954086,28.0134,120.65344,28.02802,120.65472,-1,8,0
1782,2066,3.882077718,52.11316778,27.997236,120.700653,27.99912,120.69521,7,35,0
454,1994,-1.384620278,16.46743302,27.98,120.66708,27.992378,120.669665,-1,99,0
1651,2761,37.64851687,28.47198376,27.97707,120.74717,27.98027,120.73911,10,65,0
55,396,29.4063609,-52.99252895,27.85781,120.66563,27.85425,120.65996,3,1639,0
2129,2344,-8.137739774,-11.43345283,27.98951,120.64774,28.000843,120.64058,-1,24,0
1483,2107,31.01822635,46.33385844,27.9897,120.71206,27.99097,120.70922,7,185,0
347,941,32.12390324,48.14697362,27.98785,120.71681,27.99057,120.71338,7,268,0
664,850,0.902551513,19.15777092,27.99313,120.67216,27.99186,120.67498,4,62,0
949,1785,-19.04445176,-53.71176948,28.042263,120.582178,28.043723,120.575415,9,116,0
2519,2858,4.302056674,50.69055759,27.99715,120.70087,27.995808,120.698644,7,436,0
1094,1908,-19.31281193,-21.78210243,28.01845,120.59962,28.0141,120.60512,3,187,0
846,1591,12.86566993,46.59685141,28.00453,120.74869,28.00528,120.70899,7,6,0
1965,2853,19.00441141,-30.47285976,27.94943,120.58007,27.97599,120.59211,-1,51,0
698,2763,-47.49470213,-46.34592496,28.07126,120.60869,28.06783,120.61801,9,357,0
25,2446,8.086943439,4.143398086,27.976204,120.667973,27.98763,120.66308,-1,602,0
149,2433,-40.08983402,39.71796791,28.01646,120.65935,28.02202,120.66394,3,241,0
77,1286,-38.28331585,27.18698906,28.00743,120.64853,28.01117,120.65006,3,1275,0
801,1811,38.32002085,-50.13691,27.87582,120.66951,27.89896,120.665197,3,1339,0
1445,2377,25.32556138,37.54136459,27.99263,120.7145,27.9934,120.719,7,76,0
746,2564,28.85289518,-3.133997693,27.94545,120.66986,27.96169,120.70433,-1,23,0
1622,2003,-1.142247701,33.15681128,28.00126,120.6875,28.00191,120.67862,4,50,0
520,1352,73.02844758,11.28834436,27.88953,120.79251,27.878333,120.793611,6,105,0
19,2229,-5.322846419,7.31878267,27.98443,120.66958,27.99852,120.65649,-1,6,0
803,2415,-47.8715015,16.18710119,28.02715,120.65114,28.02,120.655,-1,886,0
949,1512,-21.69931082,-56.41630747,28.042263,120.582178,28.04225,120.58748,9,757,0
2074,2540,15.79239767,27.92511261,27.986124,120.709577,27.991878,120.694119,-1,9,0
1435,2379,-50.85145013,-17.29406751,28.046174,120.636789,28.04982,120.6511,7,74,0
912,2248,16.60379054,3.131164406,27.98324,120.72334,27.97512,120.69186,10,39,0
307,2417,-22.99691202,20.35859983,28.01573,120.65876,28.01324,120.6611,3,48,0
421,2805,57.47072658,0.871222426,27.91626,120.8268,27.92301,120.8262,6,99,0
779,1503,-24.80034182,-45.34435673,28.03387,120.594038,28.0363,120.5857,9,2259,0
467,1904,-22.30873465,49.00845496,28.012398,120.68848,28.01361,120.68305,7,773,0
775,1393,30.42875288,-44.53949167,27.9189,120.64478,27.88797,120.67287,3,151,0
160,2901,33.96255574,40.93746054,27.97864,120.71467,27.97339,120.7071,10,534,0
1852,2901,30.86907847,4.261415019,27.96059,120.7497,27.97339,120.7071,10,0,0
1308,2917,11.96723528,16.79790304,27.98404,120.68203,27.98585,120.67889,4,27,0
1428,1900,-25.84584558,-9.455489629,28.02259,120.62662,28.06605,120.58485,-1,16,0
954,2333,-22.70570393,35.67954308,28.018214,120.672196,28.02407,120.66508,3,78,0
631,2150,-0.331503956,-37.14829949,27.98274,120.56357,27.99711,120.58895,-1,0,0
1758,1799,-4.225710208,46.75710055,27.99447,120.68038,27.99461,120.68409,4,451,0
79,1520,40.66052872,-24.20462448,27.921889,120.696181,27.92287,120.7033,3,93,0
920,1103,16.10885241,-38.71240945,27.94553,120.6091,27.97694,120.62826,-1,70,0
149,2657,-25.17765003,16.04512867,28.01646,120.65935,28.02002,120.64857,3,62,0
1626,1772,-18.16948324,-29.9730876,28.01389,120.60169,28.02618,120.60498,3,87,0
666,1159,-31.02254349,-32.38695078,28.07352,120.58467,28.02791,120.59925,-1,72,0
1895,2756,20.77625368,5.216237188,27.96905,120.70307,27.98645,120.68772,-1,21,0
1161,1279,36.31371584,-46.05541738,27.90218,120.626462,27.89941,120.63473,3,335,0
1549,1818,21.1692452,28.39795436,27.98966,120.70619,27.98955,120.71298,7,8,0
214,2778,-8.493523639,-7.917813967,28.01125,120.625528,27.99859,120.64039,-1,40,0
2160,2882,45.45453094,22.77139579,27.9668,120.7548,27.970769,120.742755,10,59,0
1904,2061,8.497063894,22.36060625,28.01361,120.68305,27.98839,120.68338,-1,4,0
332,1879,-3.568599608,56.37041321,28.00341,120.68731,27.999526,120.680665,4,557,0
692,1724,4.279764009,59.23347732,28.00622,120.6991,28.00258,120.70728,7,345,0
1,300,47.27060109,18.20321584,27.97014,120.75603,27.9685,120.75992,10,9076,0
224,2929,-15.52435831,22.73249935,28.01492,120.66976,28.026713,120.658442,-1,2,0
1811,2335,29.82198269,-46.76952384,27.89896,120.665197,27.86624,120.66547,3,41,0
143,1494,-61.29488581,-12.75367075,28.04546,120.65895,28.04977,120.64759,7,364,0
1974,2081,24.24814843,18.6959938,28.04339,120.81815,28.046257,120.803292,2,3319,0
1236,2396,-40.52493164,-1.691089714,28.02581,120.63956,28.03985,120.62173,7,7,0
539,936,-29.73636233,0.647545693,28.01516,120.65303,28.02145,120.63334,3,223,0
317,1388,-35.84433285,14.23341195,28.01994,120.655,28.01822,120.64711,3,57,0
935,2353,21.15901203,10.18751196,27.97987,120.68111,27.973777,120.682079,-1,2075,0
1718,2842,16.95860716,34.28840847,28.001831,120.717278,27.98853,120.69743,-1,5,0
761,1708,-40.86597597,1.160338011,28.02569,120.64175,28.02381,120.59717,-1,4,0
1113,2456,-21.84042675,35.84339475,28.02313,120.66916,28.022125,120.670739,3,63,0
2281,2542,-7.842486024,-4.943015751,28.00143,120.63625,28.01903,120.61189,3,0,0
1591,2540,15.32013874,28.57678662,28.00528,120.70899,27.991878,120.694119,-1,23,0
1313,1363,63.68060266,20.03307677,27.86156,120.7809,27.87025,120.79516,6,30,0
174,2827,-49.08495253,-17.78617121,28.04894,120.64323,28.05657,120.60001,7,32,0
790,2593,17.02592209,-8.066354459,27.95053,120.66517,27.96314,120.66947,5,11,0
211,1618,-7.829514375,-30.7852783,28.01211,120.58988,28.00977,120.60049,-1,251,0
969,2689,43.76909823,-16.37659774,27.92722,120.69833,27.92812,120.69806,3,1847,0
644,1605,-17.1261035,16.50305269,28.01278,120.65944,28.01353,120.6398,3,24,0
2588,2602,-19.63348828,-42.89824542,28.02213,120.5743,28.041463,120.586511,9,54,0
358,763,39.96801577,27.79461847,27.96854,120.74135,27.97775,120.74248,10,184,0
372,2317,0.99737696,27.19750626,27.99629,120.68028,27.996143,120.682468,4,38,0
1455,2509,-36.19644074,-22.70978195,28.03905,120.62757,28.02225,120.60442,-1,0,0
124,466,-1.976418267,-12.88917187,27.99261,120.62341,27.993,120.6404,8,31,0
2177,2602,-14.13272431,-44.85855628,28.024786,120.575538,28.041463,120.586511,9,7,0
552,2572,40.84733168,30.61785184,27.96536,120.74141,27.9677,120.74015,10,177,0
53,1923,-0.624492477,-11.70944507,27.98833,120.64222,27.99631,120.64437,-1,41,0
849,1416,-38.08507158,23.24094568,28.01215,120.65165,28.01137,120.64581,3,75,0
824,1259,-14.38954096,-2.340802319,28.002956,120.643807,28.00517,120.6494,3,127,0
273,1401,-38.64273314,11.86997156,28.02613,120.64691,28.01999,120.65209,-1,90,0
3,2653,-25.70000101,-45.53231857,28.03927,120.5877,28.03697,120.58917,9,7543,0
5,1023,-46.79309888,-13.71835809,28.05615,120.67115,28.046787,120.661963,7,33,0
2061,2750,8.432209435,19.71351065,27.98839,120.68338,28.00455,120.70115,-1,5,0
1457,1635,21.47760652,39.0124779,27.99566,120.715,27.999841,120.721011,7,13,0
1306,2180,-2.515313727,-14.51121229,27.99383,120.62833,27.98333,120.65125,-1,8,0
1267,1767,6.789433441,0.930231924,27.969489,120.657672,27.97914,120.65482,5,98,0
2176,2248,18.45834184,3.283278949,27.95843,120.65338,27.97512,120.69186,-1,12,0
1416,1452,-25.71506991,6.008146042,28.01137,120.64581,28.01491,120.64805,3,175,0
1129,2592,58.75570773,-6.064064683,27.91593,120.8267,27.93254,120.82423,6,160,0
1624,2096,7.130180725,-45.39975647,27.971715,120.608414,27.97745,120.61375,8,8749,0
224,467,-20.71244905,47.78807737,28.01492,120.66976,28.012398,120.68848,-1,125,0
2127,2597,-0.268794422,17.12513028,27.98869,120.6726,27.993358,120.671015,4,45,0
341,1998,1.458440388,-17.07236927,27.98975,120.64468,27.987217,120.623164,8,264,0
301,522,15.65971727,-31.94562499,27.93112,120.5882,27.95536,120.60011,10,9,0
211,468,-7.478531918,-31.30268452,28.01211,120.58988,28.02464,120.59155,-1,1315,0
2258,2323,-31.42103908,6.426176623,28.01658,120.65764,28.02463,120.6447,-1,30,0
741,2853,15.77997515,-10.19145643,27.95095,120.65688,27.97599,120.59211,-1,8,0
164,191,14.09616683,-6.60620963,27.95724,120.65969,27.96628,120.68116,5,7,0
1169,2290,-18.19639945,-24.39074289,28.01606,120.6036,28.01109,120.5954,3,17,0
1510,2968,-37.39742671,8.814648955,28.023269,120.632426,28.02802,120.6546,7,5,0
439,1256,-29.39350183,9.60911675,28.02332,120.64816,28.01222,120.65195,3,10,0
1321,2255,0.738427543,33.22788068,27.99863,120.68954,27.99861,120.67972,4,131,0
302,1563,46.08836954,-19.38245499,27.9241,120.70277,27.92204,120.69661,3,321,0
2359,2451,12.52325059,57.42615288,28.00191,120.70463,28.01596,120.72171,7,58,0
2075,2331,33.84897399,-10.41903851,27.94054,120.69195,27.92645,120.67635,-1,208,0
1977,2127,-1.312917214,19.0611766,27.99753,120.67522,27.98869,120.6726,4,4,0
178,1238,-15.93222503,10.87678073,28.01444,120.65108,28.00439,120.65275,3,2,0
895,1164,-60.61955475,11.67432555,28.03688,120.73858,28.04057,120.64705,7,32,0
447,1457,30.43730665,49.67782993,27.99055,120.7118,27.99566,120.715,7,412,0
1331,2594,-42.61557435,-49.79602456,28.07361,120.61293,28.08581,120.59066,9,170,0
1260,1557,61.95232361,3.018356565,27.91444,120.83278,27.90165,120.81193,6,49,0
467,1380,-6.630053639,56.18885353,28.012398,120.68848,28.00675,120.68244,-1,175,0
318,1923,-7.930346128,-10.45824619,27.97271,120.64743,27.99631,120.64437,-1,90,0
1848,2353,14.17193868,12.05362718,27.96164,120.66747,27.973777,120.682079,5,72,0
287,2772,0.589346357,-19.5708228,27.986822,120.630326,27.979611,120.629271,8,102,0
377,1908,-18.18099409,-21.70867845,28.011319,120.606461,28.0141,120.60512,3,35,0
556,2485,-7.28227456,-17.41023553,27.99014,120.62903,27.99123,120.63845,8,367,0
1858,2021,32.71512226,-33.19740175,27.92336,120.69364,27.92043,120.68424,3,32,0
267,2826,69.2716333,18.85047124,27.87206,120.80251,27.86957,120.81322,6,49,0
1317,1769,23.92053444,37.864871,27.995577,120.71498,27.998722,120.707177,7,18,0
508,1796,-44.00511021,-12.78995522,28.04337,120.65572,28.04071,120.63988,7,35,0
1421,2715,1.616055934,-10.45310477,27.98936,120.6427,27.99435,120.66326,-1,19,0
2820,2882,40.31040983,23.7909928,27.96861,120.74333,27.970769,120.742755,10,172,0
1502,2061,6.822054171,20.13495973,27.991292,120.664871,27.98839,120.68338,4,42,0
2055,2213,-54.70547681,-2.873824671,28.02288,120.63142,28.0397,120.63304,7,16,0
1724,2455,2.978271962,-4.055661962,28.00258,120.70728,28.002613,120.71218,7,28,0
949,1695,-12.42093358,-46.02706783,28.042263,120.582178,28.02937,120.5775,9,31,0
287,2853,1.763709875,-34.17696867,27.986822,120.630326,27.97599,120.59211,8,10,0
550,1486,15.2146822,47.02007144,28.0076,120.72365,28.008255,120.719639,7,28,0
972,1316,25.65601656,3.903582476,27.94366,120.68317,27.97332,120.71019,-1,19,0
1470,1855,11.55622979,15.1273325,27.97225,120.68006,27.98606,120.67631,-1,95,0
1879,2061,6.389222448,25.50661494,27.999526,120.680665,27.98839,120.68338,4,67,0
46,1657,-49.49836779,-24.57506767,28.04917,120.61056,28.04146,120.62266,7,463,0
2053,2531,-8.338568795,-8.604189029,28.01003,120.63016,27.99591,120.64416,-1,0,0
43,1100,-25.91921603,-0.980658936,28.023236,120.644174,28.00741,120.61911,-1,0,0
347,2408,36.41417279,17.70743369,27.98785,120.71681,27.97638,120.75557,-1,48,0
1656,1956,36.66608548,-0.647501107,27.94263,120.73736,27.96946,120.72066,10,21,0
1053,2694,12.74939084,36.94763423,27.99068,120.7167,28.00118,120.70197,7,14,0
143,508,-64.67569016,8.841805611,28.04546,120.65895,28.04337,120.65572,7,260,0
1195,1591,20.44902236,50.97932078,28.008888,120.709166,28.00528,120.70899,7,232,0
73,735,-10.21615558,-8.568688645,28.01003,120.63314,27.993371,120.637184,-1,0,0
295,2938,-11.38848181,-39.74074929,28.02333,120.57606,28.02158,120.59654,-1,30,0
501,529,2.942405192,31.93618597,28.004176,120.686025,28.01174,120.68077,-1,4,0
22,1763,64.55744975,-9.732769449,27.921557,120.82208,27.92159,120.82161,6,155,0
1591,2288,13.09120814,57.78139054,28.00528,120.70899,28.014173,120.713536,7,300,0
306,2153,37.72966268,-38.77631386,27.93177,120.67802,27.91643,120.68875,-1,262,0
325,1924,69.76978753,18.07927278,27.867766,120.811222,27.86419,120.81517,6,190,0
1284,1316,33.94118382,-1.848335761,27.94439,120.71319,27.97332,120.71019,10,25,0
2005,2418,36.44744726,-10.64932041,27.92325,120.6878,27.93672,120.67951,-1,650,0
600,2703,-23.3120711,9.318945805,28.00892,120.64776,27.99103,120.63464,-1,17,0
77,1289,-34.95715486,28.2098482,28.00743,120.64853,28.0114,120.65314,3,111,0
1093,2439,-14.20737357,-47.60664374,28.03228,120.58055,28.04261,120.57226,9,41,0
42,2452,-26.76913722,28.47316364,28.0014,120.65569,28.0105,120.66068,3,119,0
475,1598,-0.452967426,-21.22973183,27.98226,120.62389,27.97988,120.631028,8,13,0
631,1276,5.04749383,-56.23839608,27.98274,120.56357,28.00066,120.58221,8,468,0
55,775,36.90154107,-47.25209823,27.85781,120.66563,27.9189,120.64478,3,298,0
906,935,12.16853436,17.67678717,28.01211,120.69386,27.97987,120.68111,-1,8,0
475,672,7.976444487,-29.21011006,27.98226,120.62389,27.96719,120.59359,8,0,0
2781,2927,31.46379981,13.51073232,28.04723,120.76804,28.02026,120.79958,2,170,0
259,1428,-35.6337649,-6.537315094,28.05022,120.66531,28.02259,120.62662,7,10,0
2338,2779,62.69424189,2.961722013,27.91182,120.82248,27.9069,120.82629,6,210,0
966,1581,64.62921409,2.157979817,27.918388,120.823666,27.90633,120.81918,6,410,0
378,2072,50.03666205,-1.253880285,27.96458,120.79525,27.93734,120.77936,2,39,0
1273,2450,-41.80679157,-19.74045094,28.02347,120.61544,28.04901,120.63968,-1,46,0
662,1433,-24.03529938,6.703947638,28.011023,120.643553,28.015196,120.648057,3,0,0
912,2224,27.78985014,25.55892716,27.98324,120.72334,27.98445,120.67253,-1,29,0
17,1843,13.7392575,8.984565953,27.97886,120.67718,27.983923,120.680378,-1,0,0
255,1055,68.4461879,1.654537969,27.91211,120.79786,27.89321,120.79688,6,198,0
537,2237,32.97865904,-26.97502577,27.91572,120.69582,27.92797,120.69797,3,40,0
341,1005,6.310158736,-22.05595011,27.98975,120.64468,28.00628,120.65332,-1,0,0
1255,1347,-3.231177505,19.64105478,27.9997,120.67055,28.01058,120.65406,3,0,0
1071,2325,30.27207277,-27.86698288,27.92798,120.69488,27.91782,120.69607,3,42,0
1092,2123,14.05699212,-7.337108369,27.96187,120.66042,27.92383,120.67387,-1,24,0
500,1422,24.32959204,54.00838796,27.99978,120.7112,28.00506,120.71172,7,545,0
1297,2233,69.62833731,17.12637485,27.87104,120.82114,27.86543,120.81525,6,460,0
2010,2935,5.667718704,26.04251774,27.99742,120.68104,28.00437,120.68004,4,79,0
2092,2213,-43.85882172,-2.681385741,28.0195,120.63455,28.0397,120.63304,-1,36,0
1688,1935,10.30683882,1.277865613,27.983768,120.665796,27.97505,120.67499,-1,89,0
565,2567,-7.255248396,16.34903004,28.00841,120.66454,27.992138,120.656444,-1,4,0
50,1829,64.0908495,20.25722373,27.86632,120.78925,27.86907,120.79115,6,181,0
434,2116,-40.99307621,-28.33153879,28.07246,120.62056,28.04925,120.60197,-1,53,0
76,1782,18.00900194,37.96115028,27.99619,120.71034,27.997236,120.700653,7,84,0
112,1014,-23.58251728,-20.12802316,28.01472,120.61007,28.0197,120.61522,3,68,0
124,983,7.153831037,-10.46314708,27.99261,120.62341,27.97699,120.64991,-1,41,0
202,1123,-29.71704102,31.57057199,28.0087,120.65515,27.96552,120.64757,-1,14,0
1807,2890,-60.10507066,0.7842382,28.040568,120.63282,28.02424,120.6348,-1,186,0
1994,2531,-5.837651337,-5.795663677,27.992378,120.669665,27.99591,120.64416,-1,29,0
552,2123,30.51603094,-35.74537309,27.96536,120.74141,27.92383,120.67387,-1,43,0
1053,1747,32.69631,31.8711675,27.99068,120.7167,27.978667,120.735061,-1,104,0
305,876,-45.27495666,3.554765307,28.008511,120.618079,28.01851,120.63892,-1,7,0
415,1256,-44.20196033,24.36699418,28.01975,120.65219,28.01222,120.65195,3,482,0
331,2827,-43.34398353,-36.353125,28.03958,120.62042,28.05657,120.60001,7,440,0
19,663,5.809093149,0.729084508,27.98443,120.66958,27.97693,120.66377,-1,46,0
2209,2264,16.06200826,-12.77565776,27.96734,120.67106,27.95241,120.64911,5,54,0
1100,1385,-51.4571759,-2.556771447,28.00741,120.61911,28.05153,120.62762,-1,11,0
1051,1399,-44.40704266,-36.18655113,28.04252,120.60963,28.024487,120.608733,-1,15,0
956,1935,9.135509164,1.246873746,27.97159,120.65547,27.97505,120.67499,5,110,0
2611,2756,8.626775379,20.11743259,27.995832,120.677166,27.98645,120.68772,4,0,0
1878,2360,43.56959817,15.17444339,27.97253,120.76819,27.97589,120.75072,10,19,0
920,2539,17.68400797,-38.42501764,27.94553,120.6091,27.97231,120.62724,-1,16,0
130,1239,36.67306314,-50.76814269,27.90369,120.65562,27.87124,120.64996,3,609,0
300,1839,46.45254516,20.01404806,27.9685,120.75992,27.97706,120.75192,10,204,0
1834,2560,64.50165139,18.86212593,27.87957,120.7999,27.86448,120.80129,6,70,0
554,2781,26.40593557,17.03132612,28.02289,120.80151,28.04723,120.76804,2,18,0
19,2593,8.81327828,10.63916938,27.98443,120.66958,27.96314,120.66947,-1,6,0
1595,2467,-58.31317554,-3.534055951,28.03104,120.63718,28.025613,120.638246,7,335,0
1423,2318,-28.84076091,7.517364817,28.0149,120.64587,28.0217,120.647,3,33,0
1747,2803,33.58944898,25.83382211,27.978667,120.735061,27.96758,120.73351,10,8,0
497,1483,20.54796235,31.3769307,27.99143,120.70763,27.9897,120.71206,7,38,0
803,1136,-62.90603631,13.20961623,28.02715,120.65114,28.04624,120.66456,7,45,0
734,2609,-19.84816927,-20.57285448,28.01097,120.60609,28.01418,120.59753,3,1037,0
1317,1542,24.75783573,37.8485159,27.995577,120.71498,27.99711,120.71331,7,16,0
1255,1394,-11.27989595,45.03937864,27.9997,120.67055,27.99572,120.672658,-1,629,0
537,795,31.03853627,-39.87932988,27.91572,120.69582,27.91839,120.66065,3,33,0
676,2021,37.88178171,-36.34142198,27.92115,120.683,27.92043,120.68424,3,167,0
12,95,62.50427902,13.33753187,27.8751,120.81027,27.871381,120.804451,6,27,0
1110,2190,19.39636066,-5.372347411,27.946867,120.69923,27.98235,120.67423,5,28,0
1081,1840,-7.391873212,4.675433121,27.997963,120.659738,27.9981,120.6541,3,26,0
217,1684,-15.97567728,-25.0246697,28.01578,120.59444,27.98796,120.61592,-1,0,0
2456,2528,-20.60917034,36.20768589,28.022125,120.670739,28.023744,120.653645,-1,0,0
1019,2347,64.91730614,7.22327813,27.89391,120.81686,27.91091,120.81602,6,19,0
1799,2561,0.950749946,29.13266628,27.99461,120.68409,28.00155,120.68023,4,13,0
172,2396,-53.92745881,-29.31914796,28.0428,120.62069,28.03985,120.62173,7,539,0
2588,2653,-23.30788058,-43.69548908,28.02213,120.5743,28.03697,120.58917,9,33,0
189,2540,1.859552459,48.21459313,27.98396,120.69007,27.991878,120.694119,4,167,0
79,284,45.90377472,-33.40504479,27.921889,120.696181,27.92764,120.69437,3,3365,0
353,651,-40.81580664,-33.89702048,28.04744,120.60876,28.05562,120.60146,7,52,0
1221,2857,-42.3682384,-50.41397813,28.074942,120.604791,28.09805,120.59534,9,463,0
268,1975,-6.640481472,11.65123067,28.002086,120.662539,27.99941,120.66015,3,41,0
1233,1590,-9.103162915,-31.70632508,28.01428,120.58353,28.02239,120.59436,-1,138,0
608,727,-1.172232202,56.31351566,27.99367,120.69233,28.00933,120.69355,-1,18,0
446,2319,4.98963307,-47.55391563,27.98581,120.61459,27.97631,120.60491,8,273,0
1736,2890,-57.14129577,-6.101167328,28.029592,120.6244,28.02424,120.6348,-1,1818,0
1506,2745,-39.24012651,-10.06643023,28.02799,120.66168,28.02921,120.62987,7,9,0
1338,1899,-45.01294064,-30.48837799,28.056963,120.625239,28.06248,120.60338,-1,194,0
2119,2882,38.8742312,25.37919145,27.97513,120.74591,27.970769,120.742755,10,27,0
2288,2873,15.58808238,50.47557233,28.014173,120.713536,28.000323,120.727524,7,7,0
141,305,-15.06285192,-14.10446037,28.00949,120.617241,28.008511,120.618079,4,13,0
2064,2966,73.80994375,3.637120134,27.889525,120.804362,27.90319,120.81717,6,5143,0
575,2680,2.921651534,7.678121456,27.98117,120.66776,27.97782,120.66753,-1,54,0
780,1380,-8.940181278,54.93061577,28.01006,120.68043,28.00675,120.68244,4,3116,0
562,2362,43.74895032,-19.94804582,27.92439,120.70333,27.92159,120.70412,3,44,0
1081,2567,-15.87282148,43.78309872,27.997963,120.659738,27.992138,120.656444,-1,519,0
264,1946,-24.61927734,23.92511144,28.01535,120.66232,28.015216,120.662524,3,172,0
426,1535,-57.93773412,-1.435671293,28.025933,120.641498,28.03768,120.63277,7,55,0
403,487,7.613729924,18.17275959,27.98093,120.71034,27.98776,120.67428,-1,9,0
174,2743,-50.47500303,-18.81392847,28.04894,120.64323,28.049957,120.622963,7,21,0
1130,2092,-47.46098361,-1.313135328,28.02327,120.63423,28.0195,120.63455,3,110,0
603,2319,8.069819843,-41.97122588,27.97164,120.62661,27.97631,120.60491,8,289,0
973,2520,40.14082398,-15.65906321,27.93169,120.70193,27.92895,120.69631,3,328,0
845,899,-30.91169787,-57.45820439,28.06506,120.57549,28.06049,120.57424,9,164,0
2197,2316,-37.6826388,-25.39217743,28.04449,120.62163,28.0271,120.60091,-1,2,0
1453,2141,-5.561091999,-12.98738102,27.99832,120.6366,27.995992,120.636008,-1,114,0
446,2330,7.47895676,-45.4381237,27.98581,120.61459,27.9967,120.60336,8,69,0
1508,2775,65.96816371,14.35499891,27.87711,120.81099,27.88321,120.80518,6,171,0
160,2867,35.87730465,38.78561499,27.97864,120.71467,27.971116,120.71478,10,49,0
1073,2575,-19.04294366,-40.64963377,28.03098,120.59308,28.02926,120.59028,9,68,0
687,1178,8.810478403,33.15007485,28.006318,120.696659,27.99689,120.69531,-1,38,0
2142,2637,31.07296487,36.58851403,27.98684,120.71242,27.99476,120.73128,7,11,0
1557,2187,65.78604408,9.954396492,27.90165,120.81193,27.89058,120.80958,6,116,0
389,1193,-14.85359819,-13.9763531,28.01058,120.62116,28.005085,120.614834,4,9,0
556,1054,-5.566373627,-8.949886424,27.99014,120.62903,27.99918,120.641648,-1,48,0
1460,1923,0.10785853,-11.71432985,27.985304,120.632788,27.99631,120.64437,-1,83,0
2750,2756,5.741835379,35.71309654,28.00455,120.70115,27.98645,120.68772,-1,9,0
317,1176,-26.38726974,11.54165129,28.01994,120.655,28.01711,120.65265,3,34,0
370,2465,28.59469962,-43.6034716,27.95455,120.65292,27.88796,120.64935,-1,14,0
2445,2853,5.496953865,-51.57584349,27.992515,120.595201,27.97599,120.59211,8,6259,0
414,1749,17.4712466,-42.01054449,27.96162,120.59686,27.97581,120.57281,-1,80,0
1936,2801,-43.48857645,31.11689434,28.0164,120.657,28.01569,120.65545,3,49,0
541,2182,14.26367547,-42.91158294,27.96193,120.60948,27.96515,120.61124,-1,9085,0
109,1501,-37.66288865,-31.23927063,28.03316,120.59087,28.05557,120.61784,-1,110,0
936,1351,-54.35241597,-0.693275701,28.02145,120.63334,28.04387,120.63355,-1,26,0
828,1496,21.08393237,0.224304232,27.96168,120.677789,27.97767,120.70127,-1,41,0
2185,2963,3.970675372,-28.63799734,27.97251,120.60263,27.98802,120.61588,8,27,0
912,2673,37.37448698,23.67881488,27.98324,120.72334,27.96916,120.74277,10,0,0
2425,2662,16.60838954,34.402353,28.001305,120.717516,27.9944,120.7017,-1,0,0
585,1322,9.691683384,37.18948981,28.00115,120.70215,28.00798,120.69032,7,55,0
644,824,-17.69645572,16.80407194,28.01278,120.65944,28.002956,120.643807,3,9,0
283,1448,34.0266505,28.66568506,27.98338,120.744,27.99567,120.715,-1,0,0
1285,1385,-51.63548162,-27.7560861,28.04108,120.61641,28.05153,120.62762,7,135,0
1005,1105,-36.95844951,28.68508485,28.00628,120.65332,28.00791,120.64843,3,1016,0
842,2223,63.69926082,0.638836254,27.90945,120.81881,27.922663,120.824735,6,62,0
1385,2200,-58.69482958,4.693527745,28.05153,120.62762,28.03746,120.65611,7,7,0
251,1705,61.05068156,2.838749798,27.90975,120.8324,27.90977,120.83609,6,123,0
12,50,64.39799324,21.21654757,27.8751,120.81027,27.86632,120.78925,6,19,0
8,1965,19.25443483,-46.34485705,27.91704,120.56917,27.94943,120.58007,10,122,0
1717,2185,8.82086975,-44.5875495,27.99375,120.61713,27.97251,120.60263,8,87,0
108,1966,-0.088617397,-35.91792775,27.98228,120.5774,27.99619,120.58337,8,20,0
629,1589,-65.57956811,17.40049012,28.0608,120.676028,28.02956,120.75507,7,21,0
1764,1998,8.450370291,-38.27361653,27.96875,120.60619,27.987217,120.623164,8,4,0
474,1927,-44.92484561,-20.62380539,28.043365,120.633224,28.04626,120.62785,7,6,0
916,1689,-29.69012319,12.38345224,28.01381,120.65692,28.02095,120.64389,3,48,0
2668,2718,20.50579211,-41.67472805,27.94903,120.59549,27.94477,120.59481,10,32648,0
1679,2881,22.47540998,47.22281145,27.99338,120.70875,28.00606,120.714808,7,71,0
112,490,-14.58168373,-11.83091103,28.01472,120.61007,28.00307,120.6298,3,6,0
1581,2028,63.39452058,-0.179856166,27.90633,120.81918,27.92122,120.80887,6,24,0
669,2198,-49.11460627,-7.390927313,28.01255,120.63174,28.01139,120.622331,4,124,0
668,1804,-15.84105451,-15.4555752,28.0105,120.60976,28.00502,120.61628,-1,68,0
639,2128,64.97841564,12.9434093,27.86661,120.82636,27.8883,120.80901,6,16,0
1980,2248,22.56545973,6.329609842,27.9546,120.667,27.97512,120.69186,-1,90,0
2214,2227,5.962401373,-4.544987169,27.9598,120.68203,27.98375,120.66578,-1,7,0
1,2007,33.14277128,21.60839493,27.97014,120.75603,27.99715,120.77526,10,15,0
1108,2005,45.56572602,-32.17502815,27.924685,120.69711,27.92325,120.6878,3,3490,0
204,1139,-5.563703586,-23.96606441,27.99015,120.62566,27.988544,120.62822,8,7183,0
554,739,26.07542037,13.09212748,28.02289,120.80151,28.0287,120.8004,2,21247,0
651,1501,-39.81848067,-26.98878306,28.05562,120.60146,28.05557,120.61784,7,0,0
1837,1961,3.43448288,-23.095216,27.98603,120.63754,27.98795,120.62329,8,25,0
1123,1885,13.09714144,-43.01538417,27.96552,120.64757,27.96887,120.61609,-1,41,0
1763,2028,64.48018579,-4.298897075,27.92159,120.82161,27.92122,120.80887,6,180,0
1852,2802,40.62030042,21.90980185,27.96059,120.7497,27.98055,120.72944,10,25,0
749,857,71.63327231,-6.285235107,27.9345,120.76993,27.93632,120.80777,-1,191,0
1849,2064,73.54824512,3.765191122,27.89831,120.81286,27.889525,120.804362,6,3564,0
874,2608,-60.53658447,6.302652632,28.04411,120.64767,28.03899,120.65059,7,34,0
2053,2553,-45.85555061,-1.508549071,28.01003,120.63016,28.01901,120.63515,-1,43,0
648,755,41.3467369,-14.20734247,27.92779,120.69413,27.928,120.698,3,364,0
1416,1515,-30.02403894,26.62999689,28.01137,120.64581,28.01034,120.65781,3,31,0
758,2003,-2.597624296,33.75250431,27.99542,120.68153,28.00191,120.67862,4,148,0
1132,1774,-7.376461991,7.660240041,27.99853,120.6532,27.99094,120.65242,-1,6,0
19,2633,13.95128961,13.63026711,27.98443,120.66958,27.98511,120.67531,4,499,0
1990,2087,-27.60655683,22.69039915,28.02045,120.65999,28.02363,120.66164,3,36,0
649,2428,1.8908392,0.024358939,27.981943,120.645555,27.98819,120.6531,5,28,0
133,708,32.84801182,-8.919148505,27.9535,120.69621,27.9343,120.7072,-1,9,0
609,1654,-35.68607259,-23.00643845,28.02096,120.62016,28.02792,120.60131,3,0,0
15,2094,0.076313276,-48.29368213,27.97664,120.63227,27.992,120.60987,8,32,0
767,2642,-62.62044623,1.775972262,28.03954,120.64044,28.03965,120.64593,7,184,0
1321,1761,0.374057165,25.41800885,27.99863,120.68954,27.99851,120.67952,4,38,0
1207,1342,-9.597598404,25.61673028,28.01158,120.67785,28.00491,120.67627,4,0,0
1848,1999,31.64899201,-13.95597208,27.96164,120.66747,27.91395,120.70028,-1,6,0
385,1950,19.6544393,56.1683973,28.00125,120.72481,27.99139,120.71952,7,2,0
835,1295,33.14257301,-52.66319089,27.87789,120.68776,27.87791,120.67133,3,6083,0
1160,2087,-27.26943098,23.38671327,28.01525,120.66252,28.02363,120.66164,3,16,0
1282,1638,-0.787339893,13.23457056,27.99298,120.66592,27.99258,120.67111,4,4,0
560,2288,13.08274639,60.46352557,28.016323,120.703784,28.014173,120.713536,7,606,0
1433,2092,-27.72182109,-5.199085869,28.015196,120.648057,28.0195,120.63455,3,68,0
606,1134,-7.924459233,-13.63599964,28.004829,120.6409,27.99644,120.63354,-1,165,0
1679,1895,27.64146948,47.45128845,27.99338,120.70875,27.96905,120.70307,-1,73,0
2762,2943,-25.21301606,39.68163703,28.01919,120.67036,28.02187,120.6698,3,716,0
901,2413,63.81381165,20.68634633,27.86601,120.77885,27.85882,120.79137,6,131,0
1206,2481,11.5502909,-9.478797861,27.95921,120.65553,27.97265,120.66766,5,15,0
273,2656,-47.3364187,16.8417959,28.02613,120.64691,28.024797,120.649708,7,2120,0
328,1501,-49.85435085,-14.63915679,28.05929,120.65781,28.05557,120.61784,7,38,0
228,317,-31.37117951,7.387841884,28.024509,120.644121,28.01994,120.655,3,42,0
709,2937,40.22997376,34.23346225,27.97153,120.73361,27.97398,120.7324,10,3173,0
59,2028,71.39164132,-3.443152969,27.90238,120.80278,27.92122,120.80887,6,100,0
219,708,38.0100686,-21.31732329,27.92298,120.70731,27.9343,120.7072,3,62,0
1323,2789,64.08494646,18.40349586,27.85707,120.81238,27.87222,120.79381,6,51,0
775,1563,30.44054792,-17.20425189,27.9189,120.64478,27.92204,120.69661,3,24,0
328,2486,-69.40673152,11.21149338,28.05929,120.65781,28.04854,120.66293,7,373,0
2679,2835,49.47943644,-4.403375585,27.96428,120.80753,27.94411,120.78597,2,17,0
109,2197,-41.51871383,-31.64704194,28.03316,120.59087,28.04449,120.62163,-1,5,0
617,1881,-10.5593326,-27.04838222,28.013371,120.594287,28.01337,120.59429,3,389,0
1921,1961,-0.826301808,-23.52411506,27.985876,120.627305,27.98795,120.62329,8,6,0
2046,2966,68.97670278,6.494899416,27.88702,120.81085,27.90319,120.81717,6,1355,0
1653,1840,-7.28276115,5.003746914,28.00714,120.65555,27.9981,120.6541,3,38,0
111,1206,15.67565714,-16.25897183,27.95612,120.65155,27.95921,120.65553,5,1228,0
935,2593,11.69022228,9.052131926,27.97987,120.68111,27.96314,120.66947,-1,24,0
194,1220,-7.973946167,49.99577231,28.0005,120.67726,28.000812,120.679146,4,237,0
2542,2614,-48.08968751,-4.872851205,28.01903,120.61189,28.01688,120.6293,-1,12,0
542,2386,11.48656363,43.42095174,28.00788,120.70268,28.01849,120.70996,7,26,0
204,1407,8.103931633,-37.20006918,27.99015,120.62566,27.97235,120.62717,8,41,0
786,964,-56.97750311,-17.00277748,28.065163,120.642463,28.065834,120.64764,7,1287,0
270,1953,-11.07200363,29.57785973,28.01764,120.68649,28.01063,120.68159,-1,15,0
267,2064,72.25484047,10.4874433,27.87206,120.80251,27.889525,120.804362,6,1106,0
1632,1769,15.4404049,37.53494838,28.0016,120.70563,27.998722,120.707177,7,12,0
1306,1407,2.998108006,-20.47256882,27.99383,120.62833,27.97235,120.62717,8,96,0
1814,2368,27.87685184,-48.17623921,27.88108,120.671,27.86075,120.6532,3,121,0
1624,1717,8.395621311,-44.22524639,27.971715,120.608414,27.99375,120.61713,8,140,0
1106,2316,-25.11638376,-33.38296244,28.02311,120.59937,28.0271,120.60091,3,227,0
238,2074,30.51228249,43.86621498,27.985024,120.706695,27.986124,120.709577,7,68,0
1335,1509,60.8866849,-11.67086066,27.92006,120.82563,27.9249,120.82617,6,868,0
290,359,-18.29195178,15.23539253,28.01162,120.65943,28.0113,120.6614,3,24,0
702,2539,32.57572165,-12.07558761,27.94104,120.72061,27.97231,120.62724,-1,0,0
2385,2427,4.213288978,22.49842698,27.998,120.672205,28.0086,120.6772,4,0,0
906,1799,-2.291658431,46.70443376,28.01211,120.69386,27.99461,120.68409,-1,33,0
2515,2763,-41.55844644,-26.31230667,28.06853,120.60201,28.06783,120.61801,9,44,0
876,1455,-40.66589659,-2.082222713,28.01851,120.63892,28.03905,120.62757,-1,25,0
1,11,32.03364675,20.85691336,27.97014,120.75603,27.99544,120.72251,-1,42,0
442,1682,43.25845789,3.608614417,27.92124,120.83163,27.96568,120.73665,-1,0,0
287,2703,-6.739181305,-21.12307588,27.986822,120.630326,27.99103,120.63464,8,1735,0
1637,2396,-18.84498683,-12.97150125,28.007347,120.618907,28.03985,120.62173,-1,21,0
1082,2744,-29.97420661,19.16944748,28.016688,120.655528,28.0132,120.654,3,92,0
234,1008,-32.71708342,-8.945355676,28.01828,120.62547,28.06212,120.60705,-1,0,0
989,1569,3.943011583,7.398648927,27.987092,120.667981,27.984146,120.678225,-1,44,0
269,2757,51.29413497,-11.12907508,27.96807,120.80604,27.95417,120.82421,-1,1543,0
551,2770,65.08888499,24.60253838,27.86131,120.79032,27.85916,120.78527,6,1673,0
143,1023,-68.09647677,9.785030892,28.04546,120.65895,28.046787,120.661963,7,716,0
60,1019,64.05346987,8.819066818,27.89629,120.80392,27.89391,120.81686,6,42,0
208,2451,16.82466075,44.97227725,28.00568,120.7226,28.01596,120.72171,7,35,0
1759,2650,-23.4699569,42.79052978,28.018481,120.682668,28.024386,120.675309,3,46,0
284,1520,36.31258274,-24.0420453,27.92764,120.69437,27.92287,120.7033,3,2,0
1108,1655,45.37899866,-20.31948762,27.924685,120.69711,27.92826,120.70156,3,193,0
1071,2021,34.58465342,-14.79128055,27.92798,120.69488,27.92043,120.68424,3,35,0
1143,1706,42.44826286,-25.05683924,27.92288,120.70458,27.9208,120.70586,3,163,0
560,1441,-64.37842614,11.24571082,28.016323,120.703784,28.04381,120.65767,7,23,0
752,2214,16.75303677,-9.295709927,27.9454,120.65697,27.9598,120.68203,5,18,0
609,691,-45.50629856,-5.810940317,28.02096,120.62016,28.05782,120.58736,-1,12,0
1922,2413,65.49865551,23.75829142,27.85558,120.80096,27.85882,120.79137,6,793,0
284,1872,43.06262112,-15.95209529,27.92764,120.69437,27.92834,120.69922,3,911,0
638,1624,6.607086447,-34.88570214,27.99736,120.62159,27.971715,120.608414,8,21,0
609,1285,-50.70685868,-33.82512881,28.02096,120.62016,28.04108,120.61641,-1,341,0
1424,1618,-11.762473,-28.09493659,28.02108,120.60101,28.00977,120.60049,3,230,0
2155,2849,20.04389372,-46.88660138,27.93749,120.59711,27.92064,120.57853,10,603,0
76,928,24.68424134,44.07272773,27.99619,120.71034,27.99601,120.708,7,38,0
2396,2542,-32.64335809,-20.75061389,28.03985,120.62173,28.01903,120.61189,-1,63,0
748,1116,41.42321841,-22.34840047,27.9266,120.711,27.92366,120.70449,3,202,0
279,1956,42.44996285,37.53595284,27.98465,120.73383,27.96946,120.72066,10,235,0
15,2541,-1.47568998,-45.61823345,27.97664,120.63227,27.99417,120.59987,8,6,0
906,1397,7.845279015,39.80407692,28.01211,120.69386,28.00398,120.69828,7,8,0
306,702,32.5589154,-12.56187336,27.93177,120.67802,27.94104,120.72061,-1,11,0
866,922,36.41330085,25.59888743,27.97155,120.73972,27.97842,120.75478,10,36,0
696,2853,10.97217909,-51.17491617,27.960958,120.569257,27.97599,120.59211,-1,215,0
31,2733,-34.76693074,-3.428667014,28.02343,120.63235,28.019524,120.631948,3,3,0
1761,1799,-4.440463993,47.54873905,27.99851,120.67952,27.99461,120.68409,4,262,0
26,130,39.53646449,-49.24959332,27.91714,120.66023,27.90369,120.65562,3,4316,0
1415,1433,-43.0685711,21.9023488,28.01447,120.64201,28.015196,120.648057,3,909,0
1317,1818,23.23902423,33.11519195,27.995577,120.71498,27.98955,120.71298,7,0,0
16,331,-37.00251767,-23.55560913,28.07646,120.62205,28.03958,120.62042,-1,0,0
467,2750,3.275456375,57.39103305,28.012398,120.68848,28.00455,120.70115,7,53,0
1643,2549,4.374027838,-35.67378939,27.98054,120.61279,27.98841,120.58255,8,47,0
317,2939,-18.19514669,11.94536527,28.01994,120.655,28.011397,120.653141,3,53,0
1111,2745,-34.24433417,-1.177018591,28.02502,120.63963,28.02921,120.62987,7,6,0
211,2372,-14.14550226,-31.72218672,28.01211,120.58988,28.023805,120.597166,-1,59,0
1799,2202,1.192824212,27.37579131,27.99461,120.68409,27.99802,120.68311,4,77,0
399,2212,-16.09249727,31.50825926,28.02201,120.67908,28.02264,120.67946,3,3,0
1999,2110,33.88449171,-24.38682331,27.91395,120.70028,27.92408,120.70403,3,289,0
696,2505,18.14678248,-48.28671394,27.960958,120.569257,27.94729,120.54847,10,748,0
35,2906,-35.3801558,-51.50542881,28.06905,120.57281,28.08007,120.56796,9,58,0
2809,2894,-16.48471296,29.30992866,28.022802,120.673347,28.01941,120.67004,3,60,0
1164,1807,-65.15725967,2.026714897,28.04057,120.64705,28.040568,120.63282,7,1191,0
1474,2697,-18.92332623,-41.49540432,28.02436,120.58545,28.02837,120.58877,9,114,0
477,2519,19.20843496,42.52677278,27.994763,120.731284,27.99715,120.70087,7,7,0
1644,1651,35.05781119,22.73249025,27.97549,120.72917,27.97707,120.74717,10,51,0
604,814,-52.30389973,-30.37698899,28.015777,120.594444,28.06065,120.61145,-1,6,0
662,1416,-35.02958258,19.51224028,28.011023,120.643553,28.01137,120.64581,3,84,0
1679,2663,23.04397128,38.68589174,27.99338,120.70875,27.99627,120.72691,7,11,0
961,2880,-30.53425356,-57.44309358,28.06451,120.58223,28.06668,120.55625,9,721,0
415,2658,-30.58976207,2.701580674,28.01975,120.65219,28.023438,120.62652,-1,72,0
66,2197,-39.28347485,-30.32991265,28.0485,120.6088,28.04449,120.62163,7,0,0
1509,2254,59.91371873,-4.502064899,27.9249,120.82617,27.923401,120.816621,6,160,0
192,2599,-4.78646702,11.86750417,28.002732,120.666557,28.00304,120.66839,3,14,0
2138,2966,60.64000882,17.04982195,27.87481,120.78795,27.90319,120.81717,6,17,0
668,1560,-35.63911799,-33.36864864,28.0105,120.60976,28.034241,120.588717,-1,25,0
477,492,28.30999419,51.59489426,27.994763,120.731284,27.99261,120.71419,7,4,0
486,1133,39.12249905,28.12238268,27.97508,120.74612,27.97533,120.72453,10,56,0
615,1991,1.093423256,20.24611638,27.99109,120.67677,28.00104,120.67237,-1,32,0
666,2292,-35.43678277,-59.69337389,28.07352,120.58467,28.04572,120.58643,9,314,0
1133,2798,37.86353123,36.14785502,27.97533,120.72453,27.96855,120.72659,10,231,0
475,2079,-2.031008938,-14.39138464,27.98226,120.62389,27.99015,120.64099,-1,40,0
63,1424,-14.39722431,-21.89933606,28.01488,120.61139,28.02108,120.60101,3,29,0
568,2672,11.40634334,63.14885515,28.017992,120.701917,28.02026,120.69523,7,15,0
15,1921,2.410918292,-20.37010288,27.97664,120.63227,27.985876,120.627305,8,17,0
1130,2733,-37.92561798,-3.581373268,28.02327,120.63423,28.019524,120.631948,3,92,0
1727,2422,58.27585606,-8.961823569,27.91218,120.83617,27.93079,120.82979,6,368,0
221,1793,16.44622728,47.64640189,28.00742,120.71768,28.00591,120.71482,7,44,0
347,1651,26.46601933,24.53605158,27.98785,120.71681,27.97707,120.74717,-1,189,0
1376,1682,30.41500532,29.87556477,27.99176,120.72451,27.96568,120.73665,-1,16,0
198,2611,-6.262022964,38.37565451,27.99428,120.679324,27.995832,120.677166,4,204,0
1480,1810,71.25525251,-6.755662286,27.96194,120.78881,27.934862,120.767714,-1,163,0
2323,2614,-28.30128932,-8.729159189,28.02463,120.6447,28.01688,120.6293,-1,0,0
828,2032,13.75227765,-0.160011053,27.96168,120.677789,27.971743,120.676601,5,167,0
600,959,-34.63016548,28.75908331,28.00892,120.64776,28.009115,120.657413,3,60,0
1464,1478,-31.87211937,-3.441155598,28.02237,120.63238,28.02333,120.63639,-1,61,0
1105,1587,-36.86040353,24.56359914,28.00791,120.64843,28.00917,120.64028,3,581,0
1428,1464,-49.10169525,-1.316958488,28.02259,120.62662,28.02237,120.63238,-1,175,0
293,1736,-55.48136347,-7.214407946,28.02476,120.635142,28.029592,120.6244,-1,567,0
1335,2100,56.13004022,2.067625709,27.92006,120.82563,27.93118,120.82472,6,58,0
159,1860,19.78475171,2.69005246,27.94833,120.66804,27.97729,120.68651,-1,36,0
2173,2930,6.350054439,68.80993074,28.01765,120.74361,28.021655,120.71483,7,0,0
772,1547,-36.75268093,-51.9740179,28.05187,120.61117,28.07752,120.5896,-1,12,0
961,1590,-28.25655898,-53.64454651,28.06451,120.58223,28.02239,120.59436,-1,68,0
353,1500,-42.21611807,-33.19029167,28.04744,120.60876,28.05006,120.62061,7,69,0
1215,1578,1.448203495,-31.35531925,27.98702,120.60848,27.97058,120.5853,8,8,0
233,1143,40.08823608,-23.51413814,27.9299,120.70635,27.92288,120.70458,3,76,0
482,2796,49.64509925,21.26768982,27.97359,120.74776,27.97189,120.75195,10,5801,0
269,2305,41.01869799,13.4971944,27.96807,120.80604,27.98543,120.73922,-1,17,0
2542,2890,-26.19152116,-7.704775868,28.01903,120.61189,28.02424,120.6348,3,0,0
2137,2200,-67.84423389,5.66547422,28.04852,120.65349,28.03746,120.65611,7,306,0
2790,2963,1.456832296,-47.07694104,27.99273,120.60679,27.98802,120.61588,8,261,0
1394,2003,-3.451521942,31.93250795,27.99572,120.672658,28.00191,120.67862,4,77,0
556,2079,-3.39143931,-14.56551526,27.99014,120.62903,27.99015,120.64099,-1,16,0
69,1008,-46.14065181,-41.75358103,28.055285,120.609474,28.06212,120.60705,-1,591,0
2542,2766,-20.43033853,-21.26166652,28.01903,120.61189,28.01412,120.606248,3,335,0
1378,2119,40.66599399,28.85928848,27.9833,120.74401,27.97513,120.74591,10,117,0
1539,1905,29.9440356,-47.00513848,27.856937,120.689815,27.86345,120.67392,3,58,0
1787,2155,17.93183413,-32.41404867,27.90939,120.56294,27.93749,120.59711,10,25,0
255,2309,66.22230302,-1.334458092,27.91211,120.79786,27.92657,120.81725,6,60,0
160,1845,34.41294764,36.61264142,27.97864,120.71467,27.99406,120.72557,-1,128,0
1610,2568,-40.94821785,-41.44848437,28.05249,120.60567,28.04901,120.58582,-1,99,0
182,1455,-34.86237476,-17.81739993,28.01939,120.61656,28.03905,120.62757,-1,0,0
462,2000,37.15367029,-25.55548694,27.92121,120.70312,27.92247,120.70628,3,77,0
2214,2405,24.79839584,-2.495511757,27.9598,120.68203,27.96984,120.68551,5,3875,0
502,1184,6.469352845,-16.79436118,27.975415,120.651576,27.982012,120.645724,5,1756,0
1037,2875,42.5004094,-23.02558599,27.9231,120.70471,27.92368,120.70347,3,485,0
1337,1965,19.4036932,-48.38583682,27.9422,120.581,27.94943,120.58007,10,7009,0
1522,1845,39.36065386,41.53678294,27.987423,120.723357,27.99406,120.72557,7,496,0
15,1407,3.825288698,-39.2793305,27.97664,120.63227,27.97235,120.62717,8,1655,0
1152,2460,-15.52534433,25.92150558,28.013647,120.656985,28.021791,120.665431,3,0,0
2279,2632,23.38909529,39.61376052,27.98388,120.70501,28.0072,120.71529,-1,13,0
94,1977,3.572056218,23.77128694,28.00246,120.68241,27.99753,120.67522,4,20,0
1304,1643,2.268112521,-31.39189272,27.989339,120.608294,27.98054,120.61279,8,81,0
2209,2261,15.14402091,1.523411067,27.96734,120.67106,27.97054,120.68557,5,64,0
501,2239,-4.807176691,56.01979,28.004176,120.686025,28.00222,120.68192,4,138,0
858,2758,11.80756479,13.88219474,27.985,120.676,27.98519,120.67735,4,73,0
1481,2351,12.76971968,-32.06520411,27.96111,120.6227,27.95215,120.60432,-1,112,0
541,1643,13.12893445,-39.32501205,27.96193,120.60948,27.98054,120.61279,-1,23,0
2559,2617,-21.93045749,4.978055713,28.01104,120.64986,28.02136,120.65561,3,81,0
857,2347,64.42945412,-3.500354451,27.93632,120.80777,27.91091,120.81602,6,2,0
687,1326,8.679389759,34.71826331,28.006318,120.696659,28.0011,120.69646,7,114,0
1197,2324,69.29171098,15.36683099,27.8679,120.81282,27.8722,120.8266,6,373,0
1115,1273,-26.31132538,-16.6911845,28.01941,120.61672,28.02347,120.61544,3,24,0
637,1290,5.017048792,32.67577681,28.01522,120.68916,28.003203,120.691994,7,26,0
368,2616,11.18819325,62.4695673,28.0175,120.69666,28.018222,120.70197,7,413,0
80,761,-26.50952066,-3.158638909,28.01143,120.62756,28.02569,120.64175,-1,5,0
890,1563,34.17365692,-21.73122472,27.92123,120.70681,27.92204,120.69661,3,92,0
155,2128,62.43949112,7.996604642,27.90066,120.82456,27.8883,120.80901,6,4,0
2229,2446,-14.26418884,43.13709108,27.99852,120.65649,27.98763,120.66308,-1,79,0
9,1767,-0.870539692,2.327545748,27.99378,120.6501,27.97914,120.65482,-1,28,0
1416,1687,-23.89412587,7.334284669,28.01137,120.64581,28.0134,120.65344,3,19,0
213,234,-48.0753958,-5.618976952,28.01009,120.63564,28.01828,120.62547,-1,150,0
442,1440,56.58800723,-3.062574262,27.92124,120.83163,27.92653,120.78661,6,34,0
794,2808,18.01149417,-31.75039295,27.96834,120.57402,27.93617,120.55946,-1,51,0
823,2418,21.7330635,-13.96554359,27.9511,120.66043,27.93672,120.67951,5,139,0
369,1989,61.1295393,-10.06387837,27.9277,120.83323,27.93336,120.81773,6,502,0
12,945,70.57308216,21.68308185,27.8751,120.81027,27.87922,120.78748,6,1955,0
1103,1753,14.2917465,-21.1738474,27.97694,120.62826,27.96526,120.65283,-1,83,0
2200,2486,-67.40462998,9.351629402,28.03746,120.65611,28.04854,120.66293,7,264,0
1612,1749,9.545253253,-56.40966269,27.9938,120.57017,27.97581,120.57281,8,465,0
332,1211,-0.40062275,60.72841998,28.00341,120.68731,28.00477,120.69408,-1,939,0
328,1455,-49.39997395,-14.37010467,28.05929,120.65781,28.03905,120.62757,7,19,0
409,2498,46.58413054,-0.338859915,27.95855,120.75661,27.93632,120.80837,-1,177,0
936,1605,-50.53905832,5.567760229,28.02145,120.63334,28.01353,120.6398,3,870,0
2123,2298,38.04732698,-39.78566035,27.92383,120.67387,27.92952,120.68107,-1,3664,0
1679,2107,30.55985316,46.41927867,27.99338,120.70875,27.99097,120.70922,7,574,0
403,1483,31.36253253,46.03601069,27.98093,120.71034,27.9897,120.71206,7,61,0
959,1164,-42.15215647,-10.56679069,28.009115,120.657413,28.04057,120.64705,-1,21,0
1560,2697,-19.31022836,-41.71527294,28.034241,120.588717,28.02837,120.58877,9,374,0
2507,2642,-44.100001,10.99658707,28.02519,120.66642,28.03965,120.64593,-1,43,0
872,1416,1.738634329,-4.529248794,27.98477,120.64882,28.01137,120.64581,-1,2,0
2010,2232,4.804186496,26.14948908,27.99742,120.68104,27.99607,120.71016,-1,8,0
1376,2780,17.22083107,43.70512921,27.99176,120.72451,28.00116,120.7232,7,23,0
422,1448,27.17978839,52.50508931,28.00525,120.70299,27.99567,120.715,7,138,0
779,1424,-17.81292209,-37.00776257,28.03387,120.594038,28.02108,120.60101,-1,45,0
1071,2418,38.93862752,-15.54868958,27.92798,120.69488,27.93672,120.67951,-1,18,0
628,1601,55.27434589,-9.716244289,27.92742,120.82878,27.94796,120.8414,6,185,0
412,2331,38.39372999,-39.71239756,27.91108,120.67813,27.92645,120.67635,3,503,0
1082,1100,-26.41646536,9.231747762,28.016688,120.655528,28.00741,120.61911,-1,2,0
194,2255,-7.126415809,50.41642505,28.0005,120.67726,27.99861,120.67972,4,180,0
756,2779,64.96464061,3.987650092,27.90472,120.82388,27.9069,120.82629,6,19736,0
628,1509,60.00101793,-11.72729832,27.92742,120.82878,27.9249,120.82617,6,1954,0
550,1523,17.92328619,54.35973855,28.0076,120.72365,28.00705,120.72174,7,116,0
2816,2831,-60.41136227,5.878833982,28.04411,120.63996,28.04021,120.64658,7,130,0
1956,2075,33.7761696,-7.899769383,27.96946,120.72066,27.94054,120.69195,-1,216,0
1521,2620,-15.5658846,46.96852409,28.00551,120.66263,28.005401,120.667985,3,151,0
155,1660,61.04664875,8.261712233,27.90066,120.82456,27.91134,120.80988,6,6,0
552,1980,19.76578255,-9.506628344,27.96536,120.74141,27.9546,120.667,-1,4,0
2385,2715,-10.01439687,43.58654423,27.998,120.672205,27.99435,120.66326,4,170,0
19,1980,11.00834635,8.192012606,27.98443,120.66958,27.9546,120.667,-1,51,0
1108,2298,36.72930677,-12.42383767,27.924685,120.69711,27.92952,120.68107,-1,800,0
54,1736,-45.03559036,-7.549183832,28.018598,120.620672,28.029592,120.6244,-1,77,0
1782,2858,4.635324867,50.86365719,27.997236,120.700653,27.995808,120.698644,7,178,0
585,1799,10.4073171,35.30240195,28.00115,120.70215,27.99461,120.68409,-1,4,0
515,1876,19.12664384,-42.0322937,27.96781,120.62801,27.954186,120.587915,-1,106,0
77,1453,-8.522901341,-4.510259163,28.00743,120.64853,27.99832,120.6366,3,2,0
906,2787,-1.285896512,31.07709082,28.01211,120.69386,28.00461,120.6752,-1,11,0
1738,2568,-16.28432028,-51.55416254,28.04081,120.57769,28.04901,120.58582,9,2,0
542,1742,13.12078921,36.51258581,28.00788,120.70268,28.010383,120.6909,7,31,0
5,138,-63.54659498,16.11064037,28.05615,120.67115,28.04427,120.69476,7,24,0
748,2016,43.33660541,-24.77242852,27.9266,120.711,27.92264,120.70453,3,379,0
111,512,14.07976207,-14.85954895,27.95612,120.65155,27.96138,120.66311,5,104,0
112,2609,-19.26980278,-21.34231584,28.01472,120.61007,28.01418,120.59753,3,285,0
1455,2831,-40.540136,-12.4808197,28.03905,120.62757,28.04021,120.64658,7,40,0
1407,1643,6.093048914,-38.00857393,27.97235,120.62717,27.98054,120.61279,8,43,0
35,2847,-28.90088569,-53.24892202,28.06905,120.57281,28.041041,120.588459,9,29,0
1855,1994,5.950895647,15.13791299,27.98606,120.67631,27.992378,120.669665,4,34,0
916,1142,-38.55220189,32.86307555,28.01381,120.65692,28.01146,120.65856,3,304,0
1470,1699,17.05140735,10.81375232,27.97225,120.68006,27.97659,120.67899,5,10500,0
2462,2593,17.57186869,-10.92786252,27.93855,120.64822,27.96314,120.66947,5,13,0
1991,2263,-8.984686088,10.10341698,28.00104,120.67237,28.00726,120.65848,3,18,0
224,2629,-19.40005798,29.92205722,28.01492,120.66976,28.024983,120.66739,3,0,0
82,2010,-3.422148773,46.80489905,27.99276,120.68048,27.99742,120.68104,4,41,0
599,1470,22.81471909,-0.212770526,27.97321,120.72684,27.97225,120.68006,-1,49,0
11,2693,22.83373116,33.31563066,27.99544,120.72251,27.989197,120.703236,7,17,0
1024,1841,3.333409348,-31.47076711,27.989558,120.6089,27.980151,120.605199,8,42,0
46,2200,-39.48428101,-15.1459284,28.04917,120.61056,28.03746,120.65611,7,24,0
1736,1949,-38.5457235,-10.23812096,28.029592,120.6244,28.02608,120.646,7,8,0
607,1938,-34.98452857,10.29918449,28.024021,120.649228,28.01832,120.65141,-1,27,0
1285,2195,-52.81997913,-28.35326284,28.04108,120.61641,28.04344,120.61641,7,259,0
1799,2756,-0.174995973,47.13001899,27.99461,120.68409,27.98645,120.68772,4,406,0
676,1903,35.18998314,-35.9349938,27.92115,120.683,27.92249,120.67905,3,27,0
4,2963,-1.725895111,-28.55801283,27.98663,120.61963,27.98802,120.61588,8,8101,0
369,2835,57.37007203,-4.539799211,27.9277,120.83323,27.94411,120.78597,-1,73,0
202,2421,-18.14914033,11.51111176,28.0087,120.65515,28.014321,120.650131,3,22,0
358,1747,43.62617953,35.63231307,27.96854,120.74135,27.978667,120.735061,10,488,0
574,1563,38.25611171,-10.56337066,27.93368,120.71241,27.92204,120.69661,3,266,0
458,1929,31.45416554,-45.0451112,27.87682,120.64507,27.91255,120.63921,3,21,0
913,2899,-20.23710144,15.07206367,28.01042,120.65885,28.02802,120.65472,-1,0,0
1511,2305,36.6102001,28.23018759,27.97302,120.73654,27.98543,120.73922,10,31,0
644,1891,-38.23691567,35.29751757,28.01278,120.65944,28.01081,120.65992,3,496,0
1123,2185,9.647383369,-29.75073221,27.96552,120.64757,27.97251,120.60263,-1,4,0
488,2425,15.34827383,46.68375907,28.01171,120.71924,28.001305,120.717516,7,86,0
472,2087,-51.47266803,19.61690909,28.02401,120.65961,28.02363,120.66164,3,399,0
1508,2046,67.10330659,14.48546051,27.87711,120.81099,27.88702,120.81085,6,27,0
646,2894,-12.87873837,28.85577586,28.02101,120.67872,28.01941,120.67004,3,0,0
11,2750,13.88456461,32.78060209,27.99544,120.72251,28.00455,120.70115,7,8,0
2214,2418,30.12542492,-7.298926425,27.9598,120.68203,27.93672,120.67951,5,77,0
1290,2626,1.491300053,55.6399438,28.003203,120.691994,28.00254,120.695427,7,320,0
1653,1870,-10.58469623,8.015693491,28.00714,120.65555,27.99576,120.6574,3,21,0
1446,2185,7.224994064,-47.3788394,27.98015,120.60519,27.97251,120.60263,8,9213,0
1950,2624,30.29303135,38.56135908,27.99139,120.71952,27.97603,120.71773,-1,112,0
541,1998,8.905536932,-30.75230616,27.96193,120.60948,27.987217,120.623164,-1,17,0
2197,2745,-41.47146633,-3.121958571,28.04449,120.62163,28.02921,120.62987,7,2,0
815,1093,-10.00717981,-47.21863844,28.022225,120.579329,28.03228,120.58055,9,1450,0
1654,2290,-17.47092696,-30.76106026,28.02792,120.60131,28.01109,120.5954,3,29,0
297,2537,65.17635793,-4.25318478,27.92911,120.80675,27.92328,120.80462,6,165,0
1736,2622,-40.66155041,-2.708015295,28.029592,120.6244,28.0547,120.64565,7,15,0
794,2103,12.61103978,-51.61042469,27.96834,120.57402,27.98211,120.59701,8,181,0
188,2778,5.720994359,-22.92153124,27.97988,120.63103,27.99859,120.64039,-1,10,0
795,1110,26.69222545,-23.57908074,27.91839,120.66065,27.946867,120.69923,-1,5,0
145,874,-61.9594292,6.118960929,28.044045,120.652283,28.04411,120.64767,7,163,0
115,738,51.93552941,-10.40941859,27.94565,120.83188,27.9652,120.81554,-1,849,0
1549,2662,26.74163256,45.03530453,27.98966,120.70619,27.9944,120.7017,-1,98,0
1723,1866,-22.10703003,27.07932355,28.01437,120.67295,28.01517,120.66503,3,145,0
328,1608,-69.84742317,7.71550608,28.05929,120.65781,28.0453,120.65749,7,3257,0
595,2809,-12.20807517,25.17553871,28.01681,120.67808,28.022802,120.673347,3,0,0
224,491,-22.98670568,27.08697576,28.01492,120.66976,28.014866,120.661141,3,30,0
230,1882,15.1769729,-34.61878414,27.956312,120.600096,27.956101,120.599012,10,264,0
770,2332,33.47583146,-23.16101509,27.921591,120.704296,27.92441,120.70401,3,55,0
761,2816,-59.27000888,-2.824439444,28.02569,120.64175,28.04411,120.63996,7,459,0
2061,2915,0.288558052,42.72802879,27.98839,120.68338,27.98732,120.68157,4,986,0
522,2096,11.39790236,-40.46399064,27.95536,120.60011,27.97745,120.61375,-1,23,0
1828,2642,-61.12620325,4.677962562,28.039716,120.651201,28.03965,120.64593,7,98,0
224,2333,-15.33581624,24.90185807,28.01492,120.66976,28.02407,120.66508,3,2,0
1528,1620,-16.11533662,-12.27009956,28.01484,120.64575,28.01578,120.62194,-1,19,0
1427,1839,46.1878066,28.60290987,27.98011,120.74983,27.97706,120.75192,10,12691,0
585,1448,14.96481556,31.7710425,28.00115,120.70215,27.99567,120.715,7,6,0
2515,2725,-42.61742865,-49.12073159,28.06853,120.60201,28.08578,120.59077,9,110,0
779,2132,-20.49658168,-47.69446287,28.03387,120.594038,28.043908,120.588971,9,24,0
1108,1815,30.85863413,-28.60663765,27.924685,120.69711,27.92444,120.68972,3,201,0
384,2733,-49.51973327,-3.456352101,28.01405,120.63301,28.019524,120.631948,-1,128,0
283,1806,42.89030488,15.35990983,27.98338,120.744,27.971111,120.759166,10,8,0
1271,1796,-46.11889529,-13.09280977,28.047627,120.634779,28.04071,120.63988,7,29,0
2528,2809,-16.45311012,27.82312672,28.023744,120.653645,28.022802,120.673347,-1,94,0
1342,1879,-2.661085549,32.61096464,28.00491,120.67627,27.999526,120.680665,4,55,0
767,1608,-57.7248041,7.031344482,28.03954,120.64044,28.0453,120.65749,7,0,0
1748,2599,-6.298606918,17.19696603,27.99958,120.67043,28.00304,120.66839,3,33,0
1927,2622,-58.95550538,-13.49295721,28.04626,120.62785,28.0547,120.64565,7,290,0
615,1308,-1.62367969,43.33857898,27.99109,120.67677,27.98404,120.68203,4,316,0
270,529,-24.0616473,46.38480977,28.01764,120.68649,28.01174,120.68077,-1,224,0
62,2362,43.5525073,-29.29769477,27.92028,120.70493,27.92159,120.70412,3,798,0
42,77,-32.81348099,32.09891777,28.0014,120.65569,28.00743,120.64853,3,474,0
1053,1591,27.85435697,52.41110866,27.99068,120.7167,28.00528,120.70899,7,28,0
1134,2420,-4.764150376,-25.95238414,27.99644,120.63354,27.98362,120.61785,8,326,0
2298,2901,28.30665596,4.187615172,27.92952,120.68107,27.97339,120.7071,-1,110,0
487,489,-2.636372404,43.92189134,27.98776,120.67428,27.99167,120.67799,4,1093,0
724,2682,-15.19755176,2.599329619,27.99279,120.64931,27.99605,120.64769,3,1335,0
1769,1799,5.604890979,36.52571731,27.998722,120.707177,27.99461,120.68409,-1,44,0
328,1112,-50.8034935,-19.17205702,28.05929,120.65781,28.05274,120.62436,7,95,0
1826,2052,32.65959027,-25.16143512,27.92285,120.68994,27.92832,120.69785,3,24,0
1622,2169,7.126868266,30.16352209,28.00126,120.6875,28.002851,120.698951,-1,53,0
1106,1377,-19.5804395,-32.67539182,28.02311,120.59937,28.02627,120.60094,3,2,0
1709,2408,48.00648697,16.24100805,27.97034,120.76311,27.97638,120.75557,10,3337,0
496,2703,-6.745686653,-14.71330834,27.993833,120.628333,27.99103,120.63464,8,296,0
2129,2682,-14.39737119,2.840277035,27.98951,120.64774,27.99605,120.64769,-1,341,0
291,1373,-38.88670041,41.26214691,28.023257,120.659016,28.01793,120.66445,3,1165,0
1386,1956,35.00242865,-0.832027502,27.98557,120.68544,27.96946,120.72066,-1,16,0
1618,1881,-12.04783997,-28.31321562,28.00977,120.60049,28.01337,120.59429,3,105,0
2594,2661,-40.15666142,-55.60904437,28.08581,120.59066,28.079828,120.589546,9,1568,0
2048,2547,-38.69912796,-56.55533324,28.07875,120.58356,28.077515,120.5896,9,2569,0
2360,2663,34.35133284,19.4872616,27.97589,120.75072,27.99627,120.72691,-1,109,0
2064,2537,66.5659257,1.658417804,27.889525,120.804362,27.92328,120.80462,6,16,0
1,1302,46.98464834,10.6404372,27.97014,120.75603,27.96848,120.78369,-1,110,0
227,1164,-53.98468036,-14.89584597,28.05333,120.63083,28.04057,120.64705,7,316,0
1259,1416,-6.380281239,-2.535314061,28.00517,120.6494,28.01137,120.64581,3,36,0
608,2074,27.54676804,43.04790627,27.99367,120.69233,27.986124,120.709577,-1,77,0
2629,2762,-18.89096299,29.9738011,28.024983,120.66739,28.01919,120.67036,3,6,0
2242,2888,-42.22135087,-28.21896477,28.094722,120.645,28.05349,120.61286,-1,25,0
1286,1347,-38.55945423,27.85113737,28.01117,120.65006,28.01058,120.65406,3,1058,0
2012,2053,-44.58352562,1.270461373,28.02392,120.644412,28.01003,120.63016,-1,11,0
746,1284,34.11507848,-4.202984303,27.94545,120.66986,27.94439,120.71319,-1,9,0
244,1253,-63.59901135,19.31885705,28.08021,120.69711,28.08997,120.75321,-1,242,0
450,2096,1.310192826,-4.876305831,27.96474,120.57156,27.97745,120.61375,8,3,0
1495,1624,9.887462373,-34.28422221,27.95745,120.62666,27.971715,120.608414,8,0,0
415,2792,-13.91853423,19.36130291,28.01975,120.65219,28.02302,120.66759,3,17,0
188,2508,6.355515198,-23.43503065,27.97988,120.63103,27.96724,120.66561,-1,5,0
1152,1648,-29.43897143,19.35722391,28.013647,120.656985,28.01215,120.65684,3,80,0
208,1718,21.27429603,56.9829807,28.00568,120.7226,28.001831,120.717278,7,326,0
741,2793,17.95387649,-11.59778331,27.95095,120.65688,27.96841,120.73048,-1,0,0
677,1560,-50.64094081,-30.52192164,28.040628,120.619569,28.034241,120.588717,-1,43,0
2182,2399,17.47633871,-40.6912792,27.96515,120.61124,27.951096,120.598666,-1,7,0
615,2597,0.059657739,18.37876423,27.99109,120.67677,27.993358,120.671015,4,72,0
863,1107,61.44575125,0.041744921,27.91319,120.81612,27.917248,120.816344,6,24,0
237,1276,-2.807360994,-34.85307861,28.023421,120.592786,28.00066,120.58221,-1,22,0
1950,2162,26.38431709,31.23794257,27.99139,120.71952,27.99836,120.72046,7,92,0
488,2451,14.62264585,59.38515805,28.01171,120.71924,28.01596,120.72171,7,3719,0
1005,1731,-34.95923449,30.06230197,28.00628,120.65332,28.00652,120.64463,3,88,0
239,839,33.82806145,15.3921694,28.03887,120.7934,28.02525,120.77112,-1,55,0
237,2316,-27.40566139,-36.9162332,28.023421,120.592786,28.0271,120.60091,3,655,0
1510,1605,-44.91063363,1.074596847,28.023269,120.632426,28.01353,120.6398,-1,37,0
332,487,6.627793759,26.55104943,28.00341,120.68731,27.98776,120.67428,4,16,0
307,2258,-44.45096863,33.04714496,28.01573,120.65876,28.01658,120.65764,3,762,0
446,1578,4.263094544,-29.88837145,27.98581,120.61459,27.97058,120.5853,8,6,0
693,1651,38.5140784,28.44906612,27.97736,120.73532,27.97707,120.74717,10,80,0
748,1391,35.31700085,-18.28964051,27.9266,120.711,27.95467,120.69939,-1,14,0
1397,1782,11.0689537,34.14193951,28.00398,120.69828,27.997236,120.700653,7,0,0
11,911,14.56819244,31.9455564,27.99544,120.72251,27.96141,120.73461,-1,16,0
349,1520,43.64230911,-23.67288475,27.92317,120.70288,27.92287,120.7033,3,534,0
1590,2177,-12.04336135,-39.98839775,28.02239,120.59436,28.024786,120.575538,-1,57,0
257,2151,-45.36476474,-46.28104376,28.076984,120.602335,28.06452,120.61682,9,494,0
1267,2089,7.902704016,-4.658324664,27.969489,120.657672,27.970224,120.651685,5,10,0
25,318,7.957226758,1.820474294,27.976204,120.667973,27.97271,120.64743,5,23,0
2185,2790,4.787504224,-49.06173408,27.97251,120.60263,27.99273,120.60679,8,109,0
115,152,54.48741898,-4.829368049,27.94565,120.83188,27.91139,120.82389,6,29,0
2116,2602,-37.80617799,-40.54321475,28.04925,120.60197,28.041463,120.586511,-1,366,0
1292,2715,-2.162724588,12.1384152,27.99212,120.65926,27.99435,120.66326,4,33,0
1959,2617,-15.85531979,21.77363451,28.02514,120.6594,28.02136,120.65561,3,94,0
596,623,25.83370727,-20.77431826,27.93874,120.6784,27.94373,120.68649,5,143,0
137,1972,-65.17376714,22.11855361,28.09455,120.68783,28.088679,120.680149,1,22430,0
994,2914,-25.25563274,11.79036027,28.01318,120.65352,28.01922,120.64427,3,25,0
52,378,69.40618096,-9.869814712,27.93816,120.80145,27.96458,120.79525,-1,107,0
1509,1763,60.55458053,-9.168110093,27.9249,120.82617,27.92159,120.82161,6,343,0
919,2196,-35.72945259,42.21681595,28.01517,120.66789,28.0176,120.6671,3,1074,0
857,1293,63.98329932,-6.690703615,27.93632,120.80777,27.93743,120.83414,6,193,0
2517,2568,-35.14812715,-47.21945361,28.08227,120.59052,28.04901,120.58582,9,13,0
77,318,-10.22101836,7.210515653,28.00743,120.64853,27.97271,120.64743,-1,12,0
394,604,-14.46451309,-28.13240295,28.029211,120.593311,28.015777,120.594444,3,56,0
974,1950,22.40665295,35.12451902,27.999273,120.72067,27.99139,120.71952,7,0,0
14,595,-19.86939137,36.60364807,28.02496,120.66541,28.01681,120.67808,3,105,0
1155,1581,58.50745891,4.215515687,27.9164,120.82583,27.90633,120.81918,6,3,0
574,2000,41.52364718,-25.01682333,27.93368,120.71241,27.92247,120.70628,3,281,0
779,2827,-36.68531563,-40.09444908,28.03387,120.594038,28.05657,120.60001,-1,41,0
204,1453,-6.215230687,-11.95950989,27.99015,120.62566,27.99832,120.6366,-1,54,0
470,627,-37.22542134,3.761550227,28.024081,120.646811,28.0494,120.66193,-1,0,0
1051,1501,-47.0096959,-36.02035363,28.04252,120.60963,28.05557,120.61784,7,44,0
818,2176,18.82375168,-14.83149897,27.94749,120.64401,27.95843,120.65338,5,99,0
608,780,9.599227064,29.77327129,27.99367,120.69233,28.01006,120.68043,4,29,0
246,972,24.48971953,-9.122435898,27.95634,120.66596,27.94366,120.68317,5,116,0
720,1852,42.05946202,21.06873351,27.97976,120.74186,27.96059,120.7497,10,13,0
735,1134,-7.870504327,-18.29697927,27.993371,120.637184,27.99644,120.63354,8,2707,0
340,1380,-5.21969615,52.28933526,27.99961,120.68514,28.00675,120.68244,4,60,0
547,2282,13.28270062,24.25883992,27.98521,120.67877,27.99125,120.69051,4,6,0
1019,1218,58.66664961,8.784307432,27.89391,120.81686,27.91539,120.8198,6,25,0
1610,2888,-47.11310692,-40.77010068,28.05249,120.60567,28.05349,120.61286,7,3629,0
2278,2617,-50.71940711,18.17726089,28.0258,120.65965,28.02136,120.65561,-1,16,0
1116,1143,38.98008292,-21.46732909,27.92366,120.70449,27.92288,120.70458,3,31,0
779,2568,-33.92229218,-40.37634773,28.03387,120.594038,28.04901,120.58582,9,120,0
849,1537,-20.2038778,7.299430953,28.01215,120.65165,28.011427,120.649686,3,24,0
1590,1908,-14.20727461,-22.79940208,28.02239,120.59436,28.0141,120.60512,3,74,0
2333,2809,-16.43835036,25.83607115,28.02407,120.66508,28.022802,120.673347,3,19,0
1759,2762,-25.14341166,41.46980134,28.018481,120.682668,28.01919,120.67036,3,224,0
748,1216,32.80799436,-25.43587317,27.9266,120.711,27.91978,120.70622,3,26,0
795,1237,33.7634156,-45.6370986,27.91839,120.66065,27.888329,120.714934,3,4,0
609,1082,-29.35958245,2.459605421,28.02096,120.62016,28.016688,120.655528,3,60,0
1099,2835,70.41033763,-9.036802802,27.92578,120.79581,27.94411,120.78597,-1,492,0
1412,1999,34.10180217,-27.49557546,27.92129,120.70489,27.91395,120.70028,3,71,0
2137,2890,-57.64299198,7.629866464,28.04852,120.65349,28.02424,120.6348,-1,38,0
2373,2428,-0.354583557,3.045315599,27.99672,120.65264,27.98819,120.6531,-1,847,0
48,1152,-13.07287715,32.33985393,28.01947,120.67661,28.013647,120.656985,3,51,0
828,2446,1.223030128,12.99953579,27.96168,120.677789,27.98763,120.66308,-1,59,0
172,1058,-41.37439636,-21.85187299,28.0428,120.62069,28.04752,120.63044,7,46,0
48,86,-31.52163196,15.73252308,28.01947,120.67661,28.01563,120.65181,3,23,0
773,1855,-6.238407417,43.08162951,27.989406,120.673557,27.98606,120.67631,4,2152,0
347,2556,21.31595336,49.12905155,27.98785,120.71681,28.00322,120.7122,7,67,0
603,1749,10.37661375,-28.89695101,27.97164,120.62661,27.97581,120.57281,8,31,0
1087,1759,-15.87710343,27.58692593,28.02274,120.66726,28.018481,120.682668,3,84,0
634,2900,-20.66768951,-33.37567318,28.02449,120.60873,28.02464,120.59964,3,35,0
638,2703,-7.603431857,-19.70137354,27.99736,120.62159,27.99103,120.63464,8,1407,0
720,1806,42.2679462,17.32561222,27.97976,120.74186,27.971111,120.759166,10,73,0
2229,2574,-5.265799113,6.078754181,27.99852,120.65649,27.99428,120.66013,-1,16,0
831,1194,18.61870296,-6.482375251,27.9762,120.668,27.9573,120.67705,5,6,0
305,766,-19.35318332,-14.44410484,28.008511,120.618079,28.00726,120.61292,4,655,0
1683,1698,25.57169657,-12.41351689,27.95708,120.67304,27.95861,120.665556,5,9429,0
744,823,11.24949009,-6.403395043,27.96358,120.66496,27.9511,120.66043,5,0,0
1294,1331,-37.08297488,-45.90839855,28.06952,120.58518,28.07361,120.61293,9,119,0
1273,1500,-53.60197251,-29.42730929,28.02347,120.61544,28.05006,120.62061,-1,229,0
678,2642,-43.26666598,-16.02836498,28.04554,120.65654,28.03965,120.64593,7,7,0
1184,2264,9.517325583,-12.53513378,27.982012,120.645724,27.95241,120.64911,5,46,0
773,2127,-7.139174942,41.86572054,27.989406,120.673557,27.98869,120.6726,4,1707,0
906,2535,-23.22642813,46.49921761,28.01211,120.69386,28.01377,120.68309,-1,264,0
1673,2801,-39.17785092,31.0285472,28.00217,120.64577,28.01569,120.65545,3,39,0
1680,2022,18.6421726,-12.64640347,27.96413,120.67139,27.94096,120.64958,5,6,0
916,1958,-39.70062868,38.14412693,28.01381,120.65692,28.01842,120.65967,3,381,0
758,1321,-3.96776622,50.58503348,27.99542,120.68153,27.99863,120.68954,4,69,0
1849,2028,69.51077148,1.867904692,27.89831,120.81286,27.92122,120.80887,6,7,0
1385,2092,-44.86407822,-2.856865003,28.05153,120.62762,28.0195,120.63455,-1,21,0
691,2515,-42.6154521,-46.35846833,28.05782,120.58736,28.06853,120.60201,9,1623,0
649,1837,-1.829527305,-18.47643668,27.981943,120.645555,27.98603,120.63754,-1,262,0
178,307,-41.61895512,30.61907266,28.01444,120.65108,28.01573,120.65876,3,433,0
1165,1330,2.184933499,17.43974626,27.98951,120.67228,27.988333,120.6725,4,11,0
1581,2303,65.47633079,3.932451577,27.90633,120.81918,27.90821,120.80227,6,160,0
2217,2543,9.738691513,4.405810686,27.97587,120.67071,27.978448,120.671401,5,725,0
1591,1635,15.11135316,36.44993063,28.00528,120.70899,27.999841,120.721011,7,5,0
1469,2374,62.68247245,-3.665237541,27.93568,120.7957,27.93982,120.7985,6,103,0
523,2168,-24.80170063,-25.85923257,28.01991,120.60428,28.02265,120.60445,3,272,0
358,2793,41.62236118,33.17053689,27.96854,120.74135,27.96841,120.73048,10,3483,0
882,1563,34.78921689,-26.53599869,27.921388,120.7025,27.92204,120.69661,3,3,0
2699,2713,56.44486328,-1.496396481,27.92749,120.82481,27.9236,120.82555,6,41,0
2486,2622,-69.6598314,11.63717979,28.04854,120.66293,28.0547,120.64565,7,72,0
673,1592,-17.73198643,-49.28131705,28.05464,120.60495,28.04448,120.57033,-1,53,0
255,461,67.78405801,2.538068842,27.91211,120.79786,27.8974,120.81737,6,595,0
1794,1872,30.47527293,-23.5434932,27.94302,120.67619,27.92834,120.69922,-1,17,0
402,2801,-27.52212617,26.98794135,28.01188,120.66205,28.01569,120.65545,3,36,0
969,2250,28.23899681,-25.75565967,27.92722,120.69833,27.92446,120.6923,3,155,0
217,1169,-21.79678035,-24.83325105,28.01578,120.59444,28.01606,120.6036,3,403,0
2479,2593,33.56504134,-1.55874764,27.95756,120.72822,27.96314,120.66947,-1,0,0
845,1547,-30.59161451,-51.44301181,28.06506,120.57549,28.07752,120.5896,9,15,0
1697,1775,53.77151164,-1.846707829,27.93044,120.81856,27.93336,120.817726,6,38,0
1351,2890,-57.62568255,-3.234918659,28.04387,120.63355,28.02424,120.6348,-1,271,0
874,2323,-62.32074887,2.103394398,28.04411,120.64767,28.02463,120.6447,7,161,0
163,488,13.48414627,45.98719905,28.0157,120.708492,28.01171,120.71924,7,41,0
143,1385,-40.34442954,-1.844761928,28.04546,120.65895,28.05153,120.62762,7,18,0
859,1753,28.49538414,-15.98210582,27.95386,120.68203,27.96526,120.65283,5,5,0
1584,2779,66.87685218,6.462626299,27.89209,120.81396,27.9069,120.82629,6,272,0
1400,2271,-24.39632866,-20.60744148,28.01833,120.60806,28.01831,120.61281,3,598,0
1673,2531,-15.91706539,2.088222204,28.00217,120.64577,27.99591,120.64416,3,161,0
2274,2570,64.89872172,11.24191852,27.87983,120.81482,27.8882,120.80334,6,62,0
1562,1704,-1.18773399,-39.89502129,27.99767,120.57531,27.97611,120.56109,8,55,0
252,667,33.97453518,31.75019653,27.9874,120.73534,27.986198,120.732437,10,4,0
2427,2670,-1.06632942,30.04496133,28.0086,120.6772,28.004123,120.680295,4,100,0
325,982,64.40386447,15.321076,27.867766,120.811222,27.87452,120.79789,6,23,0
328,424,-23.54141811,37.14168041,28.05929,120.65781,28.025412,120.669507,-1,23,0
959,2120,-34.33098311,32.89538818,28.009115,120.657413,28.00312,120.65388,3,701,0
213,936,-48.86257516,5.059520764,28.01009,120.63564,28.02145,120.63334,3,623,0
11,347,36.36910087,46.41182837,27.99544,120.72251,27.98785,120.71681,7,774,0
617,2834,-10.5073686,-27.77686471,28.013371,120.594287,28.00969,120.59728,3,1400,0
1098,2746,-38.13697942,-24.08171368,28.0475,120.62333,28.03863,120.61579,7,103,0
1586,1799,-6.724679863,48.12866776,27.993909,120.679255,27.99461,120.68409,4,33,0
563,874,-41.23946012,-15.07247026,28.03956,120.65442,28.04411,120.64767,7,54,0
408,1713,-40.87561838,-6.086101344,28.05042,120.6339,28.01567,120.62619,-1,8,0
1601,2051,54.31738916,-6.596536892,27.94796,120.8414,27.91544,120.83871,6,132,0
1082,2012,-41.03268449,16.5016093,28.016688,120.655528,28.02392,120.644412,3,177,0
313,479,38.25768287,-45.94752044,27.900456,120.63408,27.89857,120.63091,3,195,0
621,2182,11.43493084,-37.15976069,27.98848,120.61075,27.96515,120.61124,8,45,0
954,2717,-13.40705383,25.61402697,28.018214,120.672196,28.024111,120.656361,3,10,0
257,2883,-37.85018674,-55.83785265,28.076984,120.602335,28.079318,120.572831,9,2806,0
1166,2155,17.19038209,-35.93465589,27.95794,120.60138,27.93749,120.59711,10,84,0
906,1025,4.750788936,35.68376109,28.01211,120.69386,27.992,120.69598,-1,4,0
1184,2089,6.830503837,-16.3140071,27.982012,120.645724,27.970224,120.651685,5,195,0
2223,2254,64.21006119,-8.907599625,27.922663,120.824735,27.923401,120.816621,6,481,0
2236,2561,-1.660258789,26.98821542,27.9946,120.674,28.00155,120.68023,4,16,0
647,950,5.875230614,-41.0943969,27.9749,120.63133,27.98069,120.61263,8,62,0
306,1811,34.43331857,-42.06817751,27.93177,120.67802,27.89896,120.665197,-1,39,0
1298,2030,-28.77579383,-3.574722963,28.01943,120.636564,28.017229,120.633291,3,52,0
1983,2111,72.4062612,8.892874224,27.88689,120.80628,27.88503,120.79691,6,198,0
2644,2873,35.38732314,14.74187806,28.019199,120.784475,28.000323,120.727524,-1,97,0
724,1673,-7.98599735,-0.958160434,27.99279,120.64931,28.00217,120.64577,3,17,0
2792,2914,-21.09401207,31.5880804,28.02302,120.66759,28.01922,120.64427,3,0,0
1683,2822,17.91669902,-6.682156884,27.95708,120.67304,27.97743,120.73394,-1,0,0
298,2021,40.01630111,-31.08730486,27.92054,120.70164,27.92043,120.68424,3,640,0
47,2160,48.24177635,19.0163142,27.97433,120.75967,27.9668,120.7548,10,1507,0
383,1744,-20.46972129,-52.75562976,28.05006,120.58705,28.049438,120.581163,9,54,0
39,1339,-37.95063069,-50.58078412,28.10718,120.62483,28.10607,120.63485,9,1307,0
1841,1995,3.821934581,-31.24978026,27.980151,120.605199,27.98625,120.5825,8,25,0
1612,1702,6.381061364,-57.3370045,27.9938,120.57017,27.997171,120.570542,8,892,0
2124,2644,44.32332969,12.14001898,28.0048,120.764,28.019199,120.784475,-1,517,0
858,2633,14.54325144,13.82372638,27.985,120.676,27.98511,120.67531,4,183,0
2468,2581,-45.23873508,20.86444006,28.022717,120.632107,28.020019,120.648575,3,9653,0
117,1654,-29.20608093,-33.41421659,28.026108,120.592702,28.02792,120.60131,3,347,0
9,620,-1.074418552,7.931429822,27.99378,120.6501,27.99255,120.65651,-1,23,0
741,2190,13.03729484,13.01090697,27.95095,120.65688,27.98235,120.67423,5,28,0
1337,2150,19.13320019,-46.65319761,27.9422,120.581,27.99711,120.58895,-1,150,0
98,183,-12.25413487,1.203056887,27.996306,120.644374,27.995578,120.650046,3,146,0
836,2844,-17.59240915,-25.90055549,28.02242,120.60801,28.0199,120.60572,3,44,0
991,2929,-52.96309131,17.82301382,28.02726,120.65732,28.026713,120.658442,7,443,0
752,795,28.57648075,-16.89064463,27.9454,120.65697,27.91839,120.66065,-1,6,0
720,2837,44.33954969,32.06634574,27.97976,120.74186,27.9784,120.74066,10,393,0
365,2229,-30.03709438,34.18332718,27.98328,120.65734,27.99852,120.65649,-1,166,0
584,1103,-1.179912602,-21.1085313,27.99383,120.62841,27.97694,120.62826,8,57,0
29,487,-1.588500388,18.69979327,27.9926,120.671,27.98776,120.67428,4,5,0
481,1159,-13.43051877,-29.48398659,28.00644,120.59212,28.02791,120.59925,3,155,0
819,2223,66.24456684,-4.798818873,27.91736,120.79806,27.922663,120.824735,6,325,0
912,2842,17.75966733,21.28218047,27.98324,120.72334,27.98853,120.69743,-1,36,0
1262,2531,-9.24269239,-11.2942273,27.98453,120.66027,27.99591,120.64416,-1,69,0
1391,2508,27.54675541,1.942733157,27.95467,120.69939,27.96724,120.66561,-1,72,0
2120,2939,-34.32686372,30.61361494,28.00312,120.65388,28.011397,120.653141,3,209,0
205,2341,0.500219324,41.30083505,27.9885,120.68917,27.98923,120.68066,4,109,0
1233,2776,-8.361674175,-32.04893193,28.01428,120.58353,28.01919,120.588,9,112,0
224,1380,-5.919472647,30.95607831,28.01492,120.66976,28.00675,120.68244,-1,55,0
467,646,-11.91242494,32.44852756,28.012398,120.68848,28.02101,120.67872,-1,39,0
595,1742,-21.08558967,46.03199539,28.01681,120.67808,28.010383,120.6909,-1,114,0
2182,2849,15.3902078,-31.91885825,27.96515,120.61124,27.92064,120.57853,-1,14,0
1226,1731,-35.44691471,28.40701071,28.01039,120.65256,28.00652,120.64463,3,17,0
595,2535,-24.2609365,45.41494361,28.01681,120.67808,28.01377,120.68309,3,354,0
709,1948,44.33997974,20.71087269,27.97153,120.73361,27.96583,120.74971,10,193,0
1022,2802,33.54296729,28.60348169,27.99539,120.7173,27.98055,120.72944,-1,68,0
644,2767,-28.47060278,26.30824656,28.01278,120.65944,28.00293,120.64916,3,112,0
1316,2496,31.7841211,4.163956071,27.97332,120.71019,27.94412,120.76969,10,9,0
437,615,-7.887168778,41.70029478,27.98847,120.666286,27.99109,120.67677,4,422,0
204,1667,-0.481296668,-24.17800824,27.99015,120.62566,27.93583,120.61337,8,37,0
779,2453,-37.23905985,-38.7961421,28.03387,120.594038,28.04644,120.60417,-1,106,0
1294,2568,-35.56464676,-45.36389428,28.06952,120.58518,28.04901,120.58582,9,24,0
1248,2232,12.30883768,37.60439496,28.002061,120.703124,27.99607,120.71016,7,0,0
14,1373,-26.15741463,37.4328864,28.02496,120.66541,28.01793,120.66445,3,387,0
268,1347,-8.909224091,13.63889365,28.002086,120.662539,28.01058,120.65406,3,0,0
439,2617,-42.72937622,16.29428273,28.02332,120.64816,28.02136,120.65561,3,109,0
617,2542,-12.74272569,-26.64117522,28.013371,120.594287,28.01903,120.61189,3,82,0
876,1884,-26.91102723,-1.500203166,28.01851,120.63892,28.01661,120.63702,3,22,0
619,2581,-18.47780143,14.54268093,28.01319,120.65921,28.020019,120.648575,3,11,0
1441,1963,-44.14550797,-13.83535192,28.04381,120.65767,28.050194,120.692298,7,19,0
1939,2604,3.953850031,32.72255653,28.00197,120.68016,28.00339,120.6913,-1,14,0
50,1352,61.62835947,17.16961598,27.86632,120.78925,27.878333,120.793611,6,17,0
698,1151,-42.30876701,-49.62718036,28.07126,120.60869,28.082463,120.58878,9,1647,0
2064,2865,62.75622036,7.552779292,27.889525,120.804362,27.90471,120.82127,6,63,0
52,2835,70.19312337,-9.282837627,27.93816,120.80145,27.94411,120.78597,-1,472,0
1535,2890,-58.67125367,-4.399690205,28.03768,120.63277,28.02424,120.6348,-1,243,0
739,2093,31.20879034,13.09533879,28.0287,120.8004,28.02905,120.78585,2,39,0
2507,2899,-40.28071637,8.53567344,28.02519,120.66642,28.02802,120.65472,-1,32,0
1092,1683,24.73764028,-11.76415703,27.96187,120.66042,27.95708,120.67304,5,455,0
2131,2715,7.915805767,-1.268613,27.97509,120.65593,27.99435,120.66326,-1,11,0
490,1572,-36.91025079,-32.59248585,28.00307,120.6298,28.02693,120.60664,3,4,0
708,2153,30.6906358,-17.85822438,27.9343,120.7072,27.91643,120.68875,3,15,0
2083,2182,14.26487536,-41.05137356,27.95887,120.60962,27.96515,120.61124,-1,979,0
1582,1753,12.21518365,-7.538630511,27.96936,120.67444,27.96526,120.65283,5,21,0
325,379,72.49653298,15.75756252,27.867766,120.811222,27.87831,120.82092,6,411,0
1329,2968,-42.16381075,9.840860211,28.02655,120.65947,28.02802,120.6546,7,55,0
2433,2968,-51.14379231,20.49347744,28.02202,120.66394,28.02802,120.6546,-1,163,0
4,1797,-1.62041501,-28.13120145,27.98663,120.61963,27.98643,120.62096,8,4710,0
438,2029,-50.55619142,-24.02714628,28.03933,120.62364,28.0414,120.62359,7,26,0
420,560,12.7968944,58.32003971,28.019477,120.715049,28.016323,120.703784,7,423,0
353,2860,-40.73560584,-30.26895912,28.04744,120.60876,28.0702,120.62208,-1,61,0
2816,2899,-51.85142289,14.14926326,28.04411,120.63996,28.02802,120.65472,7,19,0
1939,1977,-7.556611991,47.77684251,28.00197,120.68016,27.99753,120.67522,4,433,0
691,1140,-21.23875485,-48.95158765,28.05782,120.58736,28.04193,120.57698,9,43,0
1562,1578,-0.58120593,-36.16399898,27.99767,120.57531,27.97058,120.5853,8,3,0
1660,2033,55.87254108,5.257139948,27.91134,120.80988,27.9196,120.81824,6,100,0
382,619,-24.69684065,21.50421619,28.01967,120.6623,28.01319,120.65921,3,147,0
663,2089,6.620557212,3.244497613,27.97693,120.66377,27.970224,120.651685,5,43,0
2571,2962,52.21360397,-10.45597892,27.95427,120.8335,27.95764,120.82445,6,410,0
27,1769,23.23997175,48.00288291,28.00949,120.71444,27.998722,120.707177,7,42,0
652,2570,74.7660982,8.408862757,27.88623,120.80236,27.8882,120.80334,6,1420,0
109,1093,-22.83694351,-42.50347048,28.03316,120.59087,28.03228,120.58055,9,9559,0
1318,1751,-65.8622984,21.06745325,28.073,120.71997,28.0794,120.72004,1,5037,0
73,1127,-19.30856482,-8.603415411,28.01003,120.63314,28.01,120.62972,-1,542,0
604,2150,-16.34568889,-26.6816509,28.015777,120.594444,27.99711,120.58895,3,13,0
403,2209,26.95963275,5.606009814,27.98093,120.71034,27.96734,120.67106,-1,9,0
2424,2751,-15.04215781,51.40418428,28.01008,120.67058,28.01002,120.66745,3,1402,0
1273,1626,-15.93449928,-24.02468115,28.02347,120.61544,28.01389,120.60169,3,77,0
137,2681,0.326327104,-6.864981408,28.09455,120.68783,28.07028,120.68807,1,33,0
2005,2481,31.53317175,-12.46714922,27.92325,120.6878,27.97265,120.66766,-1,24,0
112,621,-13.7797361,-20.60127564,28.01472,120.61007,27.98848,120.61075,-1,15,0
2650,2792,-20.78541863,35.00738891,28.024386,120.675309,28.02302,120.66759,3,34,0
1257,2549,11.32434828,-52.89872367,27.97868,120.57877,27.98841,120.58255,8,254,0
1480,2028,68.69484511,-9.045216487,27.96194,120.78881,27.92122,120.80887,-1,143,0
1238,1837,0.582043165,-12.86521913,28.00439,120.65275,27.98603,120.63754,-1,0,0
1055,1362,73.30973356,5.539899943,27.89321,120.79688,27.89369,120.80917,6,857,0
575,2508,2.356079194,-3.339081612,27.98117,120.66776,27.96724,120.66561,-1,0,0
1895,2539,13.31264256,-24.25454501,27.96905,120.70307,27.97231,120.62724,-1,0,0
2138,2560,66.12480846,22.21436444,27.87481,120.78795,27.86448,120.80129,6,187,0
1230,2968,-53.30979081,16.5976843,28.02816,120.65689,28.02802,120.6546,7,72,0
1110,2000,26.27950399,-18.39526314,27.946867,120.69923,27.92247,120.70628,-1,15,0
936,1743,-33.77640024,-3.911850459,28.02145,120.63334,28.02983,120.63357,-1,26,0
2237,2297,46.95967393,-22.37216435,27.92797,120.69797,27.92659,120.71116,3,2433,0
2197,2729,-58.1237415,-19.28653631,28.04449,120.62163,28.05359,120.63947,7,86,0
1110,1348,28.27456251,-20.67073549,27.946867,120.69923,27.92776,120.69408,-1,60,0
659,1749,11.4152083,-52.0321215,27.98025,120.58452,27.97581,120.57281,8,401,0
117,2575,-27.51884241,-37.93403071,28.026108,120.592702,28.02926,120.59028,-1,3515,0
1807,2921,-59.03668181,-25.31076666,28.040568,120.63282,28.04626,120.62812,7,1780,0
1950,2756,26.1298076,43.30938353,27.99139,120.71952,27.98645,120.68772,-1,28,0
2053,2188,-52.06962796,-6.734054937,28.01003,120.63016,28.02031,120.62527,4,422,0
1502,1910,1.467175352,14.05804773,27.991292,120.664871,27.992221,120.669443,4,4,0
545,1794,17.24929948,-6.788725253,27.96676,120.65937,27.94302,120.67619,5,0,0
1837,1998,-5.483199583,-21.69702788,27.98603,120.63754,27.987217,120.623164,8,4186,0
1577,2453,-37.1317877,-38.37051822,28.04175,120.58651,28.04644,120.60417,-1,80,0
414,1717,8.409114756,-31.02139616,27.96162,120.59686,27.99375,120.61713,-1,0,0
812,2281,-22.67928078,6.583061681,28.01375,120.6551,28.00143,120.63625,3,11,0
258,1684,2.786985245,-30.5544858,27.986706,120.608952,27.98796,120.61592,8,6,0
773,2471,3.231450906,15.60035417,27.989406,120.673557,28.00877,120.66836,-1,4,0
828,2022,19.68974035,-15.43016693,27.96168,120.677789,27.94096,120.64958,5,569,0
615,2424,3.879297454,15.75896357,27.99109,120.67677,28.01008,120.67058,-1,8,0
1767,2344,0.853564961,-12.46547418,27.97914,120.65482,28.000843,120.64058,-1,4,0
638,2319,-2.377830202,-46.91838299,27.99736,120.62159,27.97631,120.60491,8,81,0
1794,2362,31.76709971,-21.76757198,27.94302,120.67619,27.92159,120.70412,-1,31,0
1582,1680,23.67504644,-3.240814957,27.96936,120.67444,27.96413,120.67139,5,11902,0
188,334,-0.193596265,-24.56210204,27.97988,120.63103,27.984462,120.62474,8,36,0
1731,2269,-12.40016645,8.077785113,28.00652,120.64463,28.0054,120.65452,3,2,0
660,1244,-4.463765808,19.95646462,27.99791,120.66801,28.00503,120.67134,3,3,0
797,2822,43.95186836,34.64029655,27.97373,120.74409,27.97743,120.73394,10,1165,0
1159,1474,-22.22610505,-42.28857701,28.02791,120.59925,28.02436,120.58545,-1,834,0
1187,2142,21.22334802,27.83594538,27.96331,120.66311,27.98684,120.71242,-1,24,0
152,409,49.22059459,4.933335088,27.91139,120.82389,27.95855,120.75661,-1,0,0
1582,2848,24.03196461,-2.094339352,27.96936,120.67444,27.965369,120.686131,5,6189,0
608,1761,-0.403258558,34.86000659,27.99367,120.69233,27.99851,120.67952,4,76,0
955,2167,-65.40829227,9.09707275,28.04133,120.65311,28.0438,120.65797,7,2170,0
780,1926,-17.81378894,51.15928482,28.01006,120.68043,28.01239,120.67322,-1,156,0
912,2160,40.95683707,21.15342741,27.98324,120.72334,27.9668,120.7548,10,122,0
738,2007,42.63568625,11.69574826,27.9652,120.81554,27.99715,120.77526,-1,132,0
194,2236,-7.882743358,48.22274351,28.0005,120.67726,27.9946,120.674,4,63,0
1654,2900,-19.75826748,-33.06283184,28.02792,120.60131,28.02464,120.59964,3,17,0
836,1388,-28.73141573,4.353633814,28.02242,120.60801,28.01822,120.64711,3,23,0
5,874,-65.80315995,16.69281431,28.05615,120.67115,28.04411,120.64767,7,59,0
585,692,5.718073265,57.1119687,28.00115,120.70215,28.00622,120.6991,7,901,0
1008,1620,-34.69921955,-6.489676746,28.06212,120.60705,28.01578,120.62194,-1,0,0
1008,1596,-42.23081286,6.881777657,28.06212,120.60705,28.027266,120.655901,-1,5,0
408,1130,-53.29595123,-2.571690117,28.05042,120.6339,28.02327,120.63423,-1,7,0
1651,2173,37.59003838,15.96859821,27.97707,120.74717,28.01765,120.74361,-1,0,0
857,2726,66.4970594,-6.101509668,27.93632,120.80777,27.9296,120.80677,6,216,0
408,2188,-44.1965761,-4.630852967,28.05042,120.6339,28.02031,120.62527,-1,4,0
549,820,12.60295298,37.94537533,28.00025,120.7286,28.00789,120.70721,7,7,0
1869,2234,34.51284339,-44.09966611,27.89644,120.63496,27.8815,120.63331,3,196,0
149,1087,-18.09812385,23.46397404,28.01646,120.65935,28.02274,120.66726,3,52,0
48,2164,-14.75402469,30.11806787,28.01947,120.67661,28.01286,120.66582,3,51,0
189,911,16.16856973,22.62263802,27.98396,120.69007,27.96141,120.73461,-1,0,0
2745,2914,-42.54908595,0.917509276,28.02921,120.62987,28.01922,120.64427,-1,18,0
264,1594,-24.13640289,25.18135032,28.01535,120.66232,28.013672,120.663632,3,125,0
1019,2051,63.68030213,10.04480374,27.89391,120.81686,27.91544,120.83871,6,129,0
189,828,16.21572228,2.045257711,27.98396,120.69007,27.96168,120.677789,-1,6,0
1731,1779,-21.99711588,12.73416561,28.00652,120.64463,28.01179,120.65261,3,18,0
958,2371,-17.01410014,-51.57405534,28.04944,120.58116,28.03981,120.57351,9,20,0
1731,2448,-16.29428675,-2.596261561,28.00652,120.64463,28.006623,120.64479,3,278,0
603,920,17.41088699,-38.5282616,27.97164,120.62661,27.94553,120.6091,-1,343,0
267,905,69.28045809,21.32125963,27.87206,120.80251,27.86954,120.80506,6,2681,0
2214,2248,23.76044309,6.646142032,27.9598,120.68203,27.97512,120.69186,-1,692,0
1025,2169,5.069286958,35.71790263,27.992,120.69598,28.002851,120.698951,-1,29,0
1143,1824,42.60601909,-24.44101745,27.92288,120.70458,27.9227,120.70332,3,141,0
172,2450,-49.70217112,-21.11174332,28.0428,120.62069,28.04901,120.63968,7,2,0
48,424,-19.60712239,34.0226458,28.01947,120.67661,28.025412,120.669507,3,145,0
1134,1432,-12.48599516,-10.61361039,27.99644,120.63354,28.00892,120.62295,-1,0,0
1761,2236,-7.415552988,46.40116064,27.99851,120.67952,27.9946,120.674,4,3181,0
182,669,-24.83986893,-12.07477884,28.01939,120.61656,28.01255,120.63174,-1,16,0
1085,1654,-31.71624594,-32.89513391,28.0257,120.6129,28.02792,120.60131,3,20,0
159,1680,25.09699108,-6.831636055,27.94833,120.66804,27.96413,120.67139,5,106,0
1099,1697,64.60703012,-5.481707514,27.92578,120.79581,27.93044,120.81856,6,257,0
772,1900,-40.09218483,-46.46422384,28.05187,120.61117,28.06605,120.58485,-1,189,0
940,1769,16.9386126,38.8307117,28.00288,120.71024,27.998722,120.707177,7,118,0
335,1680,21.11464765,-8.523300941,27.93483,120.66784,27.96413,120.67139,5,0,0
784,876,-48.76795867,2.201598164,28.020289,120.63671,28.01851,120.63892,3,337,0
317,561,-32.40818687,3.17668434,28.01994,120.655,28.02374,120.641626,3,28,0
1249,2120,-33.14913022,31.49698809,28.00533,120.6479,28.00312,120.65388,3,330,0
1103,1276,9.02357981,-42.26600336,27.97694,120.62826,28.00066,120.58221,8,2,0
450,1965,19.08635391,-45.98625233,27.96474,120.57156,27.94943,120.58007,-1,374,0
835,1905,32.73426459,-52.58042857,27.87789,120.68776,27.86345,120.67392,3,1623,0
1572,2847,-36.63286473,-38.96661864,28.02693,120.60664,28.041041,120.588459,-1,183,0
487,1977,-6.593335814,44.37555138,27.98776,120.67428,27.99753,120.67522,4,270,0
1362,1849,70.70078886,4.858408577,27.89369,120.80917,27.89831,120.81286,6,717,0
775,1454,30.71299604,-15.88479441,27.9189,120.64478,27.92271,120.7068,3,8,0
1551,2272,43.86917065,-34.56808241,27.92018,120.69169,27.91974,120.69145,3,208,0
1578,1624,6.988299103,-35.08434342,27.97058,120.5853,27.971715,120.608414,8,23,0
652,1993,62.00516716,18.93377312,27.88623,120.80236,27.8714,120.79231,6,81,0
1974,2270,24.02752214,18.63335867,28.04339,120.81815,28.05695,120.78536,2,3122,0
1564,2778,-8.999987417,-4.94194928,27.98944,120.62361,27.99859,120.64039,-1,4,0
1502,1699,-0.698161277,15.08878615,27.991292,120.664871,27.97659,120.67899,-1,11,0
147,1015,-21.65078363,-26.05395505,28.01625,120.60085,28.02245,120.61239,3,337,0
797,2360,48.73980067,22.49236697,27.97373,120.74409,27.97589,120.75072,10,1884,0
2229,2373,-31.12573778,35.59963973,27.99852,120.65649,27.99672,120.65264,3,4289,0
1470,1994,2.683407427,13.40887625,27.97225,120.68006,27.992378,120.669665,-1,8,0
164,2264,17.49112712,-16.68064533,27.95724,120.65969,27.95241,120.64911,5,1077,0
741,1184,5.87629288,-15.02121625,27.95095,120.65688,27.982012,120.645724,5,14,0
332,2409,2.43967353,30.24037351,28.00341,120.68731,28.001286,120.679136,4,79,0
221,1209,15.32894825,43.16474495,28.00742,120.71768,28.00032,120.72752,7,2,0
3,407,-23.40356343,-50.01224968,28.03927,120.5877,28.026727,120.58226,9,65,0
1510,1560,-42.64878832,-2.81170556,28.023269,120.632426,28.034241,120.588717,-1,2,0
1845,2300,19.46171899,58.84141169,27.99406,120.72557,27.99832,120.72424,7,14348,0
943,2305,35.49753772,40.9989105,27.98369,120.71502,27.98543,120.73922,-1,423,0
823,2089,15.49454805,-7.570726749,27.9511,120.66043,27.970224,120.651685,5,24,0
1699,2633,16.29016603,11.18063239,27.97659,120.67899,27.98511,120.67531,-1,551,0
305,1388,-28.75935213,8.82086773,28.008511,120.618079,28.01822,120.64711,-1,13,0
936,1464,-49.88894744,-1.410875128,28.02145,120.63334,28.02237,120.63238,3,2169,0
1813,1958,-46.07396927,32.66703422,28.01988,120.65723,28.01842,120.65967,3,320,0
59,1763,54.5280791,6.798380132,27.90238,120.80278,27.92159,120.82161,6,11,0
801,1814,33.61895857,-52.38951233,27.87582,120.66951,27.88108,120.671,3,13653,0
1837,2444,0.66862479,-13.78654565,27.98603,120.63754,27.99277,120.67775,-1,2,0
414,685,13.47278074,-31.61426904,27.96162,120.59686,27.97822,120.56591,-1,0,0
78,545,10.61224924,-2.861190802,27.969361,120.674444,27.96676,120.65937,5,10,0
448,813,-24.02523405,-22.29551797,28.024644,120.599644,28.01833,120.607999,3,509,0
606,1689,-27.33172316,8.348009254,28.004829,120.6409,28.02095,120.64389,3,20,0
1048,2397,-60.904058,6.082526888,28.043215,120.646661,28.04343,120.64686,7,8,0
331,874,-55.82823828,2.551927149,28.03958,120.62042,28.04411,120.64767,7,61,0
57,1626,-16.36968518,-20.96334456,28.00954,120.61511,28.01389,120.60169,-1,98,0
1534,2809,-11.83451117,25.97978558,28.017189,120.678534,28.022802,120.673347,3,35,0
174,2666,-56.3751273,-13.27221057,28.04894,120.64323,28.04116,120.62863,7,29,0
2000,2362,43.7531148,-25.8787823,27.92247,120.70628,27.92159,120.70412,3,1297,0
1031,1093,-23.91167654,-44.52404181,28.036972,120.589166,28.03228,120.58055,9,669,0
521,2471,-14.60866171,45.28940048,27.99979,120.66739,28.00877,120.66836,3,39,0
1736,2658,-55.43124077,-7.634253791,28.029592,120.6244,28.023438,120.62652,7,565,0
1709,2822,41.4209997,17.28961179,27.97034,120.76311,27.97743,120.73394,10,19,0
1373,2433,-27.48908571,37.28536575,28.01793,120.66445,28.02202,120.66394,3,8231,0
2062,2303,53.08399449,2.509662904,27.92961,120.81073,27.90821,120.80227,6,0,0
358,1378,36.12567465,24.55822327,27.96854,120.74135,27.9833,120.74401,10,37,0
720,2774,42.39942459,20.06358773,27.97976,120.74186,27.96407,120.76438,10,54,0
1092,1470,19.96043687,-11.24641708,27.96187,120.66042,27.97225,120.68006,5,27,0
582,2615,72.98632672,18.77334933,27.86958,120.81319,27.87142,120.82061,6,3712,0
529,2471,-7.152492841,23.63912147,28.01174,120.68077,28.00877,120.66836,3,67,0
1062,1751,23.53765242,18.40692212,28.07018,120.74169,28.0794,120.72004,1,720,0
2254,2904,50.03329058,4.139952349,27.923401,120.816621,27.95985,120.77797,-1,0,0
673,2818,-34.72946477,-39.20225559,28.05464,120.60495,28.04104,120.58846,-1,12,0
1542,2050,24.00823449,35.2303139,27.99711,120.71331,27.99268,120.71424,7,41,0
424,1926,-19.59878454,33.25106911,28.025412,120.669507,28.01239,120.67322,3,3,0
2841,2881,21.21621025,48.87191354,28.000286,120.70749,28.00606,120.714808,7,65,0
1823,2602,-16.63743337,-58.85212464,28.037123,120.578514,28.041463,120.586511,9,4885,0
813,2844,-23.91065928,-18.28481611,28.01833,120.607999,28.0199,120.60572,3,42,0
1584,2775,74.45563933,13.65687571,27.89209,120.81396,27.88321,120.80518,6,1080,0
318,2543,9.114609422,5.694561976,27.97271,120.64743,27.978448,120.671401,5,379,0
2433,2621,-14.96244369,23.0098878,28.02202,120.66394,28.01036,120.67777,-1,10,0
1,1427,40.33972162,18.39348082,27.97014,120.75603,27.98011,120.74983,10,31,0
133,2214,26.81366157,-0.762322436,27.9535,120.69621,27.9598,120.68203,5,1716,0
521,1380,-4.600388327,15.60569355,27.99979,120.66739,28.00675,120.68244,-1,2,0
955,2644,-59.98183065,14.68699665,28.04133,120.65311,28.019199,120.784475,-1,2,0
1823,2818,-21.89849235,-55.98751641,28.037123,120.578514,28.04104,120.58846,9,194,0
1563,1794,32.32661256,-19.57335811,27.92204,120.69661,27.94302,120.67619,-1,60,0
1229,2581,-17.49856698,13.39572079,28.01112,120.65735,28.020019,120.648575,3,5,0
331,408,-56.5523131,-20.11590006,28.03958,120.62042,28.05042,120.6339,7,241,0
675,2211,32.87326353,-41.1972233,27.91318,120.6689,27.90973,120.63455,3,4,0
1530,2219,32.58813253,-43.93664786,27.86421,120.64917,27.88424,120.6382,3,75,0
1576,2182,12.83843948,-40.80147305,27.970529,120.613192,27.96515,120.61124,8,361,0
1913,2575,-21.35739752,-34.22609927,28.02588,120.60418,28.02926,120.59028,-1,27,0
1331,1398,-42.10302566,-37.82454821,28.07361,120.61293,28.02438,120.60303,-1,17,0
1480,2537,68.84219605,-7.580427832,27.96194,120.78881,27.92328,120.80462,-1,87,0
554,2081,31.16948781,13.54093351,28.02289,120.80151,28.046257,120.803292,2,91,0
1612,1717,-3.157218619,-37.50675349,27.9938,120.57017,27.99375,120.61713,8,2,0
1470,2261,14.34184865,0.567344765,27.97225,120.68006,27.97054,120.68557,5,3410,0
574,1391,36.75017911,-9.451856404,27.93368,120.71241,27.95467,120.69939,-1,176,0
2542,2938,-23.14238642,-24.83156643,28.01903,120.61189,28.02158,120.59654,3,326,0
1238,2567,-10.42725862,5.554074483,28.00439,120.65275,27.992138,120.656444,-1,5,0
1129,1524,58.323244,1.445265123,27.91593,120.8267,27.91503,120.82542,6,29,0
1423,1689,-34.16337181,18.45289456,28.0149,120.64587,28.02095,120.64389,3,107,0
688,1622,0.582544326,29.4663078,28.008405,120.68283,28.00126,120.6875,4,13,0
488,1839,6.501958629,67.36385961,28.01171,120.71924,27.97706,120.75192,-1,6,0
859,1980,26.47838668,-7.58316557,27.95386,120.68203,27.9546,120.667,5,699,0
4,1998,-1.897161801,-28.07815711,27.98663,120.61963,27.987217,120.623164,8,14851,0
384,2318,-25.98170487,-1.996705265,28.01405,120.63301,28.0217,120.647,-1,34,0
1790,2236,-8.404274328,48.35486496,28.00243,120.67766,27.9946,120.674,4,63,0
682,996,-54.88419888,-24.57929625,28.0412,120.629,28.04161,120.62551,7,93,0
1806,2007,45.39336048,12.49302468,27.971111,120.759166,27.99715,120.77526,10,208,0
727,1926,-7.920417107,28.71269033,28.00933,120.69355,28.01239,120.67322,-1,10,0
2705,2778,-8.141865114,-0.693799317,27.999704,120.646389,27.99859,120.64039,3,15,0
301,946,19.31790001,-40.32665437,27.93112,120.5882,27.94117,120.60038,10,437,0
682,2666,-59.29105156,-26.1050641,28.0412,120.629,28.04116,120.62863,7,23037,0
542,550,18.73197671,58.32377919,28.00788,120.70268,28.0076,120.72365,7,201,0
287,1764,8.864865509,-36.70484441,27.986822,120.630326,27.96875,120.60619,8,46,0
1521,1889,-34.34116574,27.33956183,28.00551,120.66263,28.01442,120.65841,3,58,0
906,1020,5.036704238,52.08400611,28.01211,120.69386,28.00029,120.70357,7,39,0
1528,2528,-36.81384922,14.60824964,28.01484,120.64575,28.023744,120.653645,-1,38,0
178,1374,-44.50263477,24.76375014,28.01444,120.65108,28.01676,120.64987,3,1430,0
476,882,35.01068567,-26.85628633,27.92198,120.70229,27.921388,120.7025,3,22,0
1284,2353,30.61083771,-20.00641863,27.94439,120.71319,27.973777,120.682079,-1,14,0
1796,2396,-39.06216614,-12.15736875,28.04071,120.63988,28.03985,120.62173,7,17,0
2021,2405,28.91188533,-33.08530434,27.92043,120.68424,27.96984,120.68551,-1,29,0
8,522,19.73529084,-33.49129423,27.91704,120.56917,27.95536,120.60011,10,41,0
26,306,40.54825088,-46.94205597,27.91714,120.66023,27.93177,120.67802,-1,1990,0
1067,2248,20.65089822,6.633013109,27.974212,120.684207,27.97512,120.69186,-1,170,0
1143,2000,42.99989581,-25.11081771,27.92288,120.70458,27.92247,120.70628,3,664,0
295,2602,-14.82277299,-45.05840487,28.02333,120.57606,28.041463,120.586511,9,23,0
1415,1713,-25.38661966,-10.57657536,28.01447,120.64201,28.01567,120.62619,-1,14,0
500,2232,24.85703267,52.42081003,27.99978,120.7112,27.99607,120.71016,7,622,0
752,1698,19.6124609,-12.99134682,27.9454,120.65697,27.95861,120.665556,5,52,0
916,1286,-38.86365096,27.44404173,28.01381,120.65692,28.01117,120.65006,3,681,0
2413,2714,64.04416188,17.75559348,27.85882,120.79137,27.8832,120.80518,6,18,0
1950,2300,21.83208136,58.6256585,27.99139,120.71952,27.99832,120.72424,7,3243,0
912,1536,28.32426206,26.13963745,27.98324,120.72334,27.985,120.67851,-1,37,0
886,2016,42.28628035,-20.03394314,27.92484,120.70451,27.92264,120.70453,3,8,0
1273,2197,-54.43055783,-29.23774149,28.02347,120.61544,28.04449,120.62163,-1,537,0
673,2517,-35.59629943,-47.30053875,28.05464,120.60495,28.08227,120.59052,-1,5,0
1440,1509,54.74126739,0.5212025,27.92653,120.78661,27.9249,120.82617,6,50,0
490,1262,-14.66019194,-7.669796932,28.00307,120.6298,27.98453,120.66027,-1,6,0
823,1007,15.63857723,-6.378368621,27.9511,120.66043,27.96558,120.68672,5,24,0
574,1061,46.5442279,-23.8045119,27.93368,120.71241,27.92415,120.70545,3,3289,0
587,2504,-0.712829049,-6.649755716,27.99992,120.54988,27.99595,120.55678,8,291,0
1796,2745,-58.15700675,3.497535391,28.04071,120.63988,28.02921,120.62987,7,18,0
2539,2668,15.04453098,-28.2266214,27.97231,120.62724,27.94903,120.59549,-1,17,0
422,883,28.79634239,33.65334075,28.00525,120.70299,27.99238,120.73064,7,6,0
2860,2888,-48.02729445,-44.43627393,28.0702,120.62208,28.05349,120.61286,-1,1357,0
2219,2357,33.20656599,-45.26635469,27.88424,120.6382,27.92044,120.6689,3,43,0
1098,1646,-40.1934504,-0.245899744,28.0475,120.62333,28.03083,120.63755,7,2,0
944,2255,-5.129113039,50.17077613,27.99887,120.68096,27.99861,120.67972,4,106,0
627,2686,-48.3088405,-13.66836955,28.0494,120.66193,28.0508,120.683,7,48,0
574,2362,44.92347386,-22.6157146,27.93368,120.71241,27.92159,120.70412,3,334,0
307,1528,-16.62749537,17.6550982,28.01573,120.65876,28.01484,120.64575,3,35,0
382,1938,-27.25089963,22.30081732,28.01967,120.6623,28.01832,120.65141,3,52,0
422,1461,11.39681995,55.02000266,28.00525,120.70299,28.008516,120.702342,7,265,0
430,1346,0.543217564,59.50909617,28.00437,120.69558,28.00377,120.6977,7,207,0
1290,1322,-0.724138128,60.52635924,28.003203,120.691994,28.00798,120.69032,7,6221,0
125,1717,3.89647744,-25.21028488,27.98925,120.62584,27.99375,120.61713,8,21,0
1708,1908,-16.7127638,-23.06523037,28.02381,120.59717,28.0141,120.60512,3,90,0
382,2196,-25.18980675,23.70603797,28.01967,120.6623,28.0176,120.6671,3,60,0
2087,2333,-25.72899045,36.46967871,28.02363,120.66164,28.02407,120.66508,3,787,0
1678,1782,14.45088147,29.92625525,27.99551,120.70595,27.997236,120.700653,-1,19,0
61,1244,-14.32871768,51.45117552,28.00969,120.67408,28.00503,120.67134,3,715,0
2632,2841,22.57728578,48.71577308,28.0072,120.71529,28.000286,120.70749,7,34,0
1582,1767,10.52905041,0.621455093,27.96936,120.67444,27.97914,120.65482,5,124,0
1922,2775,66.27584101,14.87568234,27.85558,120.80096,27.88321,120.80518,6,38,0
935,2444,-5.53992121,38.05525272,27.97987,120.68111,27.99277,120.67775,4,34,0
331,1503,-35.35300262,-23.02316246,28.03958,120.62042,28.0363,120.5857,-1,6,0
748,1037,43.44933593,-24.1421275,27.9266,120.711,27.9231,120.70471,3,555,0
619,1691,-23.58581777,21.98616042,28.01319,120.65921,28.01519,120.66268,3,27,0
956,1848,15.29384815,-4.176390606,27.97159,120.65547,27.96164,120.66747,5,128,0
292,1082,-36.86547262,7.001785282,28.02857,120.65898,28.016688,120.655528,-1,16,0
1130,2198,-40.75699203,-4.876663445,28.02327,120.63423,28.01139,120.622331,-1,3,0
1385,1565,-40.93732523,-2.624811292,28.05153,120.62762,28.03749,120.6251,7,13,0
704,1731,-6.589144935,-3.088154459,28.001326,120.643433,28.00652,120.64463,3,30,0
1759,2557,-22.07118907,44.47252236,28.018481,120.682668,28.014329,120.680824,3,81,0
860,1949,-56.41794186,3.192278862,28.03044,120.64309,28.02608,120.646,7,38,0
971,1989,53.2022917,3.218616626,27.92205,120.80111,27.93336,120.81773,6,9,0
1717,1944,2.852293956,-35.89492802,27.99375,120.61713,27.97112,120.57378,8,0,0
611,2909,71.22335662,17.96604892,27.867358,120.820794,27.86513,120.81613,6,297,0
1848,2023,10.02392396,-36.6146444,27.96164,120.66747,27.97172,120.61373,-1,2,0
505,1673,-11.31749107,-2.62838291,28.0045,120.64542,28.00217,120.64577,3,25,0
1804,2963,-13.03401454,-20.13141714,28.00502,120.61628,27.98802,120.61588,-1,14,0
279,1522,34.24379831,34.7384592,27.98465,120.73383,27.987423,120.723357,-1,83,0
770,2078,40.44595526,-24.88897657,27.921591,120.704296,27.92125,120.70678,3,75,0
347,2360,42.75674257,16.26768254,27.98785,120.71681,27.97589,120.75072,-1,81,0
2272,2297,42.40314471,-31.01062729,27.91974,120.69145,27.92659,120.71116,3,162,0
597,2160,44.80104242,18.51341395,27.970046,120.755771,27.9668,120.7548,10,297,0
1940,2725,-41.57192013,-29.7811366,28.05756,120.60725,28.08578,120.59077,-1,13,0
1286,2559,-39.66457308,25.1108051,28.01117,120.65006,28.01104,120.64986,3,995,0
1103,1998,5.338429897,-41.22179753,27.97694,120.62826,27.987217,120.623164,8,726,0
457,2650,-61.80654691,14.2521533,28.01851,120.70462,28.024386,120.675309,-1,11,0
477,1457,28.7050855,51.91234861,27.994763,120.731284,27.99566,120.715,7,47,0
296,799,54.52800165,-1.10270695,27.93013,120.81461,27.93368,120.81563,6,75,0
569,2431,-15.47083697,-7.759024885,28.006636,120.635923,28.0053,120.633,3,117,0
284,2788,28.42912142,-17.58119249,27.92764,120.69437,27.96243,120.65546,-1,2,0
328,1963,-63.82931251,16.79422597,28.05929,120.65781,28.050194,120.692298,7,62,0
2353,2593,14.43046973,2.801806896,27.973777,120.682079,27.96314,120.66947,5,8,0
1654,2150,-28.42630823,-33.53258549,28.02792,120.60131,27.99711,120.58895,3,447,0
2767,2778,-32.79614366,36.99560292,28.00293,120.64916,27.99859,120.64039,3,512,0
1256,2452,-28.55567934,27.5047902,28.01222,120.65195,28.0105,120.66068,3,87,0
1432,1987,-15.14868937,-9.798146718,28.00892,120.62295,28.007234,120.633055,-1,45,0
1311,1764,9.430446844,-46.67827507,27.98966,120.57449,27.96875,120.60619,8,29,0
804,1423,-24.44806256,7.786363041,28.012923,120.642857,28.0149,120.64587,3,5,0
2335,2343,32.0946747,-51.96962003,27.86624,120.66547,27.866719,120.675409,3,120,0
138,832,-62.91257864,16.12248883,28.04427,120.69476,28.05231,120.68005,7,27,0
2048,2568,-20.35954071,-49.21130216,28.07875,120.58356,28.04901,120.58582,9,26,0
378,2660,50.58863757,-9.601000909,27.96458,120.79525,27.9602,120.81638,-1,356,0
1078,2862,-47.4559006,-8.174424902,28.015777,120.621944,28.01436,120.62323,4,29,0
643,2642,-61.23501109,6.704591147,28.04355,120.65147,28.03965,120.64593,7,265,0
1706,1844,39.79701297,-27.64077388,27.9208,120.70586,27.92562,120.70294,3,147,0
1033,2344,-7.937493835,-6.841596181,28.007951,120.626328,28.000843,120.64058,-1,32,0
599,1699,26.55940939,7.029130572,27.97321,120.72684,27.97659,120.67899,-1,16,0
761,2415,-42.11318749,16.31155495,28.02569,120.64175,28.02,120.655,-1,139,0
2581,2893,-27.85903708,7.853705685,28.020019,120.648575,28.01724,120.64719,3,142,0
1360,2841,17.30497875,35.21565332,27.993854,120.698744,28.000286,120.70749,-1,10,0
204,1276,8.57842516,-43.1830309,27.99015,120.62566,28.00066,120.58221,8,6,0
2150,2576,-22.52877367,-33.70100576,27.99711,120.58895,28.02963,120.5999,3,64,0
402,1238,-30.99448962,28.52002013,28.01188,120.66205,28.00439,120.65275,3,10,0
1454,2078,42.95483294,-26.77248011,27.92271,120.7068,27.92125,120.70678,3,622,0
541,2445,2.181393181,-35.18175399,27.96193,120.60948,27.992515,120.595201,-1,6,0
367,1643,4.799194048,-34.65402462,27.99233,120.60381,27.98054,120.61279,8,43,0
2415,2468,-41.55910846,16.88821534,28.02,120.655,28.022717,120.632107,3,150,0
627,2433,-18.33063577,30.36986242,28.0494,120.66193,28.02202,120.66394,-1,0,0
181,1359,17.72393145,5.877583604,27.97517,120.69185,27.97581,120.68459,-1,84,0
1866,1889,-19.31933075,21.49055627,28.01517,120.66503,28.01442,120.65841,3,0,0
1956,2864,43.05078599,5.570004062,27.96946,120.72066,27.9665,120.76112,10,18,0
515,2399,15.06571042,-27.44460892,27.96781,120.62801,27.951096,120.598666,-1,50,0
914,2904,62.77564697,-2.969443729,27.93088,120.80284,27.95985,120.77797,-1,0,0
91,358,35.81458015,24.37137642,27.97831,120.74149,27.96854,120.74135,10,53,0
2021,2297,35.07891742,-13.87242733,27.92043,120.68424,27.92659,120.71116,3,41,0
729,2372,-19.67685753,-33.65733025,28.02336,120.60588,28.023805,120.597166,3,37,0
1019,1727,69.8945073,13.29620032,27.89391,120.81686,27.91218,120.83617,6,230,0
312,935,16.91230384,12.23934175,27.97483,120.67456,27.97987,120.68111,-1,566,0
340,1991,4.803300413,25.87304155,27.99961,120.68514,28.00104,120.67237,-1,75,0
1871,2180,7.161450217,-16.32964936,27.96874,120.65488,27.98333,120.65125,5,391,0
842,2046,63.93764071,6.138523956,27.90945,120.81881,27.88702,120.81085,6,6,0
104,1169,-16.66386489,-26.77793624,28.0211,120.601,28.01606,120.6036,3,20,0
1401,2968,-34.36684999,8.41609382,28.01999,120.65209,28.02802,120.6546,-1,4,0
1889,2794,-22.17195935,21.14419189,28.01442,120.65841,28.01525,120.66602,3,65,0
515,2214,14.42703451,-23.99599112,27.96781,120.62801,27.9598,120.68203,-1,109,0
436,1691,-9.475956113,20.35572702,28.01004,120.66769,28.01519,120.66268,3,20,0
611,2714,66.97743569,14.7970113,27.867358,120.820794,27.8832,120.80518,6,105,0
347,1656,33.2803908,-2.650082824,27.98785,120.71681,27.94263,120.73736,-1,32,0
780,1342,-9.727862806,54.18240041,28.01006,120.68043,28.00491,120.67627,4,2647,0
1480,2347,52.11376855,1.349318332,27.96194,120.78881,27.91091,120.81602,-1,4,0
1257,1487,1.593389526,-38.79317081,27.97868,120.57877,27.9731,120.55136,8,122,0
1528,2499,-43.38622465,21.48292736,28.01484,120.64575,28.01676,120.64573,3,2865,0
314,797,43.91117079,30.7075158,27.97965,120.74458,27.97373,120.74409,10,159,0
1646,1752,-38.3717705,-9.745795459,28.03083,120.63755,28.0312,120.63393,7,6,0
273,1689,-50.92898663,8.664179836,28.02613,120.64691,28.02095,120.64389,-1,1032,0
609,2745,-35.87718403,-5.609927229,28.02096,120.62016,28.02921,120.62987,-1,9,0
609,1015,-27.4228475,-20.88391177,28.02096,120.62016,28.02245,120.61239,3,2997,0
1164,2666,-65.49247655,1.692624855,28.04057,120.64705,28.04116,120.62863,7,138,0
25,746,20.392847,-8.644869576,27.976204,120.667973,27.94545,120.66986,5,2,0
552,2214,31.80256611,-5.281023532,27.96536,120.74141,27.9598,120.68203,-1,9,0
675,1754,36.33098097,-36.5598104,27.91318,120.6689,27.920858,120.682988,3,63,0
663,2481,7.266875897,3.185384301,27.97693,120.66377,27.97265,120.66766,5,2731,0
1869,2380,31.09628315,-44.24656623,27.89644,120.63496,27.87032,120.66347,3,32,0
1899,2729,-43.40739311,-26.68991755,28.06248,120.60338,28.05359,120.63947,-1,32,0
415,1535,-38.02674729,-5.311441162,28.01975,120.65219,28.03768,120.63277,-1,0,0
724,2567,-0.835638288,5.991206104,27.99279,120.64931,27.992138,120.656444,-1,203,0
2094,2788,4.612789397,-11.89248968,27.992,120.60987,27.96243,120.65546,-1,0,0
1166,1276,12.62181163,-34.97212017,27.95794,120.60138,28.00066,120.58221,-1,4,0
269,2243,51.38332284,-1.989119416,27.96807,120.80604,27.94879,120.80808,2,26,0
164,1837,1.052317538,-13.42917216,27.95724,120.65969,27.98603,120.63754,-1,4,0
1439,1724,23.24691802,51.42324945,28.005515,120.719495,28.00258,120.70728,7,94,0
1094,2840,-31.97537241,-33.23607958,28.01845,120.59962,28.04323,120.58656,-1,10,0
584,2319,6.571790224,-33.01174252,27.99383,120.62841,27.97631,120.60491,8,6,0
682,2587,-39.16394798,0.464784195,28.0412,120.629,28.025858,120.64343,7,0,0
152,1524,60.74601337,1.504652122,27.91139,120.82389,27.91503,120.82542,6,136,0
2619,2842,1.586202531,49.83770641,27.992814,120.696225,27.98853,120.69743,4,2114,0
1821,2496,46.39815427,4.378752716,27.98011,120.74803,27.94412,120.76969,10,107,0
2288,2690,13.41189475,54.07248253,28.014173,120.713536,28.00749,120.70643,7,153,0
16,2594,-40.49315468,-25.96988239,28.07646,120.62205,28.08581,120.59066,9,34,0
1164,2379,-67.7268403,4.556537915,28.04057,120.64705,28.04982,120.6511,7,1312,0
454,2227,6.795001287,6.125346155,27.98,120.66708,27.98375,120.66578,-1,4935,0
149,1105,-21.8857371,10.62891517,28.01646,120.65935,28.00791,120.64843,3,4,0
1284,1852,41.95009306,5.17696053,27.94439,120.71319,27.96059,120.7497,10,91,0
246,2848,18.37599155,-3.326018862,27.95634,120.66596,27.965369,120.686131,5,44,0
57,120,-14.70634151,-15.82578453,28.00954,120.61511,28.0183,120.607999,-1,16,0
1588,1653,-31.00169596,31.99162985,28.00248,120.65588,28.00714,120.65555,3,43,0
1850,2064,65.28701954,14.9293669,27.86362,120.81173,27.889525,120.804362,6,37,0
1293,1697,61.70439966,-5.59456883,27.93743,120.83414,27.93044,120.81856,6,201,0
2241,2469,37.42248466,13.67675058,27.98751,120.72346,28.00923,120.72917,7,0,0
312,2446,7.749003871,5.128112857,27.97483,120.67456,27.98763,120.66308,-1,348,0
906,2804,-21.4005173,46.13167811,28.01211,120.69386,28.02126,120.68452,7,100,0
634,1708,-20.81559868,-32.80513602,28.02449,120.60873,28.02381,120.59717,3,13,0
1178,1549,17.0213192,30.69332005,27.99689,120.69531,27.98966,120.70619,-1,5,0
682,1938,-33.16835125,4.896386392,28.0412,120.629,28.01832,120.65141,-1,44,0
1799,2236,-6.305946287,46.0665314,27.99461,120.68409,27.9946,120.674,4,302,0
795,2335,29.04477873,-41.09177732,27.91839,120.66065,27.86624,120.66547,3,56,0
984,1020,16.19900459,37.45642245,28.002192,120.710532,28.00029,120.70357,7,19,0
1848,2366,12.86752211,11.43226086,27.96164,120.66747,27.97973,120.67677,5,36,0
332,2061,7.493966017,20.76893247,28.00341,120.68731,27.98839,120.68338,4,15,0
572,2853,7.229760101,-54.27720759,27.99271,120.56614,27.97599,120.59211,8,43,0
1938,2009,-37.17843254,11.62091575,28.01832,120.65141,28.04976,120.647462,-1,5,0
797,922,41.08183953,27.73086902,27.97373,120.74409,27.97842,120.75478,10,146,0
2330,2539,9.942706879,-30.95266199,27.9967,120.60336,27.97231,120.62724,8,2,0
1596,2049,-28.60875661,-9.849978051,28.027266,120.655901,28.01711,120.63167,-1,36,0
841,1354,-31.98760443,-4.715858648,28.0171,120.63698,28.01757,120.6318,-1,13,0
2479,2496,39.09478363,1.691140157,27.95756,120.72822,27.94412,120.76969,10,6,0
460,1422,16.51707906,40.63815762,27.996057,120.710262,28.00506,120.71172,7,74,0
2197,2304,-40.61437032,-21.84834508,28.04449,120.62163,28.04617,120.63678,7,50,0
1869,1905,29.46387596,-44.67281994,27.89644,120.63496,27.86345,120.67392,3,68,0
1601,2422,55.20905956,-11.50728222,27.94796,120.8414,27.93079,120.82979,6,544,0
1055,1727,71.41619253,7.046476373,27.89321,120.79688,27.91218,120.83617,6,10,0
1618,1900,-13.79744452,-26.00087754,28.00977,120.60049,28.06605,120.58485,-1,33,0
484,2446,-2.313218441,12.52903861,27.99334,120.66279,27.98763,120.66308,4,158,0
120,2372,-15.21503222,-33.12960989,28.0183,120.607999,28.023805,120.597166,3,13,0
979,1273,-20.72065189,-35.4341086,28.02921,120.59331,28.02347,120.61544,-1,2,0
918,1528,-39.30419209,21.36324718,28.0129,120.64233,28.01484,120.64575,3,83,0
1771,2519,8.364049506,36.83410667,27.99855,120.69275,27.99715,120.70087,-1,2,0
1302,1878,45.99519558,9.801395489,27.96848,120.78369,27.97253,120.76819,-1,29,0
26,2298,39.97704063,-48.29301155,27.91714,120.66023,27.92952,120.68107,-1,1396,0
1443,1628,-19.2742422,33.17930556,28.02212,120.67074,28.01497,120.68572,-1,97,0
1290,2359,11.31293747,31.49609276,28.003203,120.691994,28.00191,120.70463,7,15,0
1020,1632,22.72397977,48.43364857,28.00029,120.70357,28.0016,120.70563,7,58,0
1433,2215,-35.47690935,19.80712278,28.015196,120.648057,28.01028,120.64503,3,41,0
1913,2199,-21.66449421,-33.68135241,28.02588,120.60418,28.026587,120.594413,3,27,0
1273,2156,-23.00552119,-36.78992027,28.02347,120.61544,28.02454,120.591434,3,58,0
1194,2005,27.61699295,-8.87590025,27.9573,120.67705,27.92325,120.6878,-1,55,0
1338,2840,-33.69593789,-40.53955961,28.056963,120.625239,28.04323,120.58656,-1,4,0
943,1679,29.27042602,46.83503391,27.98369,120.71502,27.99338,120.70875,7,62,0
288,1600,0.700043374,-5.334872783,27.92329,120.7048,27.92162,120.70502,3,6,0
961,1094,-29.52428691,-52.26383423,28.06451,120.58223,28.01845,120.59962,-1,9,0
1870,2471,-7.127135267,15.04329407,27.99576,120.6574,28.00877,120.66836,3,22,0
1596,2614,-29.28639327,-9.995729049,28.027266,120.655901,28.01688,120.6293,-1,36,0
595,2424,-16.45009135,51.586956,28.01681,120.67808,28.01008,120.67058,3,140,0
2061,2693,26.5461212,42.62416682,27.98839,120.68338,27.989197,120.703236,-1,42,0
621,2432,0.501364955,-46.05453111,27.98848,120.61075,27.99839,120.59856,8,925,0
1177,2750,8.002999779,33.16116789,28.00586,120.69435,28.00455,120.70115,7,32,0
5,2804,10.05244701,65.18976671,28.05615,120.67115,28.02126,120.68452,7,22,0
1308,2748,11.42671895,12.79618075,27.98404,120.68203,27.98533,120.67604,-1,6,0
382,991,-50.77422163,17.06976746,28.01967,120.6623,28.02726,120.65732,-1,175,0
426,2467,-57.44738541,0.996085954,28.025933,120.641498,28.025613,120.638246,7,135,0
1448,1549,28.2322047,50.3299426,27.99567,120.715,27.98966,120.70619,7,58,0
1166,1876,17.9598351,-42.56627892,27.95794,120.60138,27.954186,120.587915,10,433,0
1618,2372,-10.73285545,-28.93798683,28.00977,120.60049,28.023805,120.597166,3,238,0
865,1089,-37.321466,-33.81183679,28.0464,120.604,28.02804,120.57818,-1,2,0
2167,2608,-40.18487887,5.409642657,28.0438,120.65797,28.03899,120.65059,7,19,0
775,2123,38.4275992,-38.53346774,27.9189,120.64478,27.92383,120.67387,3,281,0
48,1691,-11.60047428,30.87798205,28.01947,120.67661,28.01519,120.66268,3,14,0
319,603,18.9960814,-7.902909501,27.93831,120.66539,27.97164,120.62661,-1,19,0
2779,2826,67.04746445,13.29696977,27.9069,120.82629,27.86957,120.81322,6,7,0
468,2086,-13.1251871,-50.31473059,28.02464,120.59155,28.03771,120.57585,-1,6,0
133,2331,29.35038199,-34.46836556,27.9535,120.69621,27.92645,120.67635,-1,29,0
959,1870,-30.16770167,32.06085859,28.009115,120.657413,27.99576,120.6574,3,20,0
1991,2670,3.126309633,28.17474775,28.00104,120.67237,28.004123,120.680295,-1,14,0
857,1509,61.34940571,-5.075825947,27.93632,120.80777,27.9249,120.82617,6,199,0
1324,2644,27.81331743,12.91484456,28.0278,120.808,28.019199,120.784475,2,371,0
331,1913,-33.28758304,-31.22379556,28.03958,120.62042,28.02588,120.60418,-1,8,0
2224,2633,15.45666923,14.23452395,27.98445,120.67253,27.98511,120.67531,4,614,0
168,2211,35.22027656,-44.16585591,27.88708,120.63386,27.90973,120.63455,3,124,0
1899,2857,-37.78402333,-30.94039825,28.06248,120.60338,28.09805,120.59534,9,42,0
62,2325,39.56865833,-30.16883682,27.92028,120.70493,27.91782,120.69607,3,243,0
513,875,35.40860865,-35.6251489,27.921152,120.682999,27.92099,120.68452,3,156,0
361,442,49.77287578,1.387257929,27.95277,120.79908,27.92124,120.83163,-1,33,0
1506,1990,-28.38398811,23.0729981,28.02799,120.66168,28.02045,120.65999,-1,92,0
2519,2848,17.60060541,1.559680815,27.99715,120.70087,27.965369,120.686131,-1,72,0
1472,2061,1.680415356,46.94312721,27.99188,120.69412,27.98839,120.68338,4,91,0
1164,2729,-65.29619081,3.365604726,28.04057,120.64705,28.05359,120.63947,7,382,0
188,909,3.85480023,-19.04811769,27.97988,120.63103,27.95992,120.64877,-1,21,0
1794,2075,34.65655746,-8.78065537,27.94302,120.67619,27.94054,120.69195,5,984,0
1610,2513,-45.83831452,-41.3415954,28.05249,120.60567,28.060569,120.603702,7,453,0
66,2116,-39.41244571,-32.65106078,28.0485,120.6088,28.04925,120.60197,7,120,0
1098,2453,-43.33688627,-34.46839652,28.0475,120.62333,28.04644,120.60417,7,413,0
646,1322,7.26005637,40.74409262,28.02101,120.67872,28.00798,120.69032,-1,19,0
214,2344,-7.423287601,-6.985204027,28.01125,120.625528,28.000843,120.64058,-1,21,0
1460,2094,2.114881396,-18.15871639,27.985304,120.632788,27.992,120.60987,8,9,0
644,2120,-27.46883147,29.97838659,28.01278,120.65944,28.00312,120.65388,3,152,0
235,1515,-15.91391095,13.26644808,28.00874,120.65984,28.01034,120.65781,3,24,0
766,1804,-18.32327635,-15.51847703,28.00726,120.61292,28.00502,120.61628,4,1335,0
1380,2169,-1.174147951,52.63536356,28.00675,120.68244,28.002851,120.698951,-1,30,0
647,1446,8.212999661,-41.69650419,27.9749,120.63133,27.98015,120.60519,8,29,0
559,1905,28.89384713,-45.49068452,27.858601,120.664025,27.86345,120.67392,3,37,0
454,2080,-1.628997118,16.36984496,27.98,120.66708,27.994449,120.671107,-1,17,0
264,1256,-29.74471792,16.41804442,28.01535,120.66232,28.01222,120.65195,3,51,0
776,1239,27.34581113,-52.2415753,27.86219,120.64959,27.87124,120.64996,3,340,0
188,2185,5.073854689,-40.80128368,27.97988,120.63103,27.97251,120.60263,8,40,0
633,2342,18.47193862,34.97299011,27.98491,120.70392,27.96902,120.74658,-1,4,0
2013,2938,-14.45042233,-23.29228242,28.01344,120.6076,28.02158,120.59654,3,19,0
319,2237,25.09753737,-9.612250534,27.93831,120.66539,27.92797,120.69797,-1,4,0
673,2847,-35.88388226,-39.36274027,28.05464,120.60495,28.041041,120.588459,-1,36,0
2592,2726,55.42560134,-1.083531854,27.93254,120.82423,27.9296,120.80677,6,0,0
542,2736,11.02541891,57.59403113,28.00788,120.70268,28.008768,120.696683,7,76,0
332,2360,32.52388313,20.7884908,28.00341,120.68731,27.97589,120.75072,-1,19,0
287,703,9.006270511,-37.14044537,27.986822,120.630326,27.99417,120.59982,8,7,0
2016,2144,40.34508362,-23.48675469,27.92264,120.70453,27.92809,120.70577,3,189,0
1584,1849,70.31080127,5.397021498,27.89209,120.81396,27.89831,120.81286,6,1132,0
644,838,-14.71832021,17.29241663,28.01278,120.65944,28.01758,120.65251,3,23,0
359,644,-38.27472612,36.35720537,28.0113,120.6614,28.01278,120.65944,3,1332,0
703,2778,-8.51540791,-4.967007808,27.99417,120.59982,27.99859,120.64039,-1,6,0
1496,1769,16.33280242,34.38838541,27.97767,120.70127,27.998722,120.707177,-1,2,0
1646,2379,-57.1971008,5.965709191,28.03083,120.63755,28.04982,120.6511,7,4,0
1505,2225,12.60208392,60.94635417,28.02211,120.70716,28.01963,120.71371,7,39,0
2338,2913,61.41540187,1.346527121,27.91182,120.82248,27.92081,120.81459,6,26,0
1400,1908,-21.3644002,-21.12395788,28.01833,120.60806,28.0141,120.60512,3,621,0
673,2396,-54.3347783,-29.86185441,28.05464,120.60495,28.03985,120.62173,7,882,0
1503,2542,-20.51844372,-45.05141363,28.0363,120.5857,28.01903,120.61189,-1,32,0
1298,2189,-49.54132802,3.086444279,28.01943,120.636564,28.01722,120.63141,-1,1216,0
1595,1646,-57.7382749,-1.73272648,28.03104,120.63718,28.03083,120.63755,7,116,0
1552,1696,21.10329748,57.39196446,28.00524,120.72204,28.00178,120.72121,7,153,0
1325,2703,-7.054393619,-15.9546166,27.99337,120.63718,27.99103,120.63464,8,263,0
2279,2842,28.76525131,44.84570753,27.98388,120.70501,27.98853,120.69743,4,875,0
80,584,-12.21503668,-10.01104447,28.01143,120.62756,27.99383,120.62841,-1,0,0
2142,2279,28.95949771,42.98882409,27.98684,120.71242,27.98388,120.70501,-1,108,0
1037,1143,43.10130895,-24.54437185,27.9231,120.70471,27.92288,120.70458,3,683,0
1709,2904,46.95756994,4.819882325,27.97034,120.76311,27.95985,120.77797,-1,74,0
1088,1938,-45.05330541,25.30837144,28.016654,120.650607,28.01832,120.65141,3,1710,0
2182,2228,13.79654555,-28.99737223,27.96515,120.61124,27.94986,120.5872,-1,9,0
628,2625,61.45160839,9.392828048,27.92742,120.82878,27.89938,120.82864,6,7,0
1744,2439,-19.27878575,-57.39636427,28.049438,120.581163,28.04261,120.57226,9,550,0
414,672,16.64644237,-43.37754907,27.96162,120.59686,27.96719,120.59359,-1,8341,0
49,1883,-11.91035147,-44.46202694,28.02104,120.58411,28.02719,120.57728,9,131,0
379,2037,69.02592784,13.55037825,27.87831,120.82092,27.9208,120.84047,6,85,0
1143,1454,43.68888614,-24.82724481,27.92288,120.70458,27.92271,120.7068,3,508,0
741,1191,18.2576422,-16.78035125,27.95095,120.65688,27.95227,120.64535,5,880,0
270,1443,-19.70158353,36.10381142,28.01764,120.68649,28.02212,120.67074,-1,0,0
1455,2396,-59.40226197,-28.25058116,28.03905,120.62757,28.03985,120.62173,7,1246,0
226,1161,34.07455334,-43.20106706,27.918611,120.6444,27.90218,120.626462,3,142,0
2142,2663,26.14358619,33.50107578,27.98684,120.71242,27.99627,120.72691,7,106,0
285,461,68.07300562,3.24613907,27.90175,120.80936,27.8974,120.81737,6,494,0
1709,2342,45.51688033,20.38359617,27.97034,120.76311,27.96902,120.74658,10,159,0
1503,2509,-14.98701527,-34.5348769,28.0363,120.5857,28.02225,120.60442,-1,5,0
515,659,12.74390788,-24.81143568,27.96781,120.62801,27.98025,120.58452,8,8,0
1226,2767,-33.42520141,30.32100544,28.01039,120.65256,28.00293,120.64916,3,8,0
620,1870,-2.021939579,8.155663678,27.99255,120.65651,27.99576,120.6574,-1,60,0
440,565,-7.55231679,-3.289484951,28.00029,120.64716,28.00841,120.66454,3,8,0
1399,2575,-29.16219434,-30.05815975,28.024487,120.608733,28.02926,120.59028,-1,47,0
790,1683,22.87569137,-11.81445132,27.95053,120.66517,27.95708,120.67304,5,1042,0
2021,2075,35.94847048,-10.05749198,27.92043,120.68424,27.94054,120.69195,-1,1245,0
22,2966,57.78492401,5.961505216,27.921557,120.82208,27.90319,120.81717,6,36,0
2149,2619,2.037814113,48.5855217,27.98472,120.69611,27.992814,120.696225,4,401,0
1506,2433,-52.62422903,20.65889397,28.02799,120.66168,28.02202,120.66394,-1,4180,0
213,1130,-35.04514625,-5.395016938,28.01009,120.63564,28.02327,120.63423,3,5,0
227,1595,-40.20686803,-0.960203197,28.05333,120.63083,28.03104,120.63718,7,6,0
949,2372,-14.01939658,-33.0563176,28.042263,120.582178,28.023805,120.597166,-1,31,0
1070,1852,39.55348788,19.35541696,27.97374,120.7589,27.96059,120.7497,10,11,0
633,2624,19.62619156,23.44294623,27.98491,120.70392,27.97603,120.71773,-1,0,0
1699,2481,16.28353912,9.956779996,27.97659,120.67899,27.97265,120.66766,5,383,0
513,1754,32.91189612,-34.55912074,27.921152,120.682999,27.920858,120.682988,3,21,0
2415,2890,-60.41559241,3.460001081,28.02,120.655,28.02424,120.6348,3,147,0
312,2264,2.148935823,-3.112310253,27.97483,120.67456,27.95241,120.64911,5,18,0
161,2137,-63.2330307,8.783640352,28.043888,120.656111,28.04852,120.65349,7,79,0
1977,2409,-0.871587615,23.69677724,27.99753,120.67522,28.001286,120.679136,4,12,0
1939,2236,-7.567339201,47.45091849,28.00197,120.68016,27.9946,120.674,4,165,0
552,1852,45.5641586,21.93817587,27.96536,120.74141,27.96059,120.7497,10,527,0
608,912,27.26991694,25.86467692,27.99367,120.69233,27.98324,120.72334,-1,13,0
1536,2061,1.615421352,41.75634762,27.985,120.67851,27.98839,120.68338,4,24,0
1718,2672,22.50516533,34.34473961,28.001831,120.717278,28.02026,120.69523,7,0,0
1458,2958,27.06281713,12.46350764,28.023603,120.80906,28.01508,120.78821,2,579,0
450,2351,15.42924771,-32.37378042,27.96474,120.57156,27.95215,120.60432,-1,57,0
1342,1799,6.028744394,26.69240514,28.00491,120.67627,27.99461,120.68409,4,14,0
779,1159,-25.26493791,-41.31957266,28.03387,120.594038,28.02791,120.59925,-1,496,0
2250,2357,31.64784319,-36.20763714,27.92446,120.6923,27.92044,120.6689,3,12,0
841,1565,-38.78525489,-4.782481528,28.0171,120.63698,28.03749,120.6251,-1,2,0
1706,2250,41.79017251,-30.85289367,27.9208,120.70586,27.92446,120.6923,3,90,0
204,956,0.285847486,-14.50124274,27.99015,120.62566,27.97159,120.65547,-1,0,0
923,1351,-55.43111857,-18.15549713,28.06101,120.62576,28.04387,120.63355,7,82,0
1522,2852,23.60634244,35.15484046,27.987423,120.723357,28.0076,120.724,7,0,0
663,831,7.787334506,3.161426928,27.97693,120.66377,27.9762,120.668,5,1077,0
2750,2786,7.421798195,-7.398542474,28.00455,120.70115,28.00603,120.706387,7,31,0
464,2508,16.51957047,-21.83200941,27.9659,120.64111,27.96724,120.66561,-1,8,0
560,1742,10.01467619,64.48326497,28.016323,120.703784,28.010383,120.6909,7,51,0
638,1764,-2.618919934,-45.34381155,27.99736,120.62159,27.96875,120.60619,8,33,0
752,2005,32.08712758,-12.62298634,27.9454,120.65697,27.92325,120.6878,-1,4,0
936,1506,-60.75419076,3.133372832,28.02145,120.63334,28.02799,120.66168,-1,74,0
893,1406,-0.938474458,21.38497251,28.00209,120.66254,27.99845,120.67286,-1,15,0
803,2899,-48.75888131,15.19295715,28.02715,120.65114,28.02802,120.65472,7,8375,0
204,2023,8.847054295,-42.79371214,27.99015,120.62566,27.97172,120.61373,8,41,0
331,1138,-40.18587826,-46.95666722,28.03958,120.62042,28.05708,120.58299,-1,2,0
386,1761,-5.509401064,48.39054041,27.99487,120.67969,27.99851,120.67952,4,138,0
1461,2359,11.47932269,54.65226399,28.008516,120.702342,28.00191,120.70463,7,17,0
89,1401,-27.66153807,13.0863686,28.0164,120.65703,28.01999,120.65209,3,30,0
2236,2471,-4.430714301,22.79611137,27.9946,120.674,28.00877,120.66836,-1,52,0
1799,2755,0.622794105,34.03558938,27.99461,120.68409,27.99953,120.68067,4,21,0
835,2219,30.83398468,-46.24999764,27.87789,120.68776,27.88424,120.6382,3,26,0
164,746,24.21898607,-14.53687952,27.95724,120.65969,27.94545,120.66986,5,5512,0
537,2021,35.03332739,-33.64873531,27.91572,120.69582,27.92043,120.68424,3,462,0
143,1232,-67.84105778,7.420346365,28.04546,120.65895,28.04357,120.651564,7,1617,0
1584,2187,71.7413254,6.052643697,27.89209,120.81396,27.89058,120.80958,6,1351,0
1991,2715,-12.11689937,44.27222341,28.00104,120.67237,27.99435,120.66326,-1,352,0
832,1034,-40.42211449,7.251546227,28.05231,120.68005,28.027685,120.65985,7,42,0
389,669,-47.16873739,-5.564279798,28.01058,120.62116,28.01255,120.63174,4,125,0
1763,2966,64.50393382,-0.231600344,27.92159,120.82161,27.90319,120.81717,6,74,0
365,2848,6.428663737,-0.597605028,27.98328,120.65734,27.965369,120.686131,-1,0,0
692,1461,11.42418366,55.58677691,28.00622,120.6991,28.008516,120.702342,7,448,0
1335,2033,64.06665739,-9.798923055,27.92006,120.82563,27.9196,120.81824,6,308,0
1092,2237,28.80562253,-17.25668935,27.96187,120.66042,27.92797,120.69797,-1,0,0
1605,2294,-30.19465983,9.07037196,28.01353,120.6398,28.017358,120.65303,3,24,0
490,1837,1.568594823,-19.6004263,28.00307,120.6298,27.98603,120.63754,-1,4,0
43,2012,-50.56167747,7.79791805,28.023236,120.644174,28.02392,120.644412,3,331,0
895,1009,26.6749425,15.93859563,28.03688,120.73858,28.029342,120.785869,-1,0,0
1386,1799,-0.918092033,46.87977575,27.98557,120.68544,27.99461,120.68409,4,776,0
2351,2970,18.54464578,-45.78000898,27.95215,120.60432,27.9567,120.57364,10,82,0
924,2745,-57.73649987,4.050755727,28.03883,120.63972,28.02921,120.62987,7,3,0
941,1457,21.84516422,33.82267504,27.99057,120.71338,27.99566,120.715,7,33,0
293,1506,-57.55577813,5.29982476,28.02476,120.635142,28.02799,120.66168,-1,9,0
1055,2020,74.50615998,5.730413863,27.89321,120.79688,27.87833,120.79361,6,524,0
515,2083,13.46168376,-41.80711137,27.96781,120.62801,27.95887,120.60962,-1,978,0
490,1021,6.876933244,-38.56259507,28.00307,120.6298,27.96668,120.62461,-1,64,0
424,2507,-18.22180827,29.79648524,28.025412,120.669507,28.02519,120.66642,3,61,0
291,1939,2.275339331,27.51709682,28.023257,120.659016,28.00197,120.68016,-1,51,0
1988,2318,-44.27186629,4.978094834,28.01854,120.63879,28.0217,120.647,3,176,0
387,1015,-14.79559854,-36.02539238,28.0246,120.58292,28.02245,120.61239,-1,8,0
308,958,-34.91367988,-58.85276695,28.07118,120.58698,28.04944,120.58116,9,392,0
682,2012,-57.57726422,-0.789926517,28.0412,120.629,28.02392,120.644412,-1,125,0
1223,2901,28.29680179,4.897117027,27.960593,120.741204,27.97339,120.7071,10,2,0
372,1638,4.402440682,17.59530616,27.99629,120.68028,27.99258,120.67111,4,69,0
1955,2778,-8.48540034,-1.435785447,28.00278,120.646,27.99859,120.64039,3,27,0
291,1442,-40.28024807,10.45430418,28.023257,120.659016,28.021742,120.649455,3,97,0
1054,2180,-6.728518254,-8.092322489,27.99918,120.641648,27.98333,120.65125,-1,34,0
1858,2153,28.63814041,-27.96637162,27.92336,120.69364,27.91643,120.68875,3,54,0
391,1111,-34.36266231,0.40975469,28.02273,120.64301,28.02502,120.63963,-1,42,0
520,2020,74.56340927,10.57356888,27.88953,120.79251,27.87833,120.79361,6,4794,0
2912,2968,-41.27199764,8.889223125,28.02671,120.65844,28.02802,120.6546,7,2,0
1273,2151,-37.39276793,-30.40145905,28.02347,120.61544,28.06452,120.61682,-1,107,0
80,1269,-18.71969002,-10.35386552,28.01143,120.62756,28.00799,120.62655,4,77,0
1774,2131,5.930132595,3.112413901,27.99094,120.65242,27.97509,120.65593,5,511,0
4,1407,5.005719151,-27.25926545,27.98663,120.61963,27.97235,120.62717,8,20,0
1753,2482,11.74682528,-7.996854076,27.96526,120.65283,27.9536,120.65488,5,58,0
220,1562,5.328255759,-55.60783126,27.9974,120.58543,27.99767,120.57531,8,580,0
644,1162,-20.33216977,20.12940661,28.01278,120.65944,28.01597,120.66415,3,58,0
1439,2780,19.13525767,53.61664832,28.005515,120.719495,28.00116,120.7232,7,91,0
279,2342,44.73453177,35.03285173,27.98465,120.73383,27.96902,120.74658,10,204,0
422,1022,21.16777976,42.15286045,28.00525,120.70299,27.99539,120.7173,7,6,0
761,2468,-34.83197185,3.435936529,28.02569,120.64175,28.022717,120.632107,-1,74,0
1399,2483,-27.31860464,-24.86939862,28.024487,120.608733,28.02455,120.61196,3,1592,0
911,1376,29.59971945,29.7929755,27.96141,120.73461,27.99176,120.72451,-1,71,0
221,550,19.81159294,57.45718697,28.00742,120.71768,28.0076,120.72365,7,647,0
1034,2415,-51.00986365,16.58156446,28.027685,120.65985,28.02,120.655,-1,5,0
1145,2415,-46.49877175,15.17223106,28.024208,120.653538,28.02,120.655,-1,230,0
292,2213,-40.77585634,6.200708467,28.02857,120.65898,28.0397,120.63304,7,0,0
1534,1606,-26.15118692,45.09826417,28.017189,120.678534,28.01492,120.67488,3,1016,0
726,824,-13.65911734,-1.019461995,28.00074,120.64324,28.002956,120.643807,3,181,0
331,2575,-35.40894527,-22.76455163,28.03958,120.62042,28.02926,120.59028,-1,6,0
2353,2373,-6.093441876,10.78460116,27.973777,120.682079,27.99672,120.65264,-1,0,0
734,1590,-14.99258636,-22.27284187,28.01097,120.60609,28.02239,120.59436,3,20,0
308,2547,-37.77960877,-57.50260782,28.07118,120.58698,28.077515,120.5896,9,1863,0
961,1474,-29.31735565,-54.6936008,28.06451,120.58223,28.02436,120.58545,9,107,0
1351,2745,-53.85919951,1.531764951,28.04387,120.63355,28.02921,120.62987,7,4,0
1244,2444,-4.511790501,23.03881558,28.00503,120.67134,27.99277,120.67775,-1,6,0
935,2307,11.61016413,10.89622042,27.97987,120.68111,27.957377,120.682574,-1,0,0
492,2632,28.06200467,51.80852432,27.99261,120.71419,28.0072,120.71529,7,44,0
191,1698,17.55838,-2.263223871,27.96628,120.68116,27.95861,120.665556,5,64,0
64,2744,0.233373116,-2.295891021,28.01276,120.65434,28.0132,120.654,3,0,0
1651,2142,21.3771028,28.13559563,27.97707,120.74717,27.98684,120.71242,-1,8,0
220,2790,-2.651033367,-43.46392238,27.9974,120.58543,27.99273,120.60679,8,37,0
780,919,1.244774659,28.63252866,28.01006,120.68043,28.01517,120.66789,-1,6,0
408,2733,-41.62552195,-4.959681705,28.05042,120.6339,28.019524,120.631948,-1,0,0
328,814,-49.47114685,-14.71877761,28.05929,120.65781,28.06065,120.61145,7,41,0
673,2197,-55.28038385,-32.80058971,28.05464,120.60495,28.04449,120.62163,7,566,0
727,1402,-13.60078709,33.28415535,28.00933,120.69355,28.014576,120.681581,-1,4,0
1376,1839,48.87793833,30.15563778,27.99176,120.72451,27.97706,120.75192,-1,98,0
17,2366,16.54984851,11.51714664,27.97886,120.67718,27.97973,120.67677,5,2885,0
542,1718,15.17996473,54.39236774,28.00788,120.70268,28.001831,120.717278,7,437,0
1782,2841,7.589138132,56.49165257,27.997236,120.700653,28.000286,120.70749,7,301,0
1689,1988,-49.58101244,9.30776755,28.02095,120.64389,28.01854,120.63879,3,1680,0
1152,2897,-18.70364902,6.24838871,28.013647,120.656985,28.01385,120.66008,3,8,0
1123,2682,-10.56390615,9.111167057,27.96552,120.64757,27.99605,120.64769,-1,4,0
341,2682,-8.226400886,-16.3184213,27.98975,120.64468,27.99605,120.64769,-1,631,0
202,1415,-25.9585466,3.275886414,28.0087,120.65515,28.01447,120.64201,3,10,0
328,627,-70.27929706,9.7761931,28.05929,120.65781,28.0494,120.66193,7,25325,0
735,2420,-3.726570558,-15.42087805,27.993371,120.637184,27.98362,120.61785,8,11,0
790,972,17.17797312,-8.31824523,27.95053,120.66517,27.94366,120.68317,5,28,0
1950,2663,38.17304028,45.79337668,27.99139,120.71952,27.99627,120.72691,7,1011,0
779,2847,-36.59076605,-39.33075733,28.03387,120.594038,28.041041,120.588459,9,1237,0
2099,2444,-3.535634818,44.49757987,27.99084,120.68506,27.99277,120.67775,4,499,0
72,696,18.24316619,-29.36427478,27.97367,120.59704,27.960958,120.569257,-1,28,0
273,1433,-44.08531729,17.49717305,28.02613,120.64691,28.015196,120.648057,-1,46,0
2012,2581,-36.5509472,13.31774119,28.02392,120.644412,28.020019,120.648575,3,88,0
442,1705,58.19684177,-8.299035579,27.92124,120.83163,27.90977,120.83609,6,209,0
2199,2568,-21.22533064,-36.34758786,28.026587,120.594413,28.04901,120.58582,-1,14,0
797,2119,45.00143449,27.40660081,27.97373,120.74409,27.97513,120.74591,10,4249,0
160,447,29.70672929,40.10969948,27.97864,120.71467,27.99055,120.7118,-1,31,0
989,2366,3.251149115,8.317102298,27.987092,120.667981,27.97973,120.67677,-1,101,0
23,644,-19.07806578,19.04004139,28.015057,120.667466,28.01278,120.65944,3,26,0
1592,2579,-18.02814535,-56.71742626,28.04448,120.57033,28.04541,120.57613,9,731,0
1309,2245,-65.25924238,21.55605715,28.0834,120.6882,28.08922,120.70208,1,813,0
761,1089,-30.09094272,5.360180709,28.02569,120.64175,28.02804,120.57818,-1,29,0
1058,1736,-58.29474881,-27.84153173,28.04752,120.63044,28.029592,120.6244,7,187,0
578,2063,34.57585611,-37.71396164,27.91219,120.68358,27.90108,120.68568,3,17,0
1990,2617,-27.23994978,21.00004945,28.02045,120.65999,28.02136,120.65561,3,346,0
457,1782,11.35787288,48.71533243,28.01851,120.70462,27.997236,120.700653,7,10,0
1136,2137,-45.84638751,-15.49746153,28.04624,120.66456,28.04852,120.65349,7,76,0
1398,1620,-28.49957878,-12.41259427,28.02438,120.60303,28.01578,120.62194,-1,7,0
270,1290,9.044859161,31.45221574,28.01764,120.68649,28.003203,120.691994,7,30,0
309,1603,16.15583596,-29.65740039,27.95804,120.59516,27.94403,120.59556,10,120,0
2507,2656,-40.76335253,5.671920826,28.02519,120.66642,28.024797,120.649708,-1,16,0
2237,2312,31.5045695,-23.77645829,27.92797,120.69797,27.92006,120.70628,3,42,0
293,1388,-30.96473761,1.70875983,28.02476,120.635142,28.01822,120.64711,3,20,0
1789,2146,-37.2696877,-51.00572026,28.09369,120.58816,28.051431,120.600469,-1,6,0
308,1159,-16.37283506,-33.95008732,28.07118,120.58698,28.02791,120.59925,-1,3,0
1295,1530,27.97805486,-52.72092426,27.87791,120.67133,27.86421,120.64917,3,969,0
382,916,-39.13269386,38.1922855,28.01967,120.6623,28.01381,120.65692,3,277,0
1500,2396,-55.20598662,-29.94001468,28.05006,120.62061,28.03985,120.62173,7,885,0
720,1120,43.88677147,30.4799047,27.97976,120.74186,27.979201,120.744915,10,419,0
57,112,-19.63073807,-16.99386601,28.00954,120.61511,28.01472,120.61007,-1,1176,0
1889,1990,-24.8142502,20.58305661,28.01442,120.65841,28.02045,120.65999,3,9,0
1401,1506,-39.64759064,4.862888046,28.01999,120.65209,28.02799,120.66168,-1,15,0
943,2282,19.3190075,25.52966766,27.98369,120.71502,27.99125,120.69051,-1,0,0
1099,2254,64.54696983,-4.782336957,27.92578,120.79581,27.923401,120.816621,6,264,0
68,1510,-33.999701,-8.961355595,28.02467,120.61708,28.023269,120.632426,-1,16,0
179,811,41.98907485,-15.83222778,27.92748,120.69689,27.92878,120.69672,3,253,0
490,1103,5.624426578,-41.67829634,28.00307,120.6298,27.97694,120.62826,-1,1059,0
582,2909,68.82752505,17.2194707,27.86958,120.81319,27.86513,120.81613,6,168,0
2693,2841,15.7145208,37.39483376,27.989197,120.703236,28.000286,120.70749,7,0,0
724,1453,-5.036179374,-13.91983417,27.99279,120.64931,27.99832,120.6366,3,22,0
468,686,-13.54121027,-50.7773176,28.02464,120.59155,28.035763,120.57132,-1,3,0
1308,2540,13.46314593,19.59139868,27.98404,120.68203,27.991878,120.694119,4,14,0
273,2065,-42.41923438,-10.84637683,28.02613,120.64691,28.03893,120.65902,7,14,0
1407,1683,10.52484224,-34.11350488,27.97235,120.62717,27.95708,120.67304,-1,8,0
797,2516,44.7946769,32.32878918,27.97373,120.74409,27.97841,120.73883,10,906,0
1889,2117,-20.10033333,18.89729233,28.01442,120.65841,28.0167,120.6534,3,21,0
193,2532,26.84340032,20.11287887,28.02809,120.78452,28.03232,120.78261,2,27170,0
8,995,19.58067343,-34.0851225,27.91704,120.56917,27.941,120.574,10,49,0
1005,2936,-34.19198146,32.38521055,28.00628,120.65332,28.00577,120.65343,3,608,0
720,2154,37.9515908,21.43575077,27.97976,120.74186,27.96748,120.75293,10,10,0
408,1331,-41.98264283,-25.70173441,28.05042,120.6339,28.07361,120.61293,-1,124,0
565,954,-11.14161055,14.8888533,28.00841,120.66454,28.018214,120.672196,3,26,0
813,2372,-23.445603,-22.37340223,28.01833,120.607999,28.023805,120.597166,3,69,0
1453,1774,-7.547445546,-15.83379169,27.99832,120.6366,27.99094,120.65242,-1,135,0
409,1223,47.18784075,2.980750909,27.95855,120.75661,27.960593,120.741204,10,0,0
1439,1845,22.15596073,35.03435825,28.005515,120.719495,27.99406,120.72557,7,15,0
673,2067,-18.23451523,-40.86439479,28.05464,120.60495,28.028224,120.587166,-1,5,0
176,217,-19.9693129,-25.50378329,28.02521,120.6105,28.01578,120.59444,3,21,0
367,2853,4.930131863,-51.04589617,27.99233,120.60381,27.97599,120.59211,8,336,0
1445,1679,30.20648724,49.07692046,27.99263,120.7145,27.99338,120.70875,7,191,0
1009,2829,29.10430598,15.56125409,28.029342,120.785869,28.02612,120.79589,2,66,0
1424,2609,-19.84015676,-24.88562584,28.02108,120.60101,28.01418,120.59753,3,332,0
19,1516,8.635873957,12.14948411,27.98443,120.66958,27.98422,120.6593,4,37,0
1555,1646,-43.513968,-14.17187347,28.043798,120.657967,28.03083,120.63755,7,2,0
1572,2396,-48.57513062,-34.71823089,28.02693,120.60664,28.03985,120.62173,-1,85,0
906,2507,-19.78591978,31.62291303,28.01211,120.69386,28.02519,120.66642,-1,42,0
599,2005,30.61767678,-2.32440959,27.97321,120.72684,27.92325,120.6878,-1,0,0
292,936,-38.92105947,8.50147169,28.02857,120.65898,28.02145,120.63334,-1,125,0
358,477,29.68600209,32.25652665,27.96854,120.74135,27.994763,120.731284,-1,117,0
49,2640,-8.681136353,-38.64631052,28.02104,120.58411,28.02725,120.57841,9,18,0
608,1742,-0.83550709,56.00036657,27.99367,120.69233,28.010383,120.6909,-1,35,0
120,217,-21.73338141,-24.21252765,28.0183,120.607999,28.01578,120.59444,3,10,0
343,745,-49.9693391,-22.39046043,28.03943,120.62365,28.04541,120.65027,7,14,0
797,2813,39.98477962,25.42878294,27.97373,120.74409,27.96972,120.74326,10,48,0
609,2188,-52.17055078,-7.032320313,28.02096,120.62016,28.02031,120.62527,-1,316,0
492,2186,32.12429386,48.83689647,27.99261,120.71419,27.99188,120.7165,7,56,0
2111,2775,74.56112776,9.599791797,27.88503,120.79691,27.88321,120.80518,6,1138,0
1108,2730,42.81546629,-15.65600501,27.924685,120.69711,27.92782,120.69643,3,1643,0
2167,2921,-44.28974652,-16.84796922,28.0438,120.65797,28.04626,120.62812,7,0,0
1603,2539,15.08018176,-29.9385786,27.94403,120.59556,27.97231,120.62724,-1,9,0
1737,2086,-15.35833222,-58.21316388,28.03968,120.57291,28.03771,120.57585,9,13167,0
1004,1285,-38.30940359,-25.97685662,28.04879,120.61397,28.04108,120.61641,7,0,0
559,2335,29.28162663,-50.18087988,27.858601,120.664025,27.86624,120.66547,3,234,0
769,2131,6.12385667,3.379731158,27.97575,120.65879,27.97509,120.65593,5,1494,0
1606,2427,-6.893507455,28.84630382,28.01492,120.67488,28.0086,120.6772,-1,31,0
877,2675,6.27139524,52.79899709,28.00179,120.69967,28.0028,120.699,7,68,0
1746,2232,19.43387776,37.31042436,27.99484,120.70984,27.99607,120.71016,7,55,0
25,1262,6.355118279,4.115988148,27.976204,120.667973,27.98453,120.66027,-1,262,0
2218,2490,32.46038811,-50.77561234,27.878176,120.67654,27.88534,120.6674,3,52,0
293,2467,-56.86389474,-2.443535973,28.02476,120.635142,28.025613,120.638246,-1,455,0
647,2399,9.748869679,-33.22317002,27.9749,120.63133,27.951096,120.598666,-1,4,0
1433,2506,-22.70332855,5.797372202,28.015196,120.648057,28.02561,120.63825,-1,0,0
644,1401,-15.23142504,17.86465416,28.01278,120.65944,28.01999,120.65209,3,20,0
234,2862,-22.54033048,-12.0676181,28.01828,120.62547,28.01436,120.62323,4,66,0
648,1110,30.55794561,-22.79637107,27.92779,120.69413,27.946867,120.69923,-1,0,0
384,1752,-41.69375673,-4.557268785,28.01405,120.63301,28.0312,120.63393,-1,4,0
1852,2479,40.35563496,5.870103714,27.96059,120.7497,27.95756,120.72822,10,49,0
1713,2602,-26.56523177,-12.15999834,28.01567,120.62619,28.041463,120.586511,-1,7,0
2236,2446,-9.546063855,44.31216776,27.9946,120.674,27.98763,120.66308,4,187,0
1416,2012,-29.17833188,5.105015801,28.01137,120.64581,28.02392,120.644412,3,59,0
1563,2362,44.84713214,-29.01111283,27.92204,120.69661,27.92159,120.70412,3,3681,0
25,405,9.274938569,-2.970534696,27.976204,120.667973,27.989232,120.680662,-1,2,0
213,2012,-46.02508813,3.488229173,28.01009,120.63564,28.02392,120.644412,3,166,0
35,1900,-30.06637243,-59.14577223,28.06905,120.57281,28.06605,120.58485,9,17186,0
1108,1755,43.29878013,-32.54196024,27.924685,120.69711,27.916499,120.696973,3,1362,0
2024,2559,-33.25469091,19.42820461,28.01102,120.64355,28.01104,120.64986,3,118,0
2300,2425,21.75121286,58.35122575,27.99832,120.72424,28.001305,120.717516,7,8565,0
1188,2627,28.9685475,18.35236343,28.02612,120.795888,28.01826,120.7953,2,1927,0
392,461,1.201819477,-3.093115862,27.90266,120.80723,27.8974,120.81737,6,7,0
160,1448,22.37179153,33.92003354,27.97864,120.71467,27.99567,120.715,-1,4,0
477,912,39.69099375,43.25044401,27.994763,120.731284,27.98324,120.72334,-1,925,0
638,2778,-7.370069822,-16.02703674,27.99736,120.62159,27.99859,120.64039,-1,102,0
521,2427,-7.022842061,19.01041871,27.99979,120.66739,28.0086,120.6772,-1,9,0
341,621,1.682388196,-17.54976301,27.98975,120.64468,27.98848,120.61075,8,67,0
2028,2072,52.61155007,1.618102293,27.92122,120.80887,27.93734,120.77936,-1,0,0
146,2325,31.10733335,-29.78902699,27.92415,120.69204,27.91782,120.69607,3,126,0
1544,2223,52.39313544,-4.469786634,27.94688,120.81569,27.922663,120.824735,6,26,0
1180,1895,25.85224306,5.587792159,27.97777,120.70138,27.96905,120.70307,-1,42,0
2168,2938,-23.35300814,-26.21409043,28.02265,120.60445,28.02158,120.59654,3,870,0
1519,2793,40.06051517,6.511086291,27.97433,120.75966,27.96841,120.73048,10,18,0
2225,2873,14.07345276,60.98840666,28.01963,120.71371,28.000323,120.727524,7,10,0
895,1608,-63.30062278,13.91697795,28.03688,120.73858,28.0453,120.65749,7,140,0
1015,2473,-27.81644582,-20.65783721,28.02245,120.61239,28.022523,120.620372,3,108,0
1433,1862,-33.82127228,17.19906813,28.015196,120.648057,28.01287,120.64928,3,50,0
466,1837,-6.283002501,-17.99814023,27.993,120.6404,27.98603,120.63754,8,399,0
246,746,25.77194126,-10.35239742,27.95634,120.66596,27.94545,120.66986,5,785,0
407,1695,-10.82555697,-46.1583468,28.026727,120.58226,28.02937,120.5775,9,6647,0
1510,2294,-30.96493084,2.61671922,28.023269,120.632426,28.017358,120.65303,-1,0,0
1958,2468,-34.81555546,12.63195891,28.01842,120.65967,28.022717,120.632107,3,149,0
627,1927,-46.13252755,-21.11332711,28.0494,120.66193,28.04626,120.62785,7,52,0
1304,2585,2.116836185,-32.37832324,27.989339,120.608294,27.98729,120.6081,8,104,0
521,2620,-13.59921134,40.02480842,27.99979,120.66739,28.005401,120.667985,3,73,0
874,1535,-60.4330523,5.177008764,28.04411,120.64767,28.03768,120.63277,7,230,0
347,2315,23.76916766,38.87291581,27.98785,120.71681,27.9939,120.72128,7,41,0
872,1132,-6.474271113,7.900757775,27.98477,120.64882,27.99853,120.6532,-1,13,0
42,1054,-6.306760752,-7.384481199,28.0014,120.65569,27.99918,120.641648,3,33,0
638,2485,-5.660981442,-15.76530686,27.99736,120.62159,27.99123,120.63845,8,49,0
1260,1601,53.94218621,-5.715726407,27.91444,120.83278,27.94796,120.8414,6,48,0
1935,2508,12.81370896,2.128549114,27.97505,120.67499,27.96724,120.66561,5,1116,0
287,556,-5.695137159,-23.14524329,27.986822,120.630326,27.99014,120.62903,8,3119,0
1510,2415,-29.54848556,2.163062554,28.023269,120.632426,28.02,120.655,-1,35,0
1470,2217,9.905803521,1.278927282,27.97225,120.68006,27.97587,120.67071,5,87,0
2128,2187,72.32904475,5.690955914,27.8883,120.80901,27.89058,120.80958,6,14128,0
1296,2496,44.61400397,3.795574725,27.89897,120.79855,27.94412,120.76969,-1,12,0
1886,2618,7.600974877,42.93927389,28.010095,120.696678,28.016323,120.704,7,86,0
487,2392,2.133198037,20.43700799,27.98776,120.67428,28.00878,120.68835,-1,4,0
515,584,4.63460437,-24.50428633,27.96781,120.62801,27.99383,120.62841,8,0,0
270,1534,-24.5387263,44.89897453,28.01764,120.68649,28.017189,120.678534,-1,73,0
46,362,-18.8067187,-23.66540116,28.04917,120.61056,28.01738,120.60605,-1,23,0
184,1443,-18.54373838,27.65871349,28.02537,120.66038,28.02212,120.67074,-1,59,0
372,2928,-3.991115745,46.8426841,27.99629,120.68028,27.99271,120.68075,4,201,0
1007,1470,24.92699447,-1.438989868,27.96558,120.68672,27.97225,120.68006,5,4362,0
1152,2939,-20.46675824,10.84034892,28.013647,120.656985,28.011397,120.653141,3,13,0
1141,1999,33.06438442,-13.39073373,27.933084,120.674452,27.91395,120.70028,-1,100,0
1257,2096,5.791162412,-35.3318642,27.97868,120.57877,27.97745,120.61375,8,68,0
405,1104,7.548669892,16.85940057,27.989232,120.680662,27.99923,120.67458,4,17,0
48,595,-26.24168261,43.27407495,28.01947,120.67661,28.01681,120.67808,3,3957,0
973,2237,41.04814165,-13.73458485,27.93169,120.70193,27.92797,120.69797,3,1000,0
999,2481,11.72360717,-7.581690017,27.95989,120.64875,27.97265,120.66766,5,24,0
652,2187,73.93749898,7.391968419,27.88623,120.80236,27.89058,120.80958,6,47,0
746,2114,21.07512101,-14.35438393,27.94545,120.66986,27.94806,120.66035,5,339,0
688,780,-7.284064665,56.91587947,28.008405,120.68283,28.01006,120.68043,4,3097,0
1015,1159,-28.23516149,-39.56557307,28.02245,120.61239,28.02791,120.59925,3,603,0
604,1711,-51.71357865,-15.87881033,28.015777,120.594444,28.06516,120.64246,-1,0,0
1342,2561,-7.929640701,52.15999425,28.00491,120.67627,28.00155,120.68023,4,389,0
676,2398,35.82671178,-36.0628081,27.92115,120.683,27.923249,120.687804,3,42,0
891,2394,64.51683283,24.54032384,27.85508,120.7815,27.86351,120.786,6,821,0
682,2467,-58.30202364,-3.186260221,28.0412,120.629,28.025613,120.638246,7,412,0
403,1391,26.11976429,5.283794523,27.98093,120.71034,27.95467,120.69939,-1,18,0
47,90,46.48311332,9.867306329,27.97433,120.75967,27.96939,120.78179,-1,34,0
755,2005,37.3872567,-12.35097445,27.928,120.698,27.92325,120.6878,3,143,0
647,1624,8.663257036,-43.94220426,27.9749,120.63133,27.971715,120.608414,8,27,0
1457,1911,22.15093012,38.8049614,27.99566,120.715,27.97773,120.72673,-1,18,0
576,2890,-34.2908871,-3.891273367,28.02002,120.63138,28.02424,120.6348,3,13,0
227,259,-47.87981016,-15.95553126,28.05333,120.63083,28.05022,120.66531,7,73,0
850,2061,-4.019684631,42.39333769,27.99186,120.67498,27.98839,120.68338,4,184,0
959,1142,-38.44833537,33.42242552,28.009115,120.657413,28.01146,120.65856,3,404,0
155,1260,66.7045023,7.184088234,27.90066,120.82456,27.91444,120.83278,6,153,0
698,1275,-40.68324756,-49.35585602,28.07126,120.60869,28.1014,120.58443,9,43,0
1828,2379,-42.43283461,4.268297528,28.039716,120.651201,28.04982,120.6511,7,59,0
2650,2809,-23.62290829,39.79609671,28.024386,120.675309,28.022802,120.673347,3,520,0
220,672,6.392656621,-52.98578386,27.9974,120.58543,27.96719,120.59359,8,27,0
1821,2637,28.96227351,34.52605676,27.98011,120.74803,27.99476,120.73128,-1,38,0
585,1613,7.539297238,52.20116727,28.00115,120.70215,28.00291,120.69868,7,142,0
117,254,-24.66865941,-28.75804078,28.026108,120.592702,28.023933,120.596926,3,189,0
442,1260,62.70103576,-14.33991447,27.92124,120.83163,27.91444,120.83278,6,5046,0
1563,1630,34.11564832,-22.44122668,27.92204,120.69661,27.92275,120.7073,3,57,0
468,949,-25.04859923,-52.07817713,28.02464,120.59155,28.042263,120.582178,-1,72,0
331,1432,-41.73780256,-5.847590886,28.03958,120.62042,28.00892,120.62295,-1,18,0
1646,1650,-30.8769847,-12.20964785,28.03083,120.63755,28.020022,120.631375,-1,14,0
550,2556,17.22483644,48.24961141,28.0076,120.72365,28.00322,120.7122,7,139,0
48,2621,-23.43439314,44.22651861,28.01947,120.67661,28.01036,120.67777,-1,23,0
1391,1844,32.24787877,-21.61867966,27.95467,120.69939,27.92562,120.70294,-1,177,0
305,1528,-42.58801684,22.89435187,28.008511,120.618079,28.01484,120.64575,-1,144,0
2252,2767,-22.89788984,19.1186397,28.0135,120.659,28.00293,120.64916,3,0,0
235,2452,-37.43828622,34.07353241,28.00874,120.65984,28.0105,120.66068,3,462,0
966,2625,63.38143263,7.36408414,27.918388,120.823666,27.89938,120.82864,6,45,0
651,1940,-41.65740564,-36.25339106,28.05562,120.60146,28.05756,120.60725,7,154,0
408,1981,-57.495426,-20.08655735,28.05042,120.6339,28.04382,120.61146,7,100,0
1718,2074,23.73693264,47.47954803,28.001831,120.717278,27.986124,120.709577,7,73,0
273,779,-33.20983697,-37.65374687,28.02613,120.64691,28.03387,120.594038,-1,48,0
2671,2924,4.965327548,-6.949934579,28.00505,120.694054,28.0079,120.69401,7,15,0
291,2452,-13.82407055,21.92930616,28.023257,120.659016,28.0105,120.66068,3,15,0
1053,2822,28.18253735,29.64940276,27.99068,120.7167,27.97743,120.73394,-1,100,0
422,1960,-16.52407217,31.34266773,28.00525,120.70299,28.02089,120.67732,-1,7,0
1187,1308,11.95795633,18.41820844,27.96331,120.66311,27.98404,120.68203,-1,99,0
540,1255,-12.10135256,44.51470133,27.9981,120.66772,27.9997,120.67055,3,146,0
1503,2292,-20.97909444,-58.3526414,28.0363,120.5857,28.04572,120.58643,9,1934,0
143,1596,-52.46401249,14.50070117,28.04546,120.65895,28.027266,120.655901,7,25,0
609,2642,-39.98306561,-14.12226492,28.02096,120.62016,28.03965,120.64593,-1,3,0
666,2416,-37.05447574,-62.87771508,28.07352,120.58467,28.101941,120.550401,9,5,0
49,1474,-8.22668524,-47.02900247,28.02104,120.58411,28.02436,120.58545,9,24500,0
1993,2714,62.52199927,16.17662895,27.8714,120.79231,27.8832,120.80518,6,31,0
54,876,-31.88462131,-5.177199744,28.018598,120.620672,28.01851,120.63892,-1,56,0
779,2483,-35.95573744,-38.09600018,28.03387,120.594038,28.02455,120.61196,-1,34,0
202,852,-17.36578547,11.77933006,28.0087,120.65515,28.013741,120.650393,3,0,0
414,1446,17.35439756,-44.10908106,27.96162,120.59686,27.98015,120.60519,-1,179,0
220,902,-1.593636977,-38.09109845,27.9974,120.58543,27.99381,120.57017,8,16,0
440,1433,-7.577186545,-2.913775062,28.00029,120.64716,28.015196,120.648057,3,0,0
1015,2575,-23.23138447,-37.37252006,28.02245,120.61239,28.02926,120.59028,-1,53,0
1238,1306,-9.419151067,1.855894009,28.00439,120.65275,27.99383,120.62833,-1,8,0
421,1155,64.04504389,-11.97349656,27.91626,120.8268,27.9164,120.82583,6,256,0
1496,1950,18.15483038,31.6789099,27.97767,120.70127,27.99139,120.71952,-1,18,0
1188,2589,28.62492483,12.59123961,28.02612,120.795888,28.02612,120.83038,2,81,0
269,2301,39.57355675,13.48107807,27.96807,120.80604,27.97211,120.77582,-1,28,0
1263,2561,-12.46539322,25.88053279,28.02077,120.6738,28.00155,120.68023,-1,39,0
1256,1760,-32.82152468,20.53998157,28.01222,120.65195,28.01143,120.64969,3,111,0
617,1169,-20.05681125,-22.93672438,28.013371,120.594287,28.01606,120.6036,3,905,0
2621,2804,-11.83297289,29.83305361,28.01036,120.67777,28.02126,120.68452,-1,105,0
1939,2169,-3.762369811,55.3086654,28.00197,120.68016,28.002851,120.698951,-1,83,0
188,1753,14.0006056,-22.32460564,27.97988,120.63103,27.96526,120.65283,-1,91,0
1683,2089,20.91310414,-9.250174523,27.95708,120.67304,27.970224,120.651685,5,18,0
1058,1743,-39.83318833,-0.222348043,28.04752,120.63044,28.02983,120.63357,7,2,0
637,687,8.15124392,40.28933248,28.01522,120.68916,28.006318,120.696659,7,19,0
1238,1648,-20.21561262,13.12047198,28.00439,120.65275,28.01215,120.65684,3,24,0
1821,2672,6.666584017,69.38916578,27.98011,120.74803,28.02026,120.69523,-1,2,0
692,1939,7.448410789,30.04916726,28.00622,120.6991,28.00197,120.68016,-1,14,0
1400,1429,-24.01271562,-24.55784858,28.01833,120.60806,28.019912,120.604277,3,785,0
677,1051,-45.25854781,-35.19980268,28.040628,120.619569,28.04252,120.60963,7,47,0
450,659,10.80170349,-51.3488172,27.96474,120.57156,27.98025,120.58452,8,66,0
402,1373,-38.88795376,39.20689913,28.01188,120.66205,28.01793,120.66445,3,320,0
133,752,17.36841574,-5.10790175,27.9535,120.69621,27.9454,120.65697,5,20,0
1595,1689,-28.52070214,-4.287186783,28.03104,120.63718,28.02095,120.64389,-1,25,0
522,541,15.92459392,-42.04344228,27.95536,120.60011,27.96193,120.60948,10,2180,0
1572,2827,-45.65022229,-36.63698625,28.02693,120.60664,28.05657,120.60001,-1,536,0
1394,2277,-9.776476602,45.52124056,27.99572,120.672658,27.99474,120.67188,4,422,0
755,1036,43.41938405,-19.27655612,27.928,120.698,27.92406,120.70335,3,396,0
1236,1595,-57.06869457,-2.064963561,28.02581,120.63956,28.03104,120.63718,7,25,0
534,1999,28.0645429,-17.42478001,27.93767,120.66978,27.91395,120.70028,-1,71,0
1819,2790,1.321653743,-50.99210076,27.996696,120.603355,27.99273,120.60679,8,4840,0
23,954,-18.28913225,24.48991255,28.015057,120.667466,28.018214,120.672196,3,24,0
552,2637,29.20661684,32.47851473,27.96536,120.74141,27.99476,120.73128,-1,28,0
560,730,7.025755556,42.68005271,28.016323,120.703784,28.0101,120.69668,7,10,0
1103,2373,-3.450685883,-17.63346304,27.97694,120.62826,27.99672,120.65264,-1,20,0
1994,2597,-9.03965597,42.69910575,27.992378,120.669665,27.993358,120.671015,4,597,0
1103,2389,3.624975157,-19.00314418,27.97694,120.62826,27.9764,120.63278,8,500,0
1486,2451,15.47752506,43.64597394,28.008255,120.719639,28.01596,120.72171,7,18,0
1950,2074,31.64050326,47.32248101,27.99139,120.71952,27.986124,120.709577,7,154,0
1134,1139,-5.293793971,-23.90635059,27.99644,120.63354,27.988544,120.62822,8,511,0
2150,2668,20.47508099,-43.71831257,27.99711,120.58895,27.94903,120.59549,-1,18,0
959,2939,-36.41307506,30.73067561,28.009115,120.657413,28.011397,120.653141,3,394,0
1290,2736,0.169935602,60.65221439,28.003203,120.691994,28.008768,120.696683,7,512,0
607,1506,-35.46371484,7.705396706,28.024021,120.649228,28.02799,120.66168,7,8,0
664,1994,-1.223111438,18.16177253,27.99313,120.67216,27.992378,120.669665,4,69,0
819,1122,52.61762661,2.644060399,27.91736,120.79806,27.9304,120.80754,6,148,0
757,1568,12.51102708,16.896848,27.986412,120.680477,27.98641,120.68048,4,2,0
1839,2124,45.04974158,13.78875869,27.97706,120.75192,28.0048,120.764,10,393,0
328,2784,-48.75154661,-14.71727023,28.05929,120.65781,28.05184,120.61542,7,25,0
1578,2970,20.22857687,-31.85294028,27.97058,120.5853,27.9567,120.57364,-1,38,0
1373,2897,-24.0384192,24.03368699,28.01793,120.66445,28.01385,120.66008,3,136,0
36,2279,20.4213092,32.07314428,27.99005,120.70688,27.98388,120.70501,-1,0,0
4,2848,-1.534397014,-13.26350369,27.98663,120.61963,27.965369,120.686131,-1,11,0
1347,2778,-7.696453714,-4.574627355,28.01058,120.65406,27.99859,120.64039,3,6,0
982,2615,63.34831841,14.21248006,27.87452,120.79789,27.87142,120.82061,6,71,0
2010,2597,-0.049706222,19.58529318,27.99742,120.68104,27.993358,120.671015,4,36,0
167,2496,70.51297934,-7.350429877,27.94045,120.7928,27.94412,120.76969,-1,332,0
1679,2540,18.13525591,31.26692434,27.99338,120.70875,27.991878,120.694119,-1,40,0
185,1474,-13.39338093,-34.21186596,28.021498,120.59653,28.02436,120.58545,-1,0,0
111,818,18.89181855,-16.44529631,27.95612,120.65155,27.94749,120.64401,5,4982,0
1457,2944,20.65448067,54.17389334,27.99566,120.715,27.99929,120.722247,7,135,0
421,951,64.48234553,-14.48517564,27.91626,120.8268,27.90882,120.83189,6,5446,0
447,2005,31.4742566,-1.788457142,27.99055,120.7118,27.92325,120.6878,-1,2,0
387,2316,-27.86563311,-31.56854295,28.0246,120.58292,28.0271,120.60091,-1,100,0
1448,1591,27.68879991,53.29655163,27.99567,120.715,28.00528,120.70899,7,394,0
1443,2929,-16.56267024,28.08192658,28.02212,120.67074,28.026713,120.658442,-1,73,0
823,2022,21.3313737,-13.87974705,27.9511,120.66043,27.94096,120.64958,5,302,0
291,2792,-25.74199317,36.08973989,28.023257,120.659016,28.02302,120.66759,3,228,0
1415,2528,-26.7138529,2.810690678,28.01447,120.64201,28.023744,120.653645,-1,17,0
176,2085,-35.0186295,-34.10526111,28.02521,120.6105,28.04973,120.58807,-1,2,0
424,2650,-21.5022933,36.41172894,28.025412,120.669507,28.024386,120.675309,3,54,0
866,2810,42.15527706,24.75070007,27.97155,120.73972,27.96861,120.74222,10,1507,0
1888,2336,66.55627358,7.358331439,27.89882,120.82105,27.87937,120.8036,6,93,0
604,1708,-18.91685943,-28.04268817,28.015777,120.594444,28.02381,120.59717,3,111,0
292,1455,-51.40210041,14.69556176,28.02857,120.65898,28.03905,120.62757,7,5,0
449,1174,32.38887653,-26.06002452,27.93173,120.70133,27.92084,120.70303,3,15,0
1360,2694,6.495782457,50.99083608,27.993854,120.698744,28.00118,120.70197,-1,116,0
1262,2261,4.65993311,1.542523476,27.98453,120.66027,27.97054,120.68557,-1,0,0
684,1530,32.10131569,-46.89295983,27.88258,120.62827,27.86421,120.64917,3,8,0
2061,2928,-2.867450864,41.72656164,27.98839,120.68338,27.99271,120.68075,4,297,0
790,1848,17.51129352,-8.443606524,27.95053,120.66517,27.96164,120.66747,5,20,0
594,773,3.384789449,18.86294804,27.99348,120.67357,27.989406,120.673557,4,34,0
1058,1752,-41.21892795,-2.237951745,28.04752,120.63044,28.0312,120.63393,7,0,0
1194,1284,34.32323564,-4.309029828,27.9573,120.67705,27.94439,120.71319,-1,14,0
1555,2879,-42.97474002,-14.28725189,28.043798,120.657967,28.040077,120.644167,7,94,0
306,319,28.78435963,-12.27539377,27.93177,120.67802,27.93831,120.66539,5,394,0
1651,1747,46.87869236,33.72305875,27.97707,120.74717,27.978667,120.735061,10,1508,0
77,171,-15.03895946,-2.292489277,28.00743,120.64853,28.00072,120.63977,3,21,0
1509,1989,60.2211686,-4.678483455,27.9249,120.82617,27.93336,120.81773,6,96,0
276,1845,31.88534073,29.78591387,27.98206,120.72704,27.99406,120.72557,7,9,0
1140,2086,-15.56688486,-58.627491,28.04193,120.57698,28.03771,120.57585,9,12980,0
780,2285,-8.596497106,54.23106879,28.01006,120.68043,28.0089,120.67777,4,135,0
2512,2756,-1.961875613,39.06958867,27.99935,120.67604,27.98645,120.68772,4,2,0
202,1226,-31.67829142,27.61565911,28.0087,120.65515,28.01039,120.65256,3,32,0
705,2079,-5.18942169,-15.94616084,28.00227,120.63088,27.99015,120.64099,3,48,0
672,1841,4.429634949,-34.70329848,27.96719,120.59359,27.980151,120.605199,8,64,0
627,677,-33.98049569,-18.93805966,28.0494,120.66193,28.040628,120.619569,7,8,0
246,512,13.6006527,-15.18317504,27.95634,120.66596,27.96138,120.66311,5,1681,0
795,2219,38.40715845,-48.97128208,27.91839,120.66065,27.88424,120.6382,3,332,0
630,1020,6.279628377,51.35977528,28.0017,120.699,28.00029,120.70357,7,131,0
539,1416,-38.35970145,26.20830537,28.01516,120.65303,28.01137,120.64581,3,99,0
2063,2788,35.15636371,-42.33180251,27.90108,120.68568,27.96243,120.65546,-1,2,0
644,1415,-26.71383072,4.122070538,28.01278,120.65944,28.01447,120.64201,3,10,0
1688,1774,3.058356716,6.843386455,27.983768,120.665796,27.99094,120.65242,-1,0,0
824,1587,-11.94251706,-3.177875004,28.002956,120.643807,28.00917,120.64028,3,104,0
577,2586,29.82951062,11.68980149,28.018317,120.838836,28.02241,120.81161,2,23,0
9,959,-30.35940941,32.15950315,27.99378,120.6501,28.009115,120.657413,3,14,0
86,2012,-28.67620635,-0.122112389,28.01563,120.65181,28.02392,120.644412,3,38,0
975,2400,-14.14854328,49.27175494,28.00397,120.67029,28.005055,120.670694,3,87,0
453,1415,-32.32573719,2.146800531,28.023866,120.643318,28.01447,120.64201,3,0,0
1187,1206,15.57235996,-16.79866645,27.96331,120.66311,27.95921,120.65553,5,287,0
961,1547,-31.5867556,-52.28469887,28.06451,120.58223,28.07752,120.5896,9,57,0
2059,2703,3.448734348,-26.61350078,27.987233,120.614505,27.99103,120.63464,8,61,0
415,862,-33.13228835,6.469902493,28.01975,120.65219,28.023996,120.651156,-1,0,0
312,2236,-1.446808253,21.77723029,27.97483,120.67456,27.9946,120.674,-1,19,0
176,1455,-48.49083224,-33.59986207,28.02521,120.6105,28.03905,120.62757,-1,69,0
1446,1901,-2.099138042,-35.64625304,27.98015,120.60519,28.00515,120.56955,8,16,0
1678,2232,24.99704262,46.8684841,27.99551,120.70595,27.99607,120.71016,-1,142,0
408,1500,-59.30973393,-20.45587152,28.05042,120.6339,28.05006,120.62061,7,754,0
244,1608,-47.27820847,-13.82796229,28.08021,120.69711,28.0453,120.65749,-1,0,0
1563,1619,32.31359937,-34.34810312,27.92204,120.69661,27.920381,120.683202,3,0,0
2123,2418,38.65514473,-40.19429082,27.92383,120.67387,27.93672,120.67951,-1,154,0
2002,2416,-33.8231314,-52.30760466,28.08602,120.54798,28.101941,120.550401,9,196,0
1682,2154,47.51961245,21.57716252,27.96568,120.73665,27.96748,120.75293,10,1196,0
1285,2576,-35.45636596,-29.68106178,28.04108,120.61641,28.02963,120.5999,-1,2,0
160,1483,21.69146716,28.40685075,27.97864,120.71467,27.9897,120.71206,-1,12,0
1408,2362,37.34574378,-24.07521586,27.92298,120.7071,27.92159,120.70412,3,32,0
174,1455,-57.82212397,-12.97210207,28.04894,120.64323,28.03905,120.62757,7,84,0
1570,2734,38.46809576,-45.43208739,27.91065,120.6401,27.90428,120.63587,3,1052,0
1103,1876,17.51490488,-33.29214394,27.97694,120.62826,27.954186,120.587915,-1,51,0
1637,2049,-42.36519393,-6.244855885,28.007347,120.618907,28.01711,120.63167,4,2,0
54,113,-23.76816882,-3.939378618,28.018598,120.620672,28.01211,120.63736,-1,16,0
874,1981,-37.52657731,-29.03487989,28.04411,120.64767,28.04382,120.61146,7,112,0
41,1242,13.40260473,-36.37506313,27.95746,120.61208,27.94889,120.61987,-1,56,0
81,2841,10.56206101,37.9688707,28.003179,120.699031,28.000286,120.70749,7,47,0
372,1328,2.776136117,22.47833181,27.99629,120.68028,27.99862,120.67265,4,73,0
2420,2549,6.749160204,-33.84607763,27.98362,120.61785,27.98841,120.58255,8,55,0
2083,2096,13.86320951,-39.99950664,27.95887,120.60962,27.97745,120.61375,-1,125,0
2483,2827,-33.43132471,-40.44541105,28.02455,120.61196,28.05657,120.60001,-1,0,0
883,1519,29.98942462,34.81512353,27.99238,120.73064,27.97433,120.75966,-1,29,0
379,1019,73.65880462,14.52799471,27.87831,120.82092,27.89391,120.81686,6,1081,0
264,1889,-41.3261356,38.63859469,28.01535,120.66232,28.01442,120.65841,3,1426,0
1497,2575,-20.21386994,-47.63965267,28.042251,120.587483,28.02926,120.59028,9,8,0
2183,2714,73.46518915,8.158314405,27.89444,120.81353,27.8832,120.80518,6,324,0
1052,1110,21.13646634,-7.253321753,27.97486,120.72843,27.946867,120.69923,-1,0,0
979,2847,-22.08040856,-38.98628609,28.02921,120.59331,28.041041,120.588459,9,36,0
2129,2281,-15.95377073,2.860061995,27.98951,120.64774,28.00143,120.63625,-1,133,0
669,1015,-25.88060638,-10.57280213,28.01255,120.63174,28.02245,120.61239,-1,2,0
1054,2141,-5.883405596,-7.707328045,27.99918,120.641648,27.995992,120.636008,-1,160,0
2335,2892,27.71263112,-48.81227325,27.86624,120.66547,27.87032,120.64792,3,30,0
73,669,-48.41072023,-6.879262616,28.01003,120.63314,28.01255,120.63174,-1,2387,0
86,2038,-32.238986,18.25666118,28.01563,120.65181,28.014166,120.650833,3,99,0
1110,2689,30.43891921,-21.43278224,27.946867,120.69923,27.92812,120.69806,-1,77,0
2049,2542,-28.99247224,-6.244694812,28.01711,120.63167,28.01903,120.61189,-1,9,0
831,1582,10.75900528,1.234891778,27.9762,120.668,27.96936,120.67444,5,258,0
384,803,-24.25726391,-5.003123732,28.01405,120.63301,28.02715,120.65114,-1,61,0
394,1503,-25.36472895,-42.50041022,28.029211,120.593311,28.0363,120.5857,-1,403,0
1342,2385,-6.514271257,36.87924827,28.00491,120.67627,27.998,120.672205,4,118,0
1230,1506,-53.53736869,16.8781743,28.02816,120.65689,28.02799,120.66168,7,586,0
1286,1452,-24.84325799,7.479835786,28.01117,120.65006,28.01491,120.64805,3,21,0.00308642
303,1433,-24.1404578,5.944972292,28.01193,120.64947,28.015196,120.648057,3,13,0.004237288
191,1067,17.48239785,3.043519233,27.96628,120.68116,27.974212,120.684207,5,7,0.004672897
609,1802,-22.58439675,-16.98015784,28.02096,120.62016,28.0172,120.61454,3,2,0.004926108
1376,1635,22.80601755,34.61395616,27.99176,120.72451,27.999841,120.721011,7,11,0.005128205
1956,2035,28.20036928,26.90405902,27.96946,120.72066,27.98323,120.71878,10,43,0.005586592
1382,2415,-21.67258803,20.31514518,28.01277,120.66194,28.02,120.655,3,11,0.005988024
570,1503,-29.47918751,-51.95810994,28.0722,120.5703,28.0363,120.5857,9,4,0.006329114
2446,2529,-1.668626918,7.884259257,27.98763,120.66308,27.99373,120.65937,4,45,0.006802721
1510,2152,-34.62598899,-7.107042511,28.023269,120.632426,28.02159,120.63532,-1,124,0.006849315
104,176,-19.85933321,-32.14497086,28.0211,120.601,28.02521,120.6105,3,10,0.007575758
1348,2593,27.9841459,-20.63196471,27.92776,120.69408,27.96314,120.66947,-1,0,0.009433962
221,1616,15.31091789,38.87256451,28.00742,120.71768,28.002285,120.71462,7,115,0.009708738
1322,2378,6.498021973,42.07380442,28.00798,120.69032,28.013795,120.696286,7,13,0.010309278
764,1005,-11.68570865,10.1668984,28.00285,120.65381,28.00628,120.65332,3,3,0.010989011
2227,2680,5.291345703,-2.333717964,27.98375,120.66578,27.97782,120.66753,-1,0,0.011627907
996,1736,-39.94295888,-20.70715054,28.04161,120.62551,28.029592,120.6244,7,30,0.011904762
158,803,-40.79453237,11.13597404,28.0276,120.654566,28.02715,120.65114,7,0,0.013157895
1006,2103,-1.296121219,-37.45812297,27.99467,120.56692,27.98211,120.59701,8,36,0.013333333
339,1926,-16.0149466,30.0585134,28.022694,120.675534,28.01239,120.67322,3,2,0.013513514
2263,2876,-14.02731936,14.48934276,28.00726,120.65848,28.0074,120.66207,3,79,0.01369863
1490,2756,5.459193613,29.73218848,27.99315,120.69059,27.98645,120.68772,4,3,0.013888889
2134,2788,0.763833684,-3.101858386,27.96349,120.65833,27.96243,120.65546,5,2,0.014492754
1094,1377,-17.70400883,-32.38609998,28.01845,120.59962,28.02627,120.60094,3,36,0.014492754
69,2743,-44.02409131,-27.35196856,28.055285,120.609474,28.049957,120.622963,7,38,0.014705882
1572,2669,-18.57593467,-30.75676187,28.02693,120.60664,28.02459,120.60332,3,24,0.015151515
653,1525,-15.55367706,-48.77559715,28.03924,120.56603,28.03821,120.57802,9,61,0.015384615
513,859,5.545711891,-5.661417618,27.921152,120.682999,27.95386,120.68203,-1,0,0.018518519
2454,2849,17.79203522,-31.13306594,27.89775,120.56197,27.92064,120.57853,10,122,0.019607843
62,2297,35.07307167,-22.44228238,27.92028,120.70493,27.92659,120.71116,3,18,0.020833333
929,1654,-17.76602151,-31.18413771,28.02505,120.60226,28.02792,120.60131,3,11,0.022222222
1563,1877,30.19100763,-23.86650909,27.92204,120.69661,27.928215,120.695478,3,44,0.022222222
1888,2570,64.87139819,8.363436931,27.89882,120.82105,27.8882,120.80334,6,10,0.023255814
60,2826,63.23960102,12.49439284,27.89629,120.80392,27.86957,120.81322,6,7,0.023809524
1600,2005,36.41965466,-29.0739187,27.92162,120.70502,27.92325,120.6878,3,11,0.025
371,857,53.66621081,-0.339307985,27.93031,120.80753,27.93632,120.80777,6,7,0.025641026
133,2008,17.25805243,-9.556481499,27.9535,120.69621,27.94461,120.67066,5,101,0.028571429
1724,1793,16.01520993,40.90380934,28.00258,120.70728,28.00591,120.71482,7,40,0.029889539
535,2891,35.50415411,11.32668094,27.96456,120.79906,27.99425,120.83053,2,23,0.032689776
559,801,29.85646086,-47.21157753,27.858601,120.664025,27.87582,120.66951,3,30,0.038461538
1108,1541,2.452012638,-2.969546682,27.924685,120.69711,27.9252,120.6899,3,142,0.044899425
617,1611,-15.62758908,-26.11438093,28.013371,120.594287,28.01456,120.59442,3,111,0.055555556
2416,2906,-32.36899905,-53.03953214,28.101941,120.550401,28.08007,120.56796,9,18,0.083333333
758,2190,8.458867282,12.79750681,27.99542,120.68153,27.98235,120.67423,-1,0,0.083839277
2764,2905,-17.94540867,-52.13261181,28.044142,120.567394,28.04372,120.57542,9,11,0.09032634
751,1618,-14.14715495,-28.47534387,28.02449,120.61195,28.00977,120.60049,3,36,0.097767145
178,291,-17.93421919,9.322743531,28.01444,120.65108,28.023257,120.659016,3,5,0.10447331
1622,2080,4.245925472,22.76243435,28.00126,120.6875,27.994449,120.671107,4,19,0.124653248
264,1005,-16.27263283,17.60543788,28.01535,120.66232,28.00628,120.65332,3,47,0.125184642
389,2609,-15.47446149,-24.72423809,28.01058,120.62116,28.01418,120.59753,-1,17,0.126452698
458,1489,31.35598264,-46.69760699,27.87682,120.64507,27.861,120.67971,3,23,0.13346815
111,2366,12.78731194,-9.479326735,27.95612,120.65155,27.97973,120.67677,5,11,0.135433809
758,1244,-5.078685053,23.97879735,27.99542,120.68153,28.00503,120.67134,-1,41,0.137274307
307,436,-10.00068698,20.31054353,28.01573,120.65876,28.01004,120.66769,3,14,0.138419909
111,2428,12.9264394,-11.03661911,27.95612,120.65155,27.98819,120.6531,5,0,0.138523752
1622,2621,2.919688526,28.27898613,28.00126,120.6875,28.01036,120.67777,4,7,0.140919795
307,2120,-24.00244953,19.97912232,28.01573,120.65876,28.00312,120.65388,3,2,0.141492366
42,2236,-12.31248175,6.634974934,28.0014,120.65569,27.9946,120.674,-1,34,0.142289456
1007,2142,19.51085084,26.29598075,27.96558,120.68672,27.98684,120.71242,-1,12,0.142996059
171,584,-7.25581433,-12.16650398,28.00072,120.63977,27.99383,120.62841,-1,0,0.14323043
42,332,1.945382477,33.69552094,28.0014,120.65569,28.00341,120.68731,-1,0,0.148422367
2657,2744,-18.28045707,8.19845777,28.02002,120.64857,28.0132,120.654,3,30,0.14985966
838,2468,-31.67950932,11.33290319,28.01758,120.65251,28.022717,120.632107,3,200,0.150921659
405,1380,7.707636825,26.49965448,27.989232,120.680662,28.00675,120.68244,4,15,0.15434326
841,1774,-24.29575328,-0.601037687,28.0171,120.63698,27.99094,120.65242,-1,0,0.15760022
669,1969,-13.41089621,-8.084744465,28.01255,120.63174,28.00303,120.63895,-1,8,0.162123824
1502,2767,-5.07415101,1.233117412,27.991292,120.664871,28.00293,120.64916,-1,0,0.163437381
1483,1496,31.23784483,6.547782355,27.9897,120.71206,27.97767,120.70127,-1,242,0.164570642
292,2333,-53.58113839,17.66551492,28.02857,120.65898,28.02407,120.66508,-1,187,0.164571698
1502,1799,-1.485042162,15.1014693,27.991292,120.664871,27.99461,120.68409,4,49,0.165288283
2129,2227,-2.002340085,8.793854845,27.98951,120.64774,27.98375,120.66578,-1,33,0.165652638
1994,2209,10.12541244,-5.113115002,27.992378,120.669665,27.96734,120.67106,-1,0,0.165936832
1474,2834,-10.30427016,-34.34027441,28.02436,120.58545,28.00969,120.59728,-1,77,0.167446561
1448,2793,14.74552736,33.1899302,27.99567,120.715,27.96841,120.73048,-1,346,0.167501826
841,1005,-25.43134259,3.668313029,28.0171,120.63698,28.00628,120.65332,3,15,0.16757715
1094,1620,-26.68817102,-12.78541973,28.01845,120.59962,28.01578,120.62194,-1,17,0.172627137
1342,2080,-0.264857594,28.33204483,28.00491,120.67627,27.994449,120.671107,4,4,0.173683978
77,1103,2.512720571,-8.11679235,28.00743,120.64853,27.97694,120.62826,-1,0,0.173696857
1244,2446,-6.460629772,21.36832737,28.00503,120.67134,27.98763,120.66308,-1,2,0.174137747
2294,2656,-45.85098999,16.15858617,28.017358,120.65303,28.024797,120.649708,-1,553,0.17542242
221,385,15.88618766,45.26026624,28.00742,120.71768,28.00125,120.72481,7,3,0.175479379
636,1445,26.74403512,39.18492599,27.98612,120.70958,27.99263,120.7145,7,79,0.176280877
687,2619,8.680311959,33.40181061,28.006318,120.696659,27.992814,120.696225,-1,2,0.176311926
1596,2092,-34.98821696,6.52248569,28.027266,120.655901,28.0195,120.63455,-1,94,0.176549921
1322,1947,9.786417672,19.75357657,28.00798,120.69032,27.98803,120.67876,-1,2,0.17668461
556,2567,-9.593410329,7.001293781,27.99014,120.62903,27.992138,120.656444,-1,12,0.177598916
2,1389,-11.40094285,-3.433872631,28.00506,120.63866,28.003449,120.640315,3,85,0.178271212
1428,2467,-36.16106551,-7.991686783,28.02259,120.62662,28.025613,120.638246,7,13,0.179161584
1455,2415,-39.53827703,-14.83496704,28.03905,120.62757,28.02,120.655,-1,17,0.179289161
1094,1823,-13.58612858,-34.34487435,28.01845,120.59962,28.037123,120.578514,-1,41,0.179547845
1123,2214,11.59536067,-24.44914958,27.96552,120.64757,27.9598,120.68203,5,4,0.179739768
372,975,-6.573627969,19.59513051,27.99629,120.68028,28.00397,120.67029,-1,49,0.180188661
1094,2614,-28.47930141,-10.03299944,28.01845,120.59962,28.01688,120.6293,-1,5,0.183946217
983,1923,7.487721063,-9.850692631,27.97699,120.64991,27.99631,120.64437,-1,0,0.18551374
234,1626,-14.2487282,-24.85812309,28.01828,120.62547,28.01389,120.60169,-1,75,0.188307379
1646,2656,-38.10849944,1.676937585,28.03083,120.63755,28.024797,120.649708,7,40,0.189143633
202,291,-14.1537125,19.00287647,28.0087,120.65515,28.023257,120.659016,3,0,0.190217116
692,2792,-16.03324924,28.89293602,28.00622,120.6991,28.02302,120.66759,-1,2,0.191648585
2055,2658,-27.86810219,-6.38298957,28.02288,120.63142,28.023438,120.62652,7,33,0.191737627
84,566,-10.42643495,31.47999944,28.01988,120.68913,28.0085,120.68531,-1,0,0.191742149
113,761,-24.37348266,-2.707428879,28.01211,120.63736,28.02569,120.64175,-1,18,0.192123718
599,1308,14.11630047,21.4926253,27.97321,120.72684,27.98404,120.68203,-1,9,0.192714392
565,2236,1.936565646,22.62280143,28.00841,120.66454,27.9946,120.674,-1,10,0.193015873
876,1596,-36.49248307,5.238209406,28.01851,120.63892,28.027266,120.655901,-1,2,0.193414459
1470,2842,16.67726777,4.186612125,27.97225,120.68006,27.98853,120.69743,-1,0,0.193626225
414,946,14.73066179,-28.78120599,27.96162,120.59686,27.94117,120.60038,10,2,0.194614041
2456,2617,-18.53669157,26.75278722,28.022125,120.670739,28.02136,120.65561,3,18,0.195381285
340,1104,0.715234757,23.68013113,27.99961,120.68514,27.99923,120.67458,4,32,0.195730137
919,1628,-25.60741397,47.13416213,28.01517,120.66789,28.01497,120.68572,-1,427,0.195785935
1104,1244,-0.350885885,22.54006849,27.99923,120.67458,28.00503,120.67134,-1,70,0.197790026
500,2241,21.85177468,40.65872411,27.99978,120.7112,27.98751,120.72346,7,9,0.198440627
317,1723,-11.0385463,23.60489826,28.01994,120.655,28.01437,120.67295,3,5,0.198958576
1230,1373,-37.75903673,7.34072926,28.02816,120.65689,28.01793,120.66445,-1,3,0.20028194
866,1457,21.53240377,33.92290101,27.97155,120.73972,27.99566,120.715,-1,0,0.200988829
1388,2968,-36.45163423,6.582957966,28.01822,120.64711,28.02802,120.6546,-1,4,0.201996841
1478,2318,-33.6349965,-0.859468256,28.02333,120.63639,28.0217,120.647,-1,52,0.206850837
599,1448,28.92651692,24.30399104,27.97321,120.72684,27.99567,120.715,-1,20,0.208607247
1407,2089,10.59049804,-22.06009922,27.97235,120.62717,27.970224,120.651685,-1,94,0.209288309
2227,2373,-4.32980158,5.348966938,27.98375,120.66578,27.99672,120.65264,-1,14,0.209437331
876,1082,-28.64981187,1.564535576,28.01851,120.63892,28.016688,120.655528,3,19,0.209738003
8,1257,18.93114901,-31.08010064,27.91704,120.56917,27.97868,120.57877,-1,0,0.210100891
1271,1912,-43.27426775,-20.99227516,28.047627,120.634779,28.05972,120.64548,7,15,0.210497835
14,2890,2.925093878,-6.173583957,28.02496,120.66541,28.02424,120.6348,3,0,0.211194089
1990,2333,-27.3305298,24.07256064,28.02045,120.65999,28.02407,120.66508,3,6,0.21201408
566,2621,-7.981900572,32.80964185,28.0085,120.68531,28.01036,120.67777,4,75,0.215651081
487,2424,4.719522454,15.25263515,27.98776,120.67428,28.01008,120.67058,-1,33,0.216988537
1104,2190,-0.273671136,22.28991832,27.99923,120.67458,27.98235,120.67423,-1,2,0.217487043
340,2409,4.509238128,26.57509524,27.99961,120.68514,28.001286,120.679136,4,93,0.219400187
2453,2666,-37.81755647,-27.6306789,28.04644,120.60417,28.04116,120.62863,7,9,0.220244821
1308,1680,11.96864526,10.65779351,27.98404,120.68203,27.96413,120.67139,-1,0,0.220837557
673,751,-32.26397769,-29.06527303,28.05464,120.60495,28.02449,120.61195,-1,59,0.221715818
99,145,-44.8566122,-13.7323127,28.04406,120.65321,28.044045,120.652283,7,5,0.224298427
1051,1899,-45.06703813,-37.23742455,28.04252,120.60963,28.06248,120.60338,-1,13,0.225248817
410,2051,54.18532682,-8.170955927,27.95123,120.82795,27.91544,120.83871,6,354,0.225394682
1187,2182,13.01783417,-31.37235765,27.96331,120.66311,27.96515,120.61124,-1,0,0.228424392
61,1220,-1.43968637,27.65773009,28.00969,120.67408,28.000812,120.679146,-1,2,0.228491286
365,2214,9.43501602,-5.985020431,27.98328,120.65734,27.9598,120.68203,-1,11,0.230204458
192,1991,-4.171653274,16.12765589,28.002732,120.666557,28.00104,120.67237,3,2,0.230718067
2065,2642,-59.77657048,7.96943195,28.03893,120.65902,28.03965,120.64593,7,8,0.231246253
1284,2307,19.63389607,-2.753358123,27.94439,120.71319,27.957377,120.682574,-1,0,0.232534962
73,1416,-23.28835424,-6.452451292,28.01003,120.63314,28.01137,120.64581,3,15,0.23347628
1774,2848,-1.190528384,-12.6924926,27.99094,120.65242,27.965369,120.686131,5,2,0.234315167
420,2232,19.81139655,37.41892888,28.019477,120.715049,27.99607,120.71016,7,4,0.234454424
709,1806,41.74048942,22.37182715,27.97153,120.73361,27.971111,120.759166,10,10,0.235979604
327,1388,-33.83171718,3.14477541,28.02432,120.64367,28.01822,120.64711,3,35,0.236764
1441,2729,-45.66360608,-15.35922485,28.04381,120.65767,28.05359,120.63947,7,71,0.237400058
1286,1774,-6.985181742,1.904198223,28.01117,120.65006,27.99094,120.65242,-1,2,0.239741181
627,1385,-47.76444502,-15.35561679,28.0494,120.66193,28.05153,120.62762,7,27,0.240055322
52,581,49.18465765,1.676304119,27.93816,120.80145,27.93237,120.77134,-1,6,0.242715017
1427,2451,37.43068744,17.28955585,27.98011,120.74983,28.01596,120.72171,-1,4,0.242726116
1321,2080,0.061661832,13.3622032,27.99863,120.68954,27.994449,120.671107,4,16,0.242737892
372,2149,3.665942049,26.63803712,27.99629,120.68028,27.98472,120.69611,4,0,0.243331709
292,1689,-38.85699679,8.190278023,28.02857,120.65898,28.02095,120.64389,-1,177,0.243396011
136,1779,-23.3978289,8.730245307,28.01434,120.65091,28.01179,120.65261,3,57,0.245741069
1536,1843,9.168873577,16.17505012,27.985,120.67851,27.983923,120.680378,4,0,0.245761218
1022,1865,15.40495628,32.12790115,27.99539,120.7173,27.97506,120.73909,-1,33,0.246765338
959,1433,-41.96862993,20.79267282,28.009115,120.657413,28.015196,120.648057,3,181,0.248960233
1515,1528,-30.22078478,11.1895856,28.01034,120.65781,28.01484,120.64575,3,123,0.250760131
2157,2225,10.83800438,43.04045479,28.01324,120.69695,28.01963,120.71371,7,85,0.254482759
362,387,-13.17280955,-35.26186079,28.01738,120.60605,28.0246,120.58292,-1,4,0.254584942
521,2227,9.426570384,-5.455143276,27.99979,120.66739,27.98375,120.66578,-1,11,0.255830783
773,2481,4.148260433,16.37011241,27.989406,120.673557,27.97265,120.66766,-1,37,0.256044276
111,2901,13.19110985,-10.42591891,27.95612,120.65155,27.97339,120.7071,-1,3,0.256991471
164,935,9.867287065,-7.074000875,27.95724,120.65969,27.97987,120.68111,-1,6,0.257259934
729,2365,-30.22472323,-15.84764289,28.02336,120.60588,28.01894,120.59618,3,9,0.258431293
246,464,12.29814247,-21.9123584,27.95634,120.66596,27.9659,120.64111,-1,72,0.260614127
1502,2366,13.19937053,7.575790139,27.991292,120.664871,27.97973,120.67677,-1,92,0.261707015
1160,1374,-26.91958272,9.695061243,28.01525,120.66252,28.01676,120.64987,3,11,0.262525496
189,615,16.9458104,22.21707041,27.98396,120.69007,27.99109,120.67677,4,11,0.262957015
1051,2146,-45.34174968,-36.61652447,28.04252,120.60963,28.051431,120.600469,7,5,0.263459925
1142,1521,-16.93387172,13.32097792,28.01146,120.65856,28.00551,120.66263,3,43,0.26522396
292,1428,-39.37025421,9.092244375,28.02857,120.65898,28.02259,120.62662,7,35,0.26639306
292,2012,-39.18514277,8.480821364,28.02857,120.65898,28.02392,120.644412,-1,50,0.266491731
1549,2425,18.62079367,30.45877411,27.98966,120.70619,28.001305,120.717516,7,24,0.267995495
1855,2341,8.925406708,22.14060941,27.98606,120.67631,27.98923,120.68066,4,3,0.269620086
205,1947,8.99551291,19.94327505,27.9885,120.68917,27.98803,120.67876,4,0,0.270352694
191,545,12.58378589,-3.67049011,27.96628,120.68116,27.96676,120.65937,5,7,0.270486457
189,1651,17.93122171,23.12472791,27.98396,120.69007,27.97707,120.74717,-1,8,0.270959824
189,545,18.13646132,23.82635098,27.98396,120.69007,27.96676,120.65937,-1,5,0.271303459
2467,2614,-29.23531303,-9.425740277,28.025613,120.638246,28.01688,120.6293,-1,9,0.27327775
171,1416,-23.70983194,7.522497138,28.00072,120.63977,28.01137,120.64581,3,82,0.276681154
549,1950,26.86201255,31.85239667,28.00025,120.7286,27.99139,120.71952,7,3,0.27836365
62,1600,33.19031707,-26.63556983,27.92028,120.70493,27.92162,120.70502,3,36,0.279231693
1194,2331,29.54048248,-34.56767433,27.9573,120.67705,27.92645,120.67635,-1,50,0.281932463
1276,1708,-2.525671332,-34.7287183,28.00066,120.58221,28.02381,120.59717,-1,37,0.282407124
489,2715,-0.081941626,18.95855771,27.99167,120.67799,27.99435,120.66326,4,9,0.282782315
87,2312,36.86068824,-30.767264,27.92144,120.6877,27.92006,120.70628,3,242,0.283755129
387,691,-11.70124903,-24.07657236,28.0246,120.58292,28.05782,120.58736,9,2,0.283953564
420,467,-11.48297719,31.42330088,28.019477,120.715049,28.012398,120.68848,7,31,0.284149439
136,1005,-21.74606487,5.718753225,28.01434,120.65091,28.00628,120.65332,3,164,0.286107863
1470,2123,29.86471408,-36.08184095,27.97225,120.68006,27.92383,120.67387,-1,30,0.287700957
61,1322,4.610654484,40.42151946,28.00969,120.67408,28.00798,120.69032,-1,58,0.289395895
1587,2263,-16.87467161,7.349463754,28.00917,120.64028,28.00726,120.65848,3,21,0.289557054
1622,1771,3.768515806,34.31582439,28.00126,120.6875,27.99855,120.69275,4,137,0.289704238
57,1424,-19.44386253,-16.99336391,28.00954,120.61511,28.02108,120.60101,-1,215,0.289913964
975,1322,-5.464222078,9.27011357,28.00397,120.67029,28.00798,120.69032,-1,30,0.290757074
422,1483,17.96050986,33.44947898,28.00525,120.70299,27.9897,120.71206,7,19,0.292192183
638,1562,-2.703480943,-37.79911557,27.99736,120.62159,27.99767,120.57531,8,24,0.293247646
1178,2239,7.642712363,35.49172438,27.99689,120.69531,28.00222,120.68192,4,3,0.29365893
609,2323,-36.66642194,1.506880073,28.02096,120.62016,28.02463,120.6447,-1,122,0.29686705
547,1262,6.662944074,14.27262802,27.98521,120.67877,27.98453,120.66027,4,32,0.299039039
1804,2853,-14.55223534,-19.46588818,28.00502,120.61628,27.97599,120.59211,-1,20,0.300129457
618,1031,-17.25062365,-40.97668062,28.03155,120.59436,28.036972,120.589166,9,35,0.300560109
1769,2282,13.30469032,25.7869673,27.998722,120.707177,27.99125,120.69051,-1,4,0.301103475
436,1700,-10.81374841,14.67279516,28.01004,120.66769,28.01007,120.66068,3,20,0.302395803
61,1889,-21.56506692,21.13170184,28.00969,120.67408,28.01442,120.65841,3,2,0.302886325
599,1457,22.55000839,26.30959146,27.97321,120.72684,27.99566,120.715,-1,3,0.30360131
727,2842,4.388058541,31.87747219,28.00933,120.69355,27.98853,120.69743,-1,11,0.303968898
427,1638,0.889186087,14.68299019,28.005808,120.669146,27.99258,120.67111,-1,35,0.304496946
1025,2841,12.97726061,31.32835628,27.992,120.69598,28.000286,120.70749,-1,37,0.306465459
312,464,13.03115266,-25.3451336,27.97483,120.67456,27.9659,120.64111,-1,19,0.307967407
54,2733,-30.61626767,-6.98880803,28.018598,120.620672,28.019524,120.631948,-1,88,0.309501671
1653,2180,-10.96696401,9.42656814,28.00714,120.65555,27.98333,120.65125,-1,0,0.309674708
54,2509,-23.21917981,-25.69962977,28.018598,120.620672,28.02225,120.60442,-1,12,0.309844894
1053,1472,20.67252429,32.79825255,27.99068,120.7167,27.99188,120.69412,-1,4,0.310841859
959,1528,-26.35608471,4.42665734,28.009115,120.657413,28.01484,120.64575,3,60,0.311290311
1622,2841,2.968266269,32.38660374,28.00126,120.6875,28.000286,120.70749,-1,82,0.311406031
464,1643,13.23577557,-25.49206662,27.9659,120.64111,27.98054,120.61279,8,19,0.312911293
1290,2519,10.86992466,31.76139805,28.003203,120.691994,27.99715,120.70087,7,4,0.313787487
638,1262,-1.096032932,-11.97581577,27.99736,120.62159,27.98453,120.66027,-1,0,0.316680921
47,943,32.48231113,21.15619335,27.97433,120.75967,27.98369,120.71502,-1,3,0.31723597
2355,2929,-15.74067591,24.11136252,28.02099,120.66672,28.026713,120.658442,-1,5,0.317998811
1085,2453,-32.84437941,-32.86721526,28.0257,120.6129,28.04644,120.60417,-1,6,0.319277111
1605,2467,-35.12703422,-5.14748436,28.01353,120.6398,28.025613,120.638246,-1,29,0.31997182
2,1306,-7.267278743,-11.87718156,28.00506,120.63866,27.99383,120.62833,-1,8,0.321037942
2476,2662,23.14658157,52.2673971,27.99996,120.71136,27.9944,120.7017,-1,4,0.322481685
1852,2564,43.32977996,5.038804762,27.96059,120.7497,27.96169,120.70433,10,0,0.325783661
893,1347,-19.47643596,12.64124003,28.00209,120.66254,28.01058,120.65406,3,4,0.326643486
1149,1926,-8.096155383,21.92578217,28.02051,120.67683,28.01239,120.67322,3,3,0.32700832
831,1308,9.338060993,17.99649637,27.9762,120.668,27.98404,120.68203,-1,33,0.331000138
943,2160,39.9182079,21.36838234,27.98369,120.71502,27.9668,120.7548,-1,61,0.331496699
1374,2941,4.304934066,-6.191542754,28.01676,120.64987,28.015683,120.651721,3,4,0.333333333
1183,2964,23.48909603,14.8586511,28.10464,120.80051,28.07691,120.77662,2,15,0.333333333
688,1759,-11.09023359,29.67350488,28.008405,120.68283,28.018481,120.682668,-1,9,0.33343593
728,2227,4.783927772,-3.091424369,27.98895,120.65771,27.98375,120.66578,4,4,0.33515476
1433,2323,-38.04156312,15.27620231,28.015196,120.648057,28.02463,120.6447,-1,262,0.335239605
1991,2611,0.333828628,20.76239443,28.00104,120.67237,27.995832,120.677166,-1,8,0.336365422
1376,2125,19.77191428,38.30110603,27.99176,120.72451,28.005059,120.711717,7,14,0.336426297
174,227,-60.00020595,-16.07352405,28.04894,120.64323,28.05333,120.63083,7,597,0.337689479
646,1394,-3.705850564,32.50378939,28.02101,120.67872,27.99572,120.672658,-1,17,0.339687147
911,2209,45.66055006,1.520879717,27.96141,120.73461,27.96734,120.67106,-1,8,0.339850706
2214,2633,5.941607188,-5.51032513,27.9598,120.68203,27.98511,120.67531,-1,13,0.340255428
1388,2452,-14.98822464,14.77188616,28.01822,120.64711,28.0105,120.66068,3,18,0.340905268
566,844,-7.760104368,22.17235802,28.0085,120.68531,28.00813,120.67287,-1,14,0.341782607
291,1650,-29.61985459,-9.875896696,28.023257,120.659016,28.020022,120.631375,-1,60,0.342380299
487,911,45.2921987,3.118304464,27.98776,120.67428,27.96141,120.73461,-1,6,0.342840398
439,2733,-29.90048016,-3.094658248,28.02332,120.64816,28.019524,120.631948,3,14,0.34416923
1022,1360,21.38049099,42.42749329,27.99539,120.7173,27.993854,120.698744,-1,54,0.346425444
912,2154,5.24819541,-6.905476982,27.98324,120.72334,27.96748,120.75293,10,7,0.347588226
1380,1724,-1.210894614,52.3649291,28.00675,120.68244,28.00258,120.70728,-1,33,0.34866908
112,2372,-14.78351017,-22.10942911,28.01472,120.61007,28.023805,120.597166,3,8,0.349081947
2467,2899,-38.97809496,2.248352863,28.025613,120.638246,28.02802,120.65472,7,0,0.35027131
1544,2374,51.5216153,-4.496133472,27.94688,120.81569,27.93982,120.7985,6,3,0.352265131
2164,2792,-15.13193561,24.3672867,28.01286,120.66582,28.02302,120.66759,3,8,0.352456849
1966,2059,-2.447731916,-33.80062082,27.99619,120.58337,27.987233,120.614505,8,16,0.352555612
646,1230,8.392557168,48.04047741,28.02101,120.67872,28.02816,120.65689,-1,18,0.352644813
224,637,-13.70341286,28.44010355,28.01492,120.66976,28.01522,120.68916,-1,114,0.353879147
2670,2750,7.585841605,33.06698916,28.004123,120.680295,28.00455,120.70115,-1,5,0.353984139
486,943,45.49622567,26.72787316,27.97508,120.74612,27.98369,120.71502,-1,11,0.354114079
49,779,-16.37556196,-40.26569372,28.02104,120.58411,28.03387,120.594038,9,47,0.354289658
1803,2263,-13.445963,12.03508674,28.01235,120.66512,28.00726,120.65848,3,113,0.355799744
646,2333,-20.00665384,32.5240984,28.02101,120.67872,28.02407,120.66508,3,50,0.357063352
734,1399,-16.07079913,-28.70450264,28.01097,120.60609,28.024487,120.608733,3,26,0.358329762
19,2341,9.172830261,22.51639175,27.98443,120.66958,27.98923,120.68066,4,17,0.358647646
761,1409,-28.83191379,-1.870525203,28.02569,120.64175,28.02498,120.65306,7,4,0.35878048
1110,2822,19.46142599,-5.009773057,27.946867,120.69923,27.97743,120.73394,-1,0,0.359448067
573,2433,-14.35133871,26.36534682,28.014374,120.672952,28.02202,120.66394,3,43,0.36069731
98,1238,-11.0112581,1.540612791,27.996306,120.644374,28.00439,120.65275,3,0,0.360997241
501,1724,12.7690848,33.75322216,28.004176,120.686025,28.00258,120.70728,-1,31,0.361121207
565,2762,-20.47948324,29.75737155,28.00841,120.66454,28.01919,120.67036,3,71,0.361179457
27,940,15.58382895,40.9248336,28.00949,120.71444,28.00288,120.71024,7,63,0.36264454
341,1994,-5.010202363,-18.64987332,27.98975,120.64468,27.992378,120.669665,-1,14,0.364015084
1980,2123,15.90424939,-7.685797349,27.9546,120.667,27.92383,120.67387,-1,58,0.365460921
341,2963,4.811779231,-21.68533919,27.98975,120.64468,27.98802,120.61588,8,58,0.365709216
1152,1415,-23.87664656,2.442167118,28.013647,120.656985,28.01447,120.64201,3,45,0.366147407
468,1429,-27.02480697,-13.59885144,28.02464,120.59155,28.019912,120.604277,3,49,0.366260165
1737,2575,-17.79171887,-40.04231189,28.03968,120.57291,28.02926,120.59028,9,4,0.367117305
1596,1620,-30.38070246,-12.25207513,28.027266,120.655901,28.01578,120.62194,-1,16,0.367726622
971,1544,51.78852254,-6.510346832,27.92205,120.80111,27.94688,120.81569,6,48,0.368988402
1824,2967,36.69022699,-23.43913154,27.9227,120.70332,27.92614,120.70507,3,55,0.369298246
1460,1643,-5.978416523,-19.83303645,27.985304,120.632788,27.98054,120.61279,8,2,0.370091369
2186,2315,23.45104407,33.31753976,27.99188,120.7165,27.9939,120.72128,7,42,0.37037037
128,415,-32.35422674,7.558896873,28.0248,120.64971,28.01975,120.65219,-1,2,0.370515583
814,2688,-40.83170721,-22.87139071,28.06065,120.61145,28.04277,120.62428,7,49,0.370720449
1217,2189,-29.55254417,-2.988083941,28.02385,120.64132,28.01722,120.63141,-1,52,0.370882886
1152,1587,-30.86125846,20.32942604,28.013647,120.656985,28.00917,120.64028,3,183,0.371798195
1149,2456,-19.54987626,36.64547337,28.02051,120.67683,28.022125,120.670739,3,0,0.371909775
1169,1560,-15.31164244,-26.61886065,28.01606,120.6036,28.034241,120.588717,-1,9,0.372083366
42,1049,-6.073249037,3.071689025,28.0014,120.65569,28.00814,120.66242,3,0,0.372630003
1628,2650,-11.6304401,27.6877501,28.01497,120.68572,28.024386,120.675309,-1,0,0.373424858
1723,2955,-12.64713746,22.65058774,28.01437,120.67295,28.02188,120.66555,3,23,0.37385315
2543,2756,10.03328963,5.921757893,27.978448,120.671401,27.98645,120.68772,-1,304,0.374270222
1900,2372,-14.27114045,-31.64637212,28.06605,120.58485,28.023805,120.597166,-1,5,0.374559845
9,344,-8.588399691,0.916929767,27.99378,120.6501,27.99981,120.62687,3,2,0.37541369
1512,1900,-29.56219291,-48.82608017,28.04225,120.58748,28.06605,120.58485,9,80,0.375935103
1468,1990,-28.51893443,21.97240394,28.02255,120.66078,28.02045,120.65999,3,112,0.376437226
426,1605,-36.04690809,-11.80794422,28.025933,120.641498,28.01353,120.6398,-1,13,0.37714838
2075,2405,17.19611097,-1.57063261,27.94054,120.69195,27.96984,120.68551,5,6,0.377669408
545,2405,14.15337024,-23.52023475,27.96676,120.65937,27.96984,120.68551,5,26,0.378457372
2303,2374,51.78758691,2.613614972,27.90821,120.80227,27.93982,120.7985,6,110,0.379595609
448,618,-17.38514725,-38.43860553,28.024644,120.599644,28.03155,120.59436,-1,54,0.381367189
643,1711,-46.40722298,-16.31778681,28.04355,120.65147,28.06516,120.64246,7,28,0.382308845
1648,1673,-21.15196078,14.04717035,28.01215,120.65684,28.00217,120.64577,3,2,0.383766091
482,1302,46.53534197,9.434389336,27.97359,120.74776,27.96848,120.78369,-1,24,0.383924413
1178,1947,7.263848122,16.99027388,27.99689,120.69531,27.98803,120.67876,4,12,0.385609513
54,1398,-28.43732673,-12.99570908,28.018598,120.620672,28.02438,120.60303,-1,2,0.387385188
1134,2539,9.097358625,-23.6998268,27.99644,120.63354,27.97231,120.62724,8,17,0.387644477
464,475,7.542417809,-27.60389449,27.9659,120.64111,27.98226,120.62389,8,25,0.390200963
1723,2239,7.707942974,28.73519752,28.01437,120.67295,28.00222,120.68192,-1,6,0.390375005
291,2055,-34.71090726,-6.855329899,28.023257,120.659016,28.02288,120.63142,-1,16,0.391270685
1286,2499,-23.97472346,4.597331724,28.01117,120.65006,28.01676,120.64573,3,7,0.391453671
2146,2926,-37.86172601,-25.31810236,28.051431,120.600469,28.04361,120.61806,7,7,0.395105443
1286,1932,-19.54799451,12.20143989,28.01117,120.65006,28.01062,120.65932,3,9,0.395918677
936,1401,-27.70268227,-3.093084845,28.02145,120.63334,28.01999,120.65209,3,30,0.396587734
341,2224,1.873004151,-16.75924026,27.98975,120.64468,27.98445,120.67253,-1,3,0.396823757
367,2778,-8.75903447,-5.07784285,27.99233,120.60381,27.99859,120.64039,-1,5,0.398326134
1005,1992,-4.669753507,2.917468279,28.00628,120.65332,28.00371,120.66093,3,0,0.399527714
1577,2004,-20.81449587,-48.67116068,28.04175,120.58651,28.05469,120.58692,9,2,0.402574462
1089,1900,-18.62253737,-46.31342613,28.02804,120.57818,28.06605,120.58485,9,16,0.402581522
57,1399,-16.10832375,-28.7753174,28.00954,120.61511,28.024487,120.608733,-1,50,0.402716357
234,2899,-45.00142426,-7.859453466,28.01828,120.62547,28.02802,120.65472,-1,5,0.405745237
1049,2559,-18.86584833,7.07227227,28.00814,120.66242,28.01104,120.64986,3,20,0.405903391
836,936,-29.12040239,-4.090162702,28.02242,120.60801,28.02145,120.63334,3,92,0.407877229
633,1178,6.238732755,38.54768201,27.98491,120.70392,27.99689,120.69531,4,8,0.409943855
72,154,20.05490407,-32.10940387,27.97367,120.59704,27.9473,120.56566,-1,10,0.410000256
1765,2432,0.258158183,-35.68374868,27.9931,120.58597,27.99839,120.59856,8,3,0.410012292
1679,2643,24.41935521,26.26893528,27.99338,120.70875,27.98611,120.71722,7,21,0.410844351
2318,2712,-28.40385439,7.221670951,28.0217,120.647,28.01694,120.64891,3,0,0.411638059
1239,2123,30.31646344,-36.52307889,27.87124,120.64996,27.92383,120.67387,3,19,0.411978402
1111,2559,-32.78583879,18.95781867,28.02502,120.63963,28.01104,120.64986,-1,13,0.412291481
2703,2715,2.291047371,-16.74180376,27.99103,120.63464,27.99435,120.66326,-1,17,0.413653193
609,2938,-15.09209379,-34.83940973,28.02096,120.62016,28.02158,120.59654,3,2,0.416137353
84,1402,-20.56435122,45.70372779,28.01988,120.68913,28.014576,120.681581,-1,125,0.416722688
2094,2938,-13.73527257,-18.85208895,27.992,120.60987,28.02158,120.59654,-1,8,0.417979401
159,306,19.44969152,-8.761882611,27.94833,120.66804,27.93177,120.67802,5,20,0.418943245
253,1935,15.2732538,5.195859837,27.9787,120.6874,27.97505,120.67499,-1,0,0.419003175
227,499,-43.21748691,-21.68701067,28.05333,120.63083,28.04339,120.62726,7,110,0.419126718
883,2881,17.33664253,41.46609309,27.99238,120.73064,28.00606,120.714808,7,93,0.420724808
14,565,-14.38818894,25.66921533,28.02496,120.66541,28.00841,120.66454,3,2,0.421449371
264,1936,-16.87939678,18.74670281,28.01535,120.66232,28.0164,120.657,3,11,0.422293573
340,2742,3.590161032,27.02562488,27.99961,120.68514,27.99959,120.67971,4,84,0.422456854
335,675,32.88792941,-38.2450632,27.93483,120.66784,27.91318,120.6689,-1,178,0.425534989
1841,2076,-1.31425646,-36.59751105,27.980151,120.605199,27.99335,120.57729,8,19,0.432318097
1167,2587,-38.89787675,0.833197351,28.03274,120.64129,28.025858,120.64343,7,5,0.433608913
292,682,-40.77744995,6.370902912,28.02857,120.65898,28.0412,120.629,7,2,0.433611979
306,2022,13.65125228,-10.03193388,27.93177,120.67802,27.94096,120.64958,5,21,0.435161154
1651,2873,34.23708193,17.88529445,27.97707,120.74717,28.000323,120.727524,-1,28,0.435716928
989,2758,3.128236798,8.860123796,27.987092,120.667981,27.98519,120.67735,4,2,0.435851459
920,1749,-0.129564565,-36.90334793,27.94553,120.6091,27.97581,120.57281,-1,22,0.437236175
1596,2658,-47.23781437,12.28934408,28.027266,120.655901,28.023438,120.62652,7,59,0.437316684
486,2637,30.73490239,33.76153081,27.97508,120.74612,27.99476,120.73128,-1,59,0.438282445
60,819,67.26359807,-1.971651749,27.89629,120.80392,27.91736,120.79806,6,95,0.438518626
1624,2228,16.31466119,-35.72463881,27.971715,120.608414,27.94986,120.5872,-1,4,0.441239902
1529,2725,-33.75251115,-50.2416865,28.10206,120.54994,28.08578,120.59077,9,28,0.444710605
202,1423,-22.81913469,4.728290099,28.0087,120.65515,28.0149,120.64587,3,4,0.44499848
1273,2609,-27.96990785,-17.14090228,28.02347,120.61544,28.01418,120.59753,3,54,0.445227641
501,2010,5.043729127,27.00235545,28.004176,120.686025,27.99742,120.68104,4,17,0.44739992
421,857,58.33125299,-0.231859257,27.91626,120.8268,27.93632,120.80777,6,452,0.44747212
98,1273,-9.000183058,-3.281370665,27.996306,120.644374,28.02347,120.61544,3,36,0.449406319
1699,1799,11.20188725,28.57406032,27.97659,120.67899,27.99461,120.68409,-1,19,0.449903132
766,2330,-14.29115812,-14.27332638,28.00726,120.61292,27.9967,120.60336,-1,31,0.450520178
1259,2932,-6.648256697,-2.628632517,28.00517,120.6494,28.003843,120.643621,3,13,0.451212208
1470,1549,18.61212653,28.392378,27.97225,120.68006,27.98966,120.70619,-1,2,0.451702173
1695,1900,-31.04764209,-49.51508,28.02937,120.5775,28.06605,120.58485,9,34,0.454325075
142,1338,-41.13232459,-24.92970457,28.07201,120.60483,28.056963,120.625239,-1,4,0.456566818
1544,2962,52.61403271,-10.34401092,27.94688,120.81569,27.95764,120.82445,6,883,0.45747032
17,454,5.506607877,-4.061972653,27.97886,120.67718,27.98,120.66708,5,4,0.458018591
1218,2128,59.5003575,9.955704949,27.91539,120.8198,27.8883,120.80901,6,30,0.461227252
609,2468,-36.40523138,12.74749478,28.02096,120.62016,28.022717,120.632107,3,151,0.464534482
1480,1625,49.99167309,0.923314536,27.96194,120.78881,27.91671,120.81301,-1,4,0.465002203
182,761,-25.55066087,-16.68153879,28.01939,120.61656,28.02569,120.64175,-1,4,0.467473763
740,1134,-12.20163865,-10.57310325,28.011421,120.622423,27.99644,120.63354,-1,52,0.469219221
1764,2059,4.079723183,-28.17280818,27.96875,120.60619,27.987233,120.614505,8,8,0.469800824
728,2680,5.10761108,-3.382785924,27.98895,120.65771,27.97782,120.66753,-1,46,0.471017228
734,1424,-20.07525451,-20.59134503,28.01097,120.60609,28.02108,120.60101,3,310,0.47146365
389,2541,-0.180372932,-44.53647716,28.01058,120.62116,27.99417,120.59987,-1,156,0.475650062
8,2228,18.19712789,-33.48653055,27.91704,120.56917,27.94986,120.5872,10,101,0.476688218
467,2787,5.943816131,41.70827697,28.012398,120.68848,28.00461,120.6752,-1,36,0.476959699
394,653,-18.7305357,-38.40943854,28.029211,120.593311,28.03924,120.56603,-1,3,0.47797235
1474,2371,-14.31939603,-49.43804117,28.02436,120.58545,28.03981,120.57351,9,3,0.48072172
872,959,-13.08693745,8.741177306,27.98477,120.64882,28.009115,120.657413,-1,33,0.481462896
1306,2344,-6.95108125,-12.02178857,27.99383,120.62833,28.000843,120.64058,-1,50,0.482044118
1286,2189,-19.61507685,9.620442559,28.01117,120.65006,28.01722,120.63141,-1,15,0.482861176
332,2512,-1.876434251,27.72838046,28.00341,120.68731,27.99935,120.67604,4,187,0.483079005
1037,1630,35.7359695,-22.88414823,27.9231,120.70471,27.92275,120.7073,3,21,0.483155607
108,541,13.2877054,-28.20872673,27.98228,120.5774,27.96193,120.60948,-1,0,0.484015744
370,795,40.292643,-46.64488144,27.95455,120.65292,27.91839,120.66065,-1,95,0.484325083
202,310,-15.84051808,16.36683982,28.0087,120.65515,28.01428,120.65834,3,7,0.48445514
98,1736,-8.106282333,-3.346027903,27.996306,120.644374,28.029592,120.6244,-1,8,0.486147283
119,2858,6.646163951,36.78768742,27.994472,120.703061,27.995808,120.698644,7,50,0.487492416
1481,2848,12.57039535,-27.74987978,27.96111,120.6227,27.965369,120.686131,-1,0,0.488068174
217,1913,-16.62316349,-25.96738655,28.01578,120.59444,28.02588,120.60418,3,42,0.489080807
72,1187,10.76095108,-27.0541232,27.97367,120.59704,27.96331,120.66311,-1,36,0.491243914
198,1386,6.582449609,21.05656382,27.99428,120.679324,27.98557,120.68544,4,17,0.492259778
410,971,52.14010552,-4.590024437,27.95123,120.82795,27.92205,120.80111,6,23,0.4923569
205,1622,5.175060006,29.59828642,27.9885,120.68917,28.00126,120.6875,4,34,0.499953912
57,2432,-0.583863734,-44.6007027,28.00954,120.61511,27.99839,120.59856,-1,4,0.503346869
90,369,46.59026877,7.480835238,27.96939,120.78179,27.9277,120.83323,-1,14,0.504286814
981,1693,30.65332763,-42.65719632,27.89495,120.67037,27.85534,120.66953,3,49,0.506291998
1378,1950,26.39164273,29.33388847,27.9833,120.74401,27.99139,120.71952,-1,10,0.511541444
65,1510,-48.00428347,-1.583168067,28.02326,120.631402,28.023269,120.632426,7,4,0.513706931
780,2255,4.343770629,25.03061586,28.01006,120.68043,27.99861,120.67972,4,7,0.51401558
521,2120,-9.944888242,12.77711028,27.99979,120.66739,28.00312,120.65388,3,13,0.515786619
454,1676,-0.571793903,18.04853633,27.98,120.66708,27.99435,120.67119,-1,63,0.51630922
167,966,49.4466297,2.348939383,27.94045,120.7928,27.918388,120.823666,-1,32,0.51989768
1424,1823,-14.14149824,-34.0447001,28.02108,120.60101,28.037123,120.578514,-1,53,0.522173074
198,1308,-4.545981438,43.90049224,27.99428,120.679324,27.98404,120.68203,4,6,0.527462516
1806,2802,41.69364753,16.96785922,27.971111,120.759166,27.98055,120.72944,10,33,0.527522528
2426,2899,-33.3194528,6.334906866,28.0241,120.647393,28.02802,120.65472,-1,2,0.528440684
609,1938,-46.38533978,23.75568099,28.02096,120.62016,28.01832,120.65141,3,300,0.528813768
734,1572,-17.77735221,-29.8982904,28.01097,120.60609,28.02693,120.60664,3,34,0.531116741
300,759,38.14643872,24.78589877,27.9685,120.75992,27.97238,120.74249,10,4,0.531354955
2053,2658,-43.11434733,-6.239293303,28.01003,120.63016,28.023438,120.62652,-1,29,0.544061206
217,2197,-38.36072678,-23.34310192,28.01578,120.59444,28.04449,120.62163,-1,8,0.544480425
1023,2450,-51.35496699,-15.04661893,28.046787,120.661963,28.04901,120.63968,7,33,0.546076363
623,2250,27.16016628,-19.49839109,27.94373,120.68649,27.92446,120.6923,-1,10,0.547074729
307,1176,-17.43034246,17.62886008,28.01573,120.65876,28.01711,120.65265,3,7,0.547174567
1753,1885,14.31584675,-22.94516501,27.96526,120.65283,27.96887,120.61609,-1,4,0.551317556
1380,1534,-10.26325716,25.97473535,28.00675,120.68244,28.017189,120.678534,-1,12,0.551768897
1276,2365,-4.774350011,-34.66282139,28.00066,120.58221,28.01894,120.59618,-1,77,0.554451668
27,549,15.99816301,51.05637439,28.00949,120.71444,28.00025,120.7286,7,11,0.556709168
353,1796,-42.4160541,-32.30554278,28.04744,120.60876,28.04071,120.63988,7,54,0.556984527
295,779,-13.91247908,-41.24024841,28.02333,120.57606,28.03387,120.594038,9,17,0.561972546
1606,1958,-11.8157747,21.3185362,28.01492,120.67488,28.01842,120.65967,3,5,0.562016565
76,347,27.21821046,50.65021591,27.99619,120.71034,27.98785,120.71681,7,133,0.563874577
1021,1749,14.63241954,-26.0853991,27.96668,120.62461,27.97581,120.57281,8,39,0.565690303
1480,2430,49.51323531,-4.237162686,27.96194,120.78881,27.96011,120.81628,-1,32,0.575262633
1496,2508,19.38963658,2.793995238,27.97767,120.70127,27.96724,120.66561,-1,25,0.577175842
1469,2726,52.13529484,-0.859513099,27.93568,120.7957,27.9296,120.80677,6,60,0.582112204
686,1590,-13.38142296,-50.95723755,28.035763,120.57132,28.02239,120.59436,-1,2,0.585797381
1391,1549,18.07828094,0.896967188,27.95467,120.69939,27.98966,120.70619,-1,0,0.587656064
2200,2784,-41.58723395,-15.26617049,28.03746,120.65611,28.05184,120.61542,7,31,0.588841495
489,2366,5.377210167,16.19750734,27.99167,120.67799,27.97973,120.67677,-1,27,0.590509833
86,2215,-20.8601515,6.450228793,28.01563,120.65181,28.01028,120.64503,3,41,0.591445631
1685,2602,-32.97272101,-51.68744601,28.08692,120.5856,28.041463,120.586511,9,33,0.595650692
1167,2450,-38.13743527,-10.8861656,28.03274,120.64129,28.04901,120.63968,7,4,0.597926913
556,2801,-23.54722906,11.24803892,27.99014,120.62903,28.01569,120.65545,-1,31,0.600891804
573,1380,-8.932989015,26.65190583,28.014374,120.672952,28.00675,120.68244,-1,14,0.603466194
666,2938,-11.06063482,-23.46031567,28.07352,120.58467,28.02158,120.59654,-1,7,0.604597277
1724,1886,11.76202075,34.82668645,28.00258,120.70728,28.010095,120.696678,7,16,0.604969357
267,901,61.51305057,16.15745702,27.87206,120.80251,27.86601,120.77885,6,99,0.606404739
852,2294,-25.92695609,9.900909948,28.013741,120.650393,28.017358,120.65303,3,106,0.608923749
1354,1620,-26.10570353,-9.78495512,28.01757,120.6318,28.01578,120.62194,4,6,0.610211904
1455,1828,-39.96736117,-14.35063971,28.03905,120.62757,28.039716,120.651201,7,84,0.612214157
688,1386,0.958547959,32.17810025,28.008405,120.68283,27.98557,120.68544,4,0,0.619013023
254,1830,-16.19792422,-32.57387584,28.023933,120.596926,28.0362,120.58118,-1,6,0.624755593
729,1106,-20.03438493,-32.28844044,28.02336,120.60588,28.02311,120.59937,3,39,0.634657335
1457,2169,2.590556866,57.57352803,27.99566,120.715,28.002851,120.698951,7,25,0.6370635
229,2592,56.73281178,-3.489818688,27.93122,120.80706,27.93254,120.82423,6,91,0.638859897
979,2483,-29.45902265,-18.34368764,28.02921,120.59331,28.02455,120.61196,-1,10,0.643176727
1108,1187,26.82088641,-18.66975389,27.924685,120.69711,27.96331,120.66311,-1,13,0.645667382
573,2230,-9.977846979,23.85378285,28.014374,120.672952,28.01549,120.67049,3,65,0.64636219
48,1788,-36.69437063,8.693288047,28.01947,120.67661,28.02779,120.65438,-1,26,0.64750236
167,971,51.50413691,1.099092696,27.94045,120.7928,27.92205,120.80111,-1,67,0.651157928
1020,1317,23.73673693,37.44322606,28.00029,120.70357,27.995577,120.71498,7,14,0.651747859
623,748,34.10116061,-18.88119604,27.94373,120.68649,27.9266,120.711,-1,102,0.653225598
496,1139,3.255660608,-23.98610351,27.993833,120.628333,27.988544,120.62822,8,0,0.65808387
895,2927,32.64719798,14.38387304,28.03688,120.73858,28.02026,120.79958,-1,9,0.663428654
874,1034,-41.2699863,7.812579922,28.04411,120.64767,28.027685,120.65985,7,0,0.664640178
1956,2074,44.29532187,4.540601064,27.96946,120.72066,27.986124,120.709577,-1,3,0.665548297
958,2440,-18.74598326,-49.99702274,28.04944,120.58116,28.043033,120.586455,9,115,0.666262551
924,1510,-38.48199502,-11.47328457,28.03883,120.63972,28.023269,120.632426,7,6,0.6684072
659,2668,17.4811231,-30.19785368,27.98025,120.58452,27.94903,120.59549,-1,7,0.66897862
50,1055,60.88761457,17.75180952,27.86632,120.78925,27.89321,120.79688,6,72,0.669842571
2450,2860,-42.3252833,-23.12067589,28.04901,120.63968,28.0702,120.62208,-1,49,0.670348697
234,2213,-30.73465525,-12.4281368,28.01828,120.62547,28.0397,120.63304,-1,0,0.670711263
369,1099,57.83081604,-3.074487195,27.9277,120.83323,27.92578,120.79581,6,87,0.679968186
81,1211,10.28024116,31.73395272,28.003179,120.699031,28.00477,120.69408,7,25,0.681099105
1103,2220,-8.379029334,9.580493536,27.97694,120.62826,28.00312,120.65703,-1,48,0.681341322
331,2407,-42.33958706,-21.16154641,28.03958,120.62042,28.06561,120.63194,7,14,0.682017741
1620,1908,-13.95250502,-22.48716244,28.01578,120.62194,28.0141,120.60512,-1,18,0.685110537
2059,2539,4.738664913,-26.83336613,27.987233,120.614505,27.97231,120.62724,8,71,0.685407293
909,1975,6.04427956,-11.2352196,27.95992,120.64877,27.99941,120.66015,-1,54,0.687163182
780,915,-8.430255719,31.8361445,28.01006,120.68043,28.024778,120.671965,-1,0,0.688597847
2012,2658,-36.38755142,1.063758404,28.02392,120.644412,28.023438,120.62652,-1,67,0.689160543
117,617,-14.44955455,-26.82157003,28.026108,120.592702,28.013371,120.594287,3,28,0.701948105
2642,2921,-64.45217693,-4.267417681,28.03965,120.64593,28.04626,120.62812,7,7,0.703512472
1549,1678,25.10490895,42.59982409,27.98966,120.70619,27.99551,120.70595,-1,171,0.70480346
1460,1841,5.528298215,-21.14755217,27.985304,120.632788,27.980151,120.605199,8,0,0.708719316
1718,1904,15.4028033,45.65067582,28.001831,120.717278,28.01361,120.68305,7,2,0.712715466
384,2088,-21.97950751,-4.109032617,28.01405,120.63301,28.00822,120.63366,-1,46,0.713090862
128,2433,-15.43224221,22.16770618,28.0248,120.64971,28.02202,120.66394,-1,4,0.718880839
1081,2131,-7.06893968,12.53690882,27.997963,120.659738,27.97509,120.65593,-1,44,0.725484548
86,1515,-29.28211047,14.03576715,28.01563,120.65181,28.01034,120.65781,3,2,0.728782319
741,1108,17.44864725,-10.19822994,27.95095,120.65688,27.924685,120.69711,-1,0,0.732814235
289,893,-0.87977682,16.2816327,27.986896,120.672178,28.00209,120.66254,-1,0,0.734897904
12,2037,62.83328857,12.87668519,27.8751,120.81027,27.9208,120.84047,6,0,0.735677506
160,2496,45.89438899,1.125071706,27.97864,120.71467,27.94412,120.76969,10,0,0.740035014
1129,2018,57.90354633,0.988147526,27.91593,120.8267,27.92674,120.82518,6,118,0.745246497
2096,2228,15.57016509,-29.01872602,27.97745,120.61375,27.94986,120.5872,-1,2,0.749429802
619,2507,-13.27915254,21.16073886,28.01319,120.65921,28.02519,120.66642,3,7,0.756169131
758,944,3.60292279,26.39452653,27.99542,120.68153,27.99887,120.68096,4,29,0.757379406
369,2793,44.68827952,4.58316553,27.9277,120.83323,27.96841,120.73048,-1,2,0.757590744
61,1568,9.742792087,17.05781575,28.00969,120.67408,27.98641,120.68048,-1,11,0.768194325
120,1590,-13.82397275,-22.84241718,28.0183,120.607999,28.02239,120.59436,3,0,0.773277979
550,856,16.79955851,44.0526704,28.0076,120.72365,28.0052,120.72043,7,3,0.7824432
1526,1769,25.00259144,34.58238991,27.98884,120.71605,27.998722,120.707177,7,103,0.788300385
1226,2431,-13.77611607,7.898318492,28.01039,120.65256,28.0053,120.633,3,0,0.789827191
617,2766,-19.67142873,-21.07607244,28.013371,120.594287,28.01412,120.606248,3,202,0.798272323
175,819,53.07512214,4.646044816,27.91609,120.80704,27.91736,120.79806,6,9,0.798952751
446,1119,5.960939487,-25.88637791,27.98581,120.61459,27.98495,120.62353,8,10,0.800337636
1911,2214,17.50445695,-5.284653211,27.97773,120.72673,27.9598,120.68203,-1,6,0.807500206
219,2696,36.0659988,-22.98306506,27.92298,120.70731,27.92345,120.70485,3,2,0.80847444
1301,1804,-14.10985022,-13.95062644,28.00843,120.62111,28.00502,120.61628,4,21,0.816616465
1697,1852,45.6491925,3.628620993,27.93044,120.81856,27.96059,120.7497,-1,0,0.817411676
550,1724,20.04969863,52.28718511,28.0076,120.72365,28.00258,120.70728,7,15,0.82024179
918,1689,-24.230482,3.679343105,28.0129,120.64233,28.02095,120.64389,3,0,0.821754158
924,2197,-40.07912627,-13.8292449,28.03883,120.63972,28.04449,120.62163,7,18,0.823419623
1764,2155,15.49155682,-30.03086256,27.96875,120.60619,27.93749,120.59711,-1,44,0.825138746
772,1494,-42.06434886,-17.20933644,28.05187,120.61117,28.04977,120.64759,7,33,0.825281603
550,820,13.5024692,37.34464592,28.0076,120.72365,28.00789,120.70721,7,33,0.826149666
1956,2539,34.71630436,5.85740247,27.96946,120.72066,27.97231,120.62724,-1,4,0.827490262
795,1895,29.6877264,-40.76514773,27.91839,120.66065,27.96905,120.70307,-1,4,0.828118444
1633,2325,36.43858941,-30.28292874,27.921943,120.703398,27.91782,120.69607,3,188,0.833734552
742,2197,-39.19601051,-22.721044,28.069541,120.641029,28.04449,120.62163,7,32,0.841211114
1482,1506,-16.80598496,27.69073257,28.02168,120.67042,28.02799,120.66168,-1,9,0.841340789
1863,2490,31.90888265,-48.07365616,27.8606,120.69133,27.88534,120.6674,3,135,0.851318344
895,1232,-60.31702277,14.53142856,28.03688,120.73858,28.04357,120.651564,7,13,0.853744925
659,1717,3.158964185,-37.21096223,27.98025,120.58452,27.99375,120.61713,8,2,0.861287127
62,2000,37.3690893,-25.66115552,27.92028,120.70493,27.92247,120.70628,3,64,0.861788701
1495,1837,9.747715035,-29.99903768,27.95745,120.62666,27.98603,120.63754,8,0,0.865952012
970,2433,-13.9086941,25.13809295,28.014998,120.674961,28.02202,120.66394,3,27,0.871809437
267,1243,62.09890926,15.52440515,27.87206,120.80251,27.86417,120.78289,6,192,0.876156042
1031,1273,-17.12893552,-41.77011196,28.036972,120.589166,28.02347,120.61544,-1,21,0.881889779
1159,2517,-34.22303808,-49.00163057,28.02791,120.59925,28.08227,120.59052,-1,50,0.903407062
143,1501,-45.67764492,-18.23910297,28.04546,120.65895,28.05557,120.61784,7,51,0.903592945
1736,2506,-38.17599032,-15.24225169,28.029592,120.6244,28.02561,120.63825,7,3,0.903739022
307,1088,-28.55710764,6.811053249,28.01573,120.65876,28.016654,120.650607,3,54,0.904996924
1970,2303,60.91257363,18.67178709,27.87,120.788,27.90821,120.80227,6,30,0.908088425
409,966,62.95029676,-7.525281485,27.95855,120.75661,27.918388,120.823666,-1,458,0.910031112
545,1920,10.30583859,-3.104857768,27.96676,120.65937,27.97507,120.66847,5,13,0.914291458
398,916,-20.29369394,16.48776216,28.01337,120.65986,28.01381,120.65692,3,0,0.932760985
1977,2536,-2.688087003,28.18823043,27.99753,120.67522,28.00726,120.6775,4,33,0.938543898
35,1529,-32.05294803,-51.51610486,28.06905,120.57281,28.10206,120.54994,9,10,0.939220327
1453,1670,-10.46606105,-4.685186476,27.99832,120.6366,28.00788,120.63732,3,76,0.947599972
1221,2048,-36.55759759,-49.17381841,28.074942,120.604791,28.07875,120.58356,9,2,0.961880379
1094,1444,-10.00237817,-34.68564489,28.01845,120.59962,28.019216,120.588125,-1,70,0.971965223
422,2355,-16.49205411,25.23350329,28.00525,120.70299,28.02099,120.66672,-1,0,0.975055383
2239,2626,9.184011938,33.21205637,28.00222,120.68192,28.00254,120.695427,-1,3,0.991000587
1993,2394,61.12053185,17.15802658,27.8714,120.79231,27.86351,120.786,6,59,0.991902528
2160,2904,46.38451468,4.673734001,27.9668,120.7548,27.95985,120.77797,-1,16,0.995470539
249,2422,56.11419741,-1.734966236,27.91719,120.84188,27.93079,120.82979,6,62,1.008411698
677,1934,-35.81898499,-21.33480135,28.040628,120.619569,28.046363,120.62567,7,252,1.018942983
1281,1947,7.550897784,15.81217892,27.986346,120.681959,27.98803,120.67876,4,28,1.022247852
1723,1979,-7.232094634,19.13144133,28.01437,120.67295,28.00367,120.67052,3,184,1.024075926
2175,2542,-23.4386356,-13.77565082,28.025465,120.585303,28.01903,120.61189,-1,16,1.027115977
2201,2444,0.64867233,24.16925436,27.99446,120.68161,27.99277,120.67775,4,24,1.053921439
48,184,-14.53660823,22.71180399,28.01947,120.67661,28.02537,120.66038,-1,58,1.056144048
2171,2592,58.60511283,-8.479425601,27.91955,120.83809,27.93254,120.82423,6,17,1.058531279
1869,2458,29.08008134,-44.56738531,27.89644,120.63496,27.85734,120.67149,3,35,1.066487195
442,1544,55.62575053,1.298791008,27.92124,120.83163,27.94688,120.81569,6,25,1.071169293
981,1905,32.56287009,-49.10124699,27.89495,120.67037,27.86345,120.67392,3,608,1.080684071
1920,2131,8.505969542,-4.18146212,27.97507,120.66847,27.97509,120.65593,5,139,1.122630628
361,2226,51.64015954,-4.732091514,27.95277,120.79908,27.95539,120.82859,-1,139,1.124926883
391,1433,-28.91226601,8.550660956,28.02273,120.64301,28.015196,120.648057,3,8,1.164986797
1697,2779,55.33667393,4.074733327,27.93044,120.81856,27.9069,120.82629,6,2,1.193904623
2316,2766,-15.98783398,-23.16655723,28.0271,120.60091,28.01412,120.606248,3,67,1.208659052
202,1687,-33.36939475,24.84742254,28.0087,120.65515,28.0134,120.65344,3,7,1.211868258
1036,2016,36.80303217,-23.73604845,27.92406,120.70335,27.92264,120.70453,3,3,1.213073075
409,2033,44.59158084,3.735950129,27.95855,120.75661,27.9196,120.81824,-1,72,1.213828532
833,1724,12.19562826,35.93965801,28.00262,120.7004,28.00258,120.70728,7,17,1.215953037
769,1774,5.612448918,-1.725998302,27.97575,120.65879,27.99094,120.65242,5,0,1.219331456
554,1101,31.06159802,16.00475792,28.02289,120.80151,28.008865,120.778256,2,8,1.245567522
2020,2413,64.34262645,20.51136444,27.87833,120.79361,27.85882,120.79137,6,153,1.247251764
2062,2223,55.20480608,1.230852321,27.92961,120.81073,27.922663,120.824735,6,58,1.260494738
1223,1316,28.16963076,5.257747252,27.960593,120.741204,27.97332,120.71019,10,0,1.283268749
302,2875,35.45898311,-24.18614181,27.9241,120.70277,27.92368,120.70347,3,2,1.305818158
2651,2762,-16.92210261,29.3453863,28.0228,120.67335,28.01919,120.67036,3,4,1.31400953
942,2124,32.25673103,13.05740943,28.021266,120.794656,28.0048,120.764,-1,38,1.319492015
237,1737,-13.54248559,-49.80136228,28.023421,120.592786,28.03968,120.57291,-1,105,1.331056518
143,145,-44.49927248,-14.99630905,28.04546,120.65895,28.044045,120.652283,7,71,1.349677073
80,1690,-25.57561587,-9.984496642,28.01143,120.62756,28.0188,120.62823,4,27,1.353748943
2217,2366,11.43174293,5.303631889,27.97587,120.67071,27.97973,120.67677,5,2,1.36639824
1218,2625,63.14271819,7.232350636,27.91539,120.8198,27.89938,120.82864,6,65,1.375148184
966,2793,58.02059635,8.528556881,27.918388,120.823666,27.96841,120.73048,-1,0,1.418160686
123,2416,-34.59507955,-50.57682804,28.08948,120.58851,28.101941,120.550401,9,20,1.426277841
1950,2882,39.13979768,23.3895319,27.99139,120.71952,27.970769,120.742755,-1,58,1.427815933
1772,2542,-18.76138705,-30.01793592,28.02618,120.60498,28.01903,120.61189,3,9,1.442760358
674,1695,-8.521923004,-39.78474636,28.02488,120.58073,28.02937,120.5775,9,33,1.461357225
1546,1926,-20.441056,23.23420098,28.014012,120.66431,28.01239,120.67322,3,0,1.467581058
638,2141,-1.478577062,-10.401408,27.99736,120.62159,27.995992,120.636008,8,33,1.478729086
69,331,-37.57218504,-23.35691197,28.055285,120.609474,28.03958,120.62042,7,17,1.480516325
447,2337,25.61015664,34.84393835,27.99055,120.7118,27.986111,120.717222,7,39,1.503103541
1015,2175,-26.86597914,-16.5028218,28.02245,120.61239,28.025465,120.585303,-1,0,1.507848653
284,567,29.24337221,-26.50987251,27.92764,120.69437,27.92073,120.70491,3,90,1.509340339
1321,1326,6.625549175,35.20749649,27.99863,120.68954,28.0011,120.69646,-1,17,1.512220502
619,913,-16.04930479,14.91528101,28.01319,120.65921,28.01042,120.65885,3,38,1.518128676
1643,1797,2.523475196,-28.0369861,27.98054,120.61279,27.98643,120.62096,8,119,1.53445935
1067,2901,19.44660588,3.003249218,27.974212,120.684207,27.97339,120.7071,-1,10,1.550718275
279,532,33.84192054,29.937429,27.98465,120.73383,27.972365,120.730631,10,57,1.551286927
1186,1453,-8.964786235,-4.272118822,28.00302,120.64575,27.99832,120.6366,3,0,1.56145738
1154,2871,31.0271781,-28.03728244,27.92365,120.69173,27.92341,120.69408,3,29,1.571312075
1275,1405,-32.63371953,-51.11619336,28.1014,120.58443,28.10206,120.56347,9,183,1.571911965
1273,1772,-17.67026776,-32.05559624,28.02347,120.61544,28.02618,120.60498,3,22,1.58010636
760,2621,-4.918855872,28.84382954,28.00837,120.6755,28.01036,120.67777,-1,55,1.600613808
42,660,-6.993147004,10.01442017,28.0014,120.65569,27.99791,120.66801,3,5,1.607051152
2031,2294,-35.55993364,12.89379476,28.024044,120.64407,28.017358,120.65303,3,4,1.627355627
619,640,-21.56232799,19.57837496,28.01319,120.65921,28.01677,120.65806,3,30,1.656894216
482,1580,34.95748442,21.79923307,27.97359,120.74776,27.97711,120.72623,10,157,1.65820803
2534,2797,2.824062435,-22.93123954,27.986553,120.628013,27.987898,120.629043,8,8,1.685114474
1811,2298,29.47495525,-44.07269751,27.89896,120.665197,27.92952,120.68107,-1,81,1.689327925
412,697,31.19161212,-38.9814517,27.91108,120.67813,27.92414,120.70279,3,0,1.689710832
301,2228,17.12199941,-32.17021866,27.93112,120.5882,27.94986,120.5872,10,39,1.693453041
872,2942,-6.200778892,-0.552700078,27.98477,120.64882,27.99994,120.64617,-1,89,1.698772486
1501,2242,-40.86001668,-27.26647021,28.05557,120.61784,28.094722,120.645,-1,94,1.709342968
142,343,-40.50694785,-23.79301759,28.07201,120.60483,28.03943,120.62365,-1,31,1.721116704
184,382,-17.29115487,22.3278377,28.02537,120.66038,28.01967,120.6623,-1,23,1.730242826
442,2338,58.13961453,3.249758337,27.92124,120.83163,27.91182,120.82248,6,27,1.738929922
972,2915,9.911220272,17.8706639,27.94366,120.68317,27.98732,120.68157,-1,0,1.772758708
273,2381,-44.01888881,10.57866286,28.02613,120.64691,28.02682,120.66634,-1,11,1.781521138
253,2366,19.50860989,6.276102102,27.9787,120.6874,27.97973,120.67677,-1,0,1.817285996
204,1797,3.201488387,-24.48122798,27.99015,120.62566,27.98643,120.62096,8,85,1.823361966
1317,1724,21.35879281,36.88297443,27.995577,120.71498,28.00258,120.70728,7,5,1.873637009
196,2167,-62.07650706,9.730077964,28.04336,120.653,28.0438,120.65797,7,2,1.890133047
1544,1956,52.03093827,-4.284162254,27.94688,120.81569,27.96946,120.72066,-1,4,1.896768335
916,1891,-17.19245418,14.20102702,28.01381,120.65692,28.01081,120.65992,3,25,1.908464596
1081,2870,-4.397572379,10.29266821,27.997963,120.659738,27.993073,120.660361,-1,150,1.927540491
1427,2532,37.01449071,17.66283589,27.98011,120.74983,28.03232,120.78261,-1,2,1.928977896
1723,2828,-7.638999077,26.76900432,28.01437,120.67295,28.01051,120.67617,-1,62,1.939265968
544,2439,-18.86319583,-50.6554891,28.05007,120.58709,28.04261,120.57226,9,28,1.950804891
1362,2347,70.705969,3.266279762,27.89369,120.80917,27.91091,120.81602,6,0,2.050802928
1590,2179,-13.38554113,-28.04105267,28.02239,120.59436,28.0058,120.593,3,73,2.058757654
832,1742,-61.79579276,18.13297814,28.05231,120.68005,28.010383,120.6909,7,4,2.115680191
814,2242,-47.62307832,-45.26447211,28.06065,120.61145,28.094722,120.645,-1,11,2.117391424
13,68,-31.05224705,-26.21487513,28.02484,120.61133,28.02467,120.61708,3,5,2.168912052
447,1851,24.3239775,28.38386359,27.99055,120.7118,27.980051,120.702261,-1,4,2.189227715
943,1580,26.84689298,26.48747888,27.98369,120.71502,27.97711,120.72623,-1,180,2.20865469
2179,2445,4.483460537,-36.50943337,28.0058,120.593,27.992515,120.595201,-1,2,2.234375897
942,2781,29.32088425,16.68022054,28.021266,120.794656,28.04723,120.76804,2,165,2.262486092
148,267,62.08766605,14.1192277,27.87141,120.8205,27.87206,120.80251,6,64,2.263028361
305,788,-26.18638262,7.654082129,28.008511,120.618079,28.01601,120.64709,-1,13,2.269312934
61,2417,-22.18008835,23.63115261,28.00969,120.67408,28.01324,120.6611,3,2,2.271124647
1643,1887,4.57558182,-28.30773263,27.98054,120.61279,27.98792,120.61761,8,86,2.294290979
1318,2150,8.712440281,-25.82190694,28.073,120.71997,27.99711,120.58895,-1,16,2.304827555
565,1558,-21.87682069,24.39793942,28.00841,120.66454,28.01502,120.66503,3,75,2.339876677
1999,2520,31.06953924,-23.55723314,27.91395,120.70028,27.92895,120.69631,3,128,2.42126182
64,644,-22.24882003,18.07853763,28.01276,120.65434,28.01278,120.65944,3,13,2.56888418
224,1185,-18.8681344,21.14894999,28.01492,120.66976,28.01522,120.66252,3,6,2.574120791
608,1180,14.83273173,24.69052913,27.99367,120.69233,27.97777,120.70138,4,8,2.625669987
1364,2715,-1.053410939,11.95285034,27.986295,120.662053,27.99435,120.66326,4,8,2.662833518
1386,1746,18.55389878,35.94938859,27.98557,120.68544,27.99484,120.70984,-1,7,2.680553989
619,2109,-16.44079451,16.64628535,28.01319,120.65921,28.01345,120.65446,3,44,2.680889553
698,2242,-40.30634254,-25.80841854,28.07126,120.60869,28.094722,120.645,9,0,2.795312912
1927,2247,-42.73860563,-21.50648241,28.04626,120.62785,28.04525,120.63358,7,6,2.818506286
608,616,3.116207491,36.25529814,27.99367,120.69233,27.98866,120.6816,4,31,2.848193401
1490,2619,12.37261284,28.0402097,27.99315,120.69059,27.992814,120.696225,4,0,2.882415499
916,1258,-19.56081071,13.06123357,28.01381,120.65692,28.011,120.654,3,5,2.914335482
2325,2902,33.55882195,-29.3549044,27.91782,120.69607,27.92072,120.70621,3,11,2.99617699
1288,2005,31.6840497,-28.96902726,27.91607,120.69654,27.92325,120.6878,3,6,3.028790354
1188,2555,29.17565169,13.6936225,28.02612,120.795888,28.04092,120.83605,2,3,3.11734469
4,2262,0.86391258,-24.37334125,27.98663,120.61963,27.987407,120.628236,8,3,3.19964689
1254,2848,17.26755788,2.592345589,27.97964,120.68734,27.965369,120.686131,-1,3,3.289882658
351,2099,12.81956103,24.74750361,27.98417,120.69043,27.99084,120.68506,4,10,3.42723378
627,1451,-48.87946816,-14.5639746,28.0494,120.66193,28.06263,120.67157,7,37,3.598062137
648,972,29.01725989,-21.31660042,27.92779,120.69413,27.94366,120.68317,-1,0,3.63060574
72,1304,2.998308754,-31.56587721,27.97367,120.59704,27.989339,120.608294,8,58,3.633902938
906,2442,-21.24569471,23.46113246,28.01211,120.69386,28.01459,120.66235,-1,73,3.63981017
46,499,-51.701571,-23.44064902,28.04917,120.61056,28.04339,120.62726,7,274,3.740577094
467,1953,-10.54317608,29.53980582,28.012398,120.68848,28.01063,120.68159,-1,11,3.936677423
2364,2366,15.60436552,6.724425781,27.97792,120.68304,27.97973,120.67677,5,0,4.051698615
616,1308,11.48235809,18.86615291,27.98866,120.6816,27.98404,120.68203,4,5,4.097236238
10,1373,-15.08282067,23.5355079,28.0235,120.66211,28.01793,120.66445,3,21,4.097822499
188,2797,3.978224328,-23.62411214,27.97988,120.63103,27.987898,120.629043,8,44,4.192929875
422,630,10.96900719,36.09149106,28.00525,120.70299,28.0017,120.699,7,55,4.377564029
1366,2021,32.1193739,-27.73154942,27.90849,120.70916,27.92043,120.68424,3,41,4.440029224
1110,2144,36.95564939,-22.12577417,27.946867,120.69923,27.92809,120.70577,-1,54,4.546511069
2005,2577,34.45549523,-29.37316038,27.92325,120.6878,27.92101,120.70502,3,176,4.569739614
1504,1651,33.76510556,30.51032228,27.987372,120.734892,27.97707,120.74717,10,2,4.952918428
533,2481,9.933408513,-1.741503781,27.97788,120.66759,27.97265,120.66766,5,112,5.106709446
533,2131,8.811393925,-3.003558369,27.97788,120.66759,27.97509,120.65593,5,46,5.130445878
1591,2322,18.26731529,35.88960262,28.00528,120.70899,27.99169,120.70661,7,0,5.136301338
658,1868,30.34448228,14.58545168,28.01872,120.79364,28.019447,120.796853,2,10,5.211173552
302,1391,31.67932025,-22.75253308,27.9241,120.70277,27.95467,120.69939,-1,15,5.261687942
251,2171,6.27582271,-7.174398048,27.90975,120.8324,27.91955,120.83809,6,7,5.510863179
571,2229,-9.690090473,8.697517188,28.00238,120.65872,27.99852,120.65649,3,10,5.550760894
316,2335,29.29717742,-47.66663664,27.85765,120.67291,27.86624,120.66547,3,4,5.598666873
2437,2452,-14.93892771,14.46112293,28.006626,120.657361,28.0105,120.66068,3,4,5.610562117
46,2242,-40.80746564,-27.71464727,28.04917,120.61056,28.094722,120.645,-1,0,6.071479733
239,2589,31.69670562,12.12621276,28.03887,120.7934,28.02612,120.83038,2,81,6.671967807
1956,2889,30.42205781,25.84298881,27.96946,120.72066,27.97509,120.72769,10,63,7.96941139
215,2272,30.55014668,-30.33588355,27.92415,120.69124,27.91974,120.69145,3,18,10.11604991
2292,2905,-17.95662464,-50.82007576,28.04572,120.58643,28.04372,120.57542,9,140,10.53205642
950,2772,2.415866415,-20.16215928,27.98069,120.61263,27.979611,120.629271,8,117,16.5852419
2063,2447,30.82589417,-43.18661608,27.90108,120.68568,27.907332,120.673448,3,8,26.41600657
308,899,-30.72020371,-53.37293421,28.07118,120.58698,28.06049,120.57424,9,26,28.34541044
237,1713,-13.0405086,-38.39832296,28.023421,120.592786,28.01567,120.62619,-1,69,32.67357956
820,848,12.31348887,34.5541542,28.00789,120.70721,28.00742,120.70274,7,9,34.87603549
94,2846,-0.867928308,33.48206337,28.00246,120.68241,28.00084,120.68266,4,12,36.70830587
1814,2447,39.26820752,-40.9280813,27.88108,120.671,27.907332,120.673448,3,87,37.05909651
81,940,13.42728777,34.54189529,28.003179,120.699031,28.00288,120.71024,7,4,38.25362388
1051,2151,-40.73111665,-25.58498878,28.04252,120.60963,28.06452,120.61682,-1,2,39.21848047
399,1694,-11.78265461,28.09918045,28.02201,120.67908,28.023009,120.680763,3,3,42.83849493
979,2132,-20.15259008,-48.36657281,28.02921,120.59331,28.043908,120.588971,9,0,43.94469008
14,1231,-20.94653529,34.16444024,28.02496,120.66541,28.025,120.669166,3,74,45.89336313
1469,1544,52.00108294,-6.787078564,27.93568,120.7957,27.94688,120.81569,6,44,47.67112165
271,2182,-0.584046563,-1.771992256,27.956794,120.567095,27.96515,120.61124,-1,3,47.97846604
1311,1876,17.2142153,-32.54668572,27.98966,120.57449,27.954186,120.587915,-1,23,48.00446164
1804,2432,-14.36206589,-14.67758185,28.00502,120.61628,27.99839,120.59856,-1,88,48.50265532
2427,2846,2.50192054,27.31902623,28.0086,120.6772,28.00084,120.68266,4,74,48.55803076
1557,2138,60.2765809,17.4119433,27.90165,120.81193,27.87481,120.78795,6,0,48.69558795
677,2658,-33.76932445,-21.23912792,28.040628,120.619569,28.023438,120.62652,7,0,49.20770929
192,660,-12.33776157,39.41946297,28.002732,120.666557,27.99791,120.66801,3,0,49.65000071
237,618,-17.34574012,-38.96032462,28.023421,120.592786,28.03155,120.59436,-1,144,51.79184042
1813,1990,-16.39811238,20.63655139,28.01988,120.65723,28.02045,120.65999,3,0,52.91320157
489,2611,2.122414543,22.3270918,27.99167,120.67799,27.995832,120.677166,4,37,55.80883129
2294,2733,-29.81442352,-2.634959618,28.017358,120.65303,28.019524,120.631948,3,111,56.49944064
108,1643,1.128943014,-34.43786723,27.98228,120.5774,27.98054,120.61279,8,26,56.63217831
704,1955,-7.511600152,-2.045300602,28.001326,120.643433,28.00278,120.646,3,0,57.26366215
237,2004,-26.41817962,-49.22323691,28.023421,120.592786,28.05469,120.58692,-1,77,57.52717817
940,1613,13.52823909,34.17018862,28.00288,120.71024,28.00291,120.69868,7,32,57.75781449
740,1345,-13.9144057,-13.77911667,28.011421,120.622423,28.00711,120.61047,4,3,57.90806786
194,340,3.881297752,26.52399804,28.0005,120.67726,27.99961,120.68514,4,6,58.7554741
2155,2823,15.53550379,-30.78061769,27.93749,120.59711,27.94947,120.55856,10,21,58.80582679
1298,2468,-30.87136983,0.229841656,28.01943,120.636564,28.022717,120.632107,3,138,59.24633927
920,1337,17.4649113,-37.00395647,27.94553,120.6091,27.9422,120.581,10,324,59.76760715
312,746,24.45280039,-7.894501413,27.97483,120.67456,27.94545,120.66986,5,25,60.12670786
748,2250,34.4798546,-20.60275444,27.9266,120.711,27.92446,120.6923,3,0,61.09367929
1673,2701,-17.07570338,17.51470924,28.00217,120.64577,28.0144,120.6591,3,23,61.77581415
541,1965,17.19254946,-30.95212339,27.96193,120.60948,27.94943,120.58007,10,70,62.77231661
340,375,4.213047513,26.52540238,27.99961,120.68514,28.00026,120.68107,4,103,62.84902962
940,1439,15.83051394,39.77334661,28.00288,120.71024,28.005515,120.719495,7,4,64.1486184
1765,1804,-1.486547585,-34.96173656,27.9931,120.58597,28.00502,120.61628,-1,0,64.16265781
844,1761,-7.524229631,21.55156376,28.00813,120.67287,27.99851,120.67952,-1,44,65.38762658
2691,2757,53.03750081,-4.311175062,27.93204,120.83665,27.95417,120.82421,6,3,65.46103653
969,2520,28.27902987,-25.3044644,27.92722,120.69833,27.92895,120.69631,3,68,65.78354806
1269,1637,-14.0045881,-13.4277844,28.00799,120.62655,28.007347,120.618907,4,4,66.0289288
1263,1904,-12.32830203,31.75065244,28.02077,120.6738,28.01361,120.68305,-1,27,66.15142646
855,2427,0.906443814,28.77889198,28.001906,120.678622,28.0086,120.6772,4,2,66.25759125
656,1562,-0.834323016,-37.47744041,27.96161,120.59217,27.99767,120.57531,-1,4,66.5815597
335,2462,16.70556785,-12.29028731,27.93483,120.66784,27.93855,120.64822,5,6,66.64832223
740,1671,-12.03552977,-7.864935303,28.011421,120.622423,28.00231,120.63401,-1,58,66.76515608
994,1415,-25.66990039,3.08352077,28.01318,120.65352,28.01447,120.64201,3,0,67.18467542
531,2643,28.12369474,28.34240795,27.991394,120.71952,27.98611,120.71722,7,2,67.45245972
983,2209,8.046374971,-10.75383537,27.97699,120.64991,27.96734,120.67106,5,15,67.81258301
1051,1940,-44.14721563,-36.96004538,28.04252,120.60963,28.05756,120.60725,7,9,68.49358967
300,1511,36.76712136,23.73697381,27.9685,120.75992,27.97302,120.73654,10,5,68.66893069
2225,2476,13.91964771,51.37029154,28.01963,120.71371,27.99996,120.71136,7,3,68.70329132
440,1423,-7.794640628,-3.007375109,28.00029,120.64716,28.0149,120.64587,3,2,68.8077139
254,2900,-15.9041558,-31.05551048,28.023933,120.596926,28.02464,120.59964,3,3,69.1516289
1771,2080,11.39354697,30.46743601,27.99855,120.69275,27.994449,120.671107,4,4,69.62667681
1991,2239,2.014539391,30.26102636,28.00104,120.67237,28.00222,120.68192,-1,97,69.86662865
136,1478,-32.27681421,18.45303227,28.01434,120.65091,28.02333,120.63639,-1,0,70.35116578
2023,2668,14.17467318,-28.35919305,27.97172,120.61373,27.94903,120.59549,-1,0,70.4699677
2766,2834,-14.43883532,-24.44883996,28.01412,120.606248,28.00969,120.59728,3,13,70.54803457
237,2887,-16.44526012,-51.11312923,28.023421,120.592786,28.04609,120.57533,-1,84,70.69529206
182,2609,-18.66447318,-23.879053,28.01939,120.61656,28.01418,120.59753,3,108,71.29545791
291,2510,-19.32208281,26.6578009,28.023257,120.659016,28.02204,120.66593,3,50,71.78402436
154,672,8.740647988,-27.4696708,27.9473,120.56566,27.96719,120.59359,-1,118,71.80489289
1469,2913,50.97221031,3.995070668,27.93568,120.7957,27.92081,120.81459,6,36,71.99724683
1215,1804,1.906282774,-30.73447209,27.98702,120.60848,28.00502,120.61628,-1,2,72.14151374
301,1876,17.89158043,-32.92638828,27.93112,120.5882,27.954186,120.587915,10,3,72.20473814
81,1886,8.579805863,41.343377,28.003179,120.699031,28.010095,120.696678,7,147,72.27520938
1536,2543,10.62787579,7.185749297,27.985,120.67851,27.978448,120.671401,-1,6,72.48743017
1885,2089,11.68943491,-26.59745066,27.96887,120.61609,27.970224,120.651685,-1,24,73.26784347
1160,2258,-24.59796956,18.59692378,28.01525,120.66252,28.01658,120.65764,3,36,73.46850831
1092,1638,0.191087033,16.48522978,27.96187,120.66042,27.99258,120.67111,-1,31,74.01712215
362,2834,-13.74240928,-26.15608094,28.01738,120.60605,28.00969,120.59728,3,0,74.04903622
237,2085,-25.61684339,-49.42544141,28.023421,120.592786,28.04973,120.58807,-1,44,74.29316716
500,2288,13.92733558,52.30289007,27.99978,120.7112,28.014173,120.713536,7,302,75.04033698
541,1995,0.680537201,-34.97963995,27.96193,120.60948,27.98625,120.5825,-1,15,75.27362389
217,1112,-43.80134501,-29.72557209,28.01578,120.59444,28.05274,120.62436,-1,0,75.38096032
1633,2000,36.18334912,-25.65740062,27.921943,120.703398,27.92247,120.70628,3,59,75.39861274
1051,2666,-47.72481135,-25.42784753,28.04252,120.60963,28.04116,120.62863,7,28,75.41592638
1449,1534,-9.619785213,27.14639545,28.01592,120.69364,28.017189,120.678534,-1,3,75.42749053
773,1761,4.522517933,17.38692885,27.989406,120.673557,27.99851,120.67952,4,90,75.43036905
37,2543,10.47263393,5.830104169,27.97486,120.66789,27.978448,120.671401,5,122,75.44367165
869,2679,49.34165098,-0.227799868,27.94864,120.77547,27.96428,120.80753,2,98,75.47427589
308,394,-29.19066253,-47.02191548,28.07118,120.58698,28.029211,120.593311,-1,110,75.71135921
561,1428,-30.76637364,4.040520382,28.02374,120.641626,28.02259,120.62662,-1,43,76.41575412
584,1276,-1.283463775,-9.34063789,27.99383,120.62841,28.00066,120.58221,8,14,77.41108479
1100,1388,-26.27353609,-1.342515818,28.00741,120.61911,28.01822,120.64711,-1,12,77.62553367
1430,1806,40.76791825,4.935229332,27.9498,120.72544,27.971111,120.759166,10,5,77.9903754
1572,2834,-16.87888923,-29.42186922,28.02693,120.60664,28.00969,120.59728,3,5,79.50267385
735,1671,-15.24488977,-6.540441697,27.993371,120.637184,28.00231,120.63401,-1,178,79.64538538
1140,2575,-14.06949577,-48.8040447,28.04193,120.57698,28.02926,120.59028,9,21,79.8397359
1093,2085,-22.1162779,-50.5390693,28.03228,120.58055,28.04973,120.58807,9,27,80.19740193
1255,1975,-7.459393618,10.08765903,27.9997,120.67055,27.99941,120.66015,3,0,80.26010872
15,2129,0.078536842,-13.71964853,27.97664,120.63227,27.98951,120.64774,-1,12,80.61674895
773,2928,2.316322546,16.66933546,27.989406,120.673557,27.99271,120.68075,4,28,81.155706
8,672,17.5677007,-31.19321116,27.91704,120.56917,27.96719,120.59359,-1,67,81.42341263
572,703,-0.476453902,-44.36055599,27.99271,120.56614,27.99417,120.59982,8,55,81.53892126
1618,1654,-13.87052191,-29.23664417,28.00977,120.60049,28.02792,120.60131,3,121,81.81084608
745,1023,-51.10971198,-15.20784573,28.04541,120.65027,28.046787,120.661963,7,267,81.85136358
308,1031,-30.47738146,-48.31057945,28.07118,120.58698,28.036972,120.589166,9,18,82.17415676
2189,2294,-30.08554089,0.359653644,28.01722,120.63141,28.017358,120.65303,-1,2,82.79574532
1788,2506,-34.64414733,6.843907843,28.02779,120.65438,28.02561,120.63825,7,0,82.91420199
1111,1464,-34.31075871,-2.904293797,28.02502,120.63963,28.02237,120.63238,-1,80,83.50420492
1843,2915,12.30517443,17.37970931,27.983923,120.680378,27.98732,120.68157,4,51,83.51137066
1021,2508,16.08124657,-24.56968427,27.96668,120.62461,27.96724,120.66561,-1,0,84.17779556
237,1140,-15.02587863,-50.60356248,28.023421,120.592786,28.04193,120.57698,-1,79,84.20391862
385,2225,14.43465949,50.80784714,28.00125,120.72481,28.01963,120.71371,7,122,85.05318718
2555,2586,29.83400553,12.1373964,28.04092,120.83605,28.02241,120.81161,2,301,85.07327488
1684,1804,3.033813092,-27.42147163,27.98796,120.61592,28.00502,120.61628,-1,2,85.20944978
567,2000,37.80940373,-25.72265656,27.92073,120.70491,27.92247,120.70628,3,163,85.24483798
656,2445,13.66731321,-30.28225021,27.96161,120.59217,27.992515,120.595201,-1,0,85.4878874
1289,2215,-19.2717672,6.825838046,28.0114,120.65314,28.01028,120.64503,3,3,85.71717523
439,2258,-31.53559311,7.012154819,28.02332,120.64816,28.01658,120.65764,3,4,86.58929178
1172,2744,-18.45307962,10.28749346,28.00805,120.65442,28.0132,120.654,3,5,86.96263953
54,2365,-27.5725339,-11.53941923,28.018598,120.620672,28.01894,120.59618,-1,4,87.09778502
980,1748,-0.389104911,21.95200716,27.99716,120.67088,27.99958,120.67043,-1,0,87.13298001
50,2775,62.62329977,15.81965522,27.86632,120.78925,27.88321,120.80518,6,77,87.2824292
702,1110,33.33245287,-1.228682937,27.94104,120.72061,27.946867,120.69923,-1,0,87.37290718
2229,2801,-12.52608248,8.585416258,27.99852,120.65649,28.01569,120.65545,3,8,87.37418192
1717,2791,-3.215040286,-36.83108323,27.99375,120.61713,27.99739,120.58551,8,300,87.70314258
1888,2051,64.3753199,9.708399732,27.89882,120.82105,27.91544,120.83871,6,245,87.76937566
542,2556,11.37956896,57.29797518,28.00788,120.70268,28.00322,120.7122,7,245,87.87008925
291,871,-30.82297578,7.546273469,28.023257,120.659016,28.02285,120.64607,3,26,87.8768633
541,1187,10.85649108,-27.28462968,27.96193,120.60948,27.96331,120.66311,-1,48,88.21189683
189,661,7.36413614,36.52625719,27.98396,120.69007,28.00053,120.6999,-1,0,88.23207113
50,2128,61.3212746,17.37638702,27.86632,120.78925,27.8883,120.80901,6,35,88.24476324
1460,2485,-1.374386362,-13.83736652,27.985304,120.632788,27.99123,120.63845,8,84,88.45156044
454,489,2.03686638,20.50047559,27.98,120.66708,27.99167,120.67799,-1,2,88.47022208
1033,2531,-8.185395892,-8.199326808,28.007951,120.626328,27.99591,120.64416,-1,3,88.56803312
521,1515,-13.68824638,15.40058469,27.99979,120.66739,28.01034,120.65781,3,35,88.7442112
1747,2796,36.76527336,20.59260705,27.978667,120.735061,27.97189,120.75195,10,26,88.74975632
90,535,46.90715729,10.07731381,27.96939,120.78179,27.96456,120.79906,2,501,88.84187301
545,1407,15.21541446,-23.32931723,27.96676,120.65937,27.97235,120.62717,-1,2,88.96428331
1221,2827,-39.21778497,-48.44627801,28.074942,120.604791,28.05657,120.60001,-1,326,89.0293923
488,549,15.13344643,45.46334335,28.01171,120.71924,28.00025,120.7286,7,0,89.0501331
836,1093,-15.07013742,-36.01340701,28.02242,120.60801,28.03228,120.58055,-1,2,89.12421444
550,2690,14.16106183,39.28552786,28.0076,120.72365,28.00749,120.70643,7,3,89.23810587
59,2865,65.75124447,4.458022881,27.90238,120.80278,27.90471,120.82127,6,5,89.62554045
971,2243,52.96214859,3.714959307,27.92205,120.80111,27.94879,120.80808,-1,4,89.86146812
501,1904,-10.99919489,31.3547278,28.004176,120.686025,28.01361,120.68305,-1,2,89.9135885
440,1587,-8.399003611,-0.183233477,28.00029,120.64716,28.00917,120.64028,3,0,89.93056294
88,2355,6.348053235,-6.832008302,28.02363,120.66334,28.02099,120.66672,3,18,90.3897757
402,987,-10.06746334,16.93973779,28.01188,120.66205,28.00626,120.66415,3,39,90.58912034
233,2434,36.6218703,-21.89969363,27.9299,120.70635,27.92215,120.70629,3,10,90.6831777
1449,2225,11.19007469,43.12928229,28.01592,120.69364,28.01963,120.71371,7,53,90.87242993
46,961,-39.36209743,-45.22685467,28.04917,120.61056,28.06451,120.58223,-1,3,91.20557207
692,2841,3.629766097,59.39900651,28.00622,120.6991,28.000286,120.70749,7,67,91.22918645
1958,2955,-25.3941607,34.27832028,28.01842,120.65967,28.02188,120.66555,3,131,91.34057824
461,1850,64.70040749,12.12102182,27.8974,120.81737,27.86362,120.81173,6,30,91.38652225
58,477,31.35029864,34.27300258,27.97969,120.74181,27.994763,120.731284,-1,127,91.45602813
2619,2841,13.10724313,31.13257785,27.992814,120.696225,28.000286,120.70749,-1,23,91.47543745
2239,2841,-4.000409026,55.10687969,28.00222,120.68192,28.000286,120.70749,-1,129,91.50160226
1595,2658,-36.10553514,-9.018978899,28.03104,120.63718,28.023438,120.62652,7,11,92.42395456
113,1033,-20.56562765,-7.144915127,28.01211,120.63736,28.007951,120.626328,-1,38,92.44182236
682,2407,-47.91677219,-19.17954231,28.0412,120.629,28.06561,120.63194,7,13,92.82348494
845,1140,-28.97499324,-55.38661396,28.06506,120.57549,28.04193,120.57698,9,67,93.00812296
569,1054,-7.690053999,-8.390117081,28.006636,120.635923,27.99918,120.641648,3,0,93.48822421
3,237,-24.79463085,-50.54634943,28.03927,120.5877,28.023421,120.592786,-1,2,93.77996136
1134,1562,-1.767461426,-37.49627557,27.99644,120.63354,27.99767,120.57531,8,39,93.84020705
115,535,53.41257753,-7.993950087,27.94565,120.83188,27.96456,120.79906,-1,243,93.865541
73,1111,-26.00207491,-3.233110959,28.01003,120.63314,28.02502,120.63963,-1,2,93.91826584
2018,2033,58.77953801,-1.807618739,27.92674,120.82518,27.9196,120.81824,6,34,94.11337078
1054,1731,-7.027354484,-2.684712087,27.99918,120.641648,28.00652,120.64463,3,47,94.12935007
3,1685,-31.32014279,-48.67111975,28.03927,120.5877,28.08692,120.5856,9,61,94.54842155
940,2873,18.29977045,50.73010221,28.00288,120.71024,28.000323,120.727524,7,2,94.9496445
90,2757,47.00363849,10.19191214,27.96939,120.78179,27.95417,120.82421,-1,557,94.97975958
1704,1764,0.805633973,-38.65489269,27.97611,120.56109,27.96875,120.60619,8,0,95.32439094
182,1150,-25.73906282,-16.03275719,28.01939,120.61656,28.00906,120.58854,3,66,95.4512336
1394,2599,-5.309155138,14.5081043,27.99572,120.672658,28.00304,120.66839,-1,4,95.50506833
2331,2362,30.23616012,-24.74348599,27.92645,120.67635,27.92159,120.70412,3,30,95.74874244
814,1435,-42.12426799,-22.80990898,28.06065,120.61145,28.046174,120.636789,7,44,95.86191312
1276,2834,-4.510269957,-34.73067389,28.00066,120.58221,28.00969,120.59728,-1,34,96.15444754
98,2559,-10.40133191,-0.290519425,27.996306,120.644374,28.01104,120.64986,3,24,96.2020193
72,1804,-13.60658596,-19.94346358,27.97367,120.59704,28.00502,120.61628,-1,55,96.33487553
633,1445,17.79304556,26.18440788,27.98491,120.70392,27.99263,120.7145,-1,6,96.48292543
1388,1779,-22.71493883,11.49483252,28.01822,120.64711,28.01179,120.65261,3,81,96.56309132
2,2559,-20.97060636,4.979922011,28.00506,120.63866,28.01104,120.64986,3,30,96.88679745
2208,2746,-36.78878712,-18.25638542,28.047396,120.656783,28.03863,120.61579,7,27,96.97297935
270,368,8.757982798,44.01484308,28.01764,120.68649,28.0175,120.69666,7,2,97.01561779
2294,2890,-46.92768896,3.147821351,28.017358,120.65303,28.02424,120.6348,3,176,97.16660306
1226,1521,-12.09217795,9.405201148,28.01039,120.65256,28.00551,120.66263,3,2,97.2222909
112,1446,-13.39858516,-21.96780401,28.01472,120.61007,27.98015,120.60519,-1,19,97.48684517
464,983,10.03959427,-20.44740449,27.9659,120.64111,27.97699,120.64991,-1,2,97.56598398
321,2592,48.40071431,0.651301599,27.941,120.76821,27.93254,120.82423,-1,29,97.59345794
1528,2467,-37.58634556,-2.299980058,28.01484,120.64575,28.025613,120.638246,-1,17,97.68721412
1424,2292,-18.86975631,-47.02531525,28.02108,120.60101,28.04572,120.58643,-1,42,97.69048744
468,845,-29.45812824,-56.50704465,28.02464,120.59155,28.06506,120.57549,-1,0,97.9219738
1595,2899,-35.59416982,-12.09612502,28.03104,120.63718,28.02802,120.65472,7,0,97.92610995
1717,1765,-2.914161714,-36.79304405,27.99375,120.61713,27.9931,120.58597,8,190,97.95831844
268,916,-25.00639555,29.89048762,28.002086,120.662539,28.01381,120.65692,3,0,98.08299168
2556,2873,19.21743837,55.19120581,28.00322,120.7122,28.000323,120.727524,7,3,98.11570792
291,436,-5.650287671,29.72459751,28.023257,120.659016,28.01004,120.66769,3,32,98.37227436
684,2021,32.75553167,-46.47639709,27.88258,120.62827,27.92043,120.68424,3,0,98.68819781
98,669,-7.60912965,-3.449452423,27.996306,120.644374,28.01255,120.63174,-1,42,98.75170352
2386,2632,14.21680652,51.09692595,28.01849,120.70996,28.0072,120.71529,7,232,99.14312152
208,549,17.04459108,45.49841042,28.00568,120.7226,28.00025,120.7286,7,26,99.57518867
375,2239,5.609431743,26.59558838,28.00026,120.68107,28.00222,120.68192,4,58,99.73739835
292,2952,-24.28317714,41.83476394,28.02857,120.65898,28.021681,120.670423,-1,85,100.1759081
1296,1970,62.76636314,23.13147396,27.89897,120.79855,27.87,120.788,6,5,100.2061624
1049,1249,-18.40167226,6.735112628,28.00814,120.66242,28.00533,120.6479,3,59,100.3160921
317,919,-11.6292618,21.67484528,28.01994,120.655,28.01517,120.66789,3,37,100.6300458
919,2955,-13.7047362,23.19210665,28.01517,120.66789,28.02188,120.66555,3,54,100.6650559
1129,1440,50.60331563,3.353889565,27.91593,120.8267,27.92653,120.78661,6,151,101.0717398
243,1286,-35.20147735,23.44420927,28.000291,120.647161,28.01117,120.65006,3,0,101.2156564
1022,1341,21.0201607,42.1274129,27.99539,120.7173,27.9986,120.70953,7,90,101.3146989
17,828,15.68586223,1.764298664,27.97886,120.67718,27.96168,120.677789,5,14,101.4690338
214,876,-26.22734826,-5.31902653,28.01125,120.625528,28.01851,120.63892,-1,15,101.5880544
2617,2952,-13.6994031,25.17453399,28.02136,120.65561,28.021681,120.670423,3,5,101.7717121
937,1302,47.32956917,10.93288303,27.94444,120.83533,27.96848,120.78369,-1,176,101.8354597
819,2713,53.60503625,3.422968638,27.91736,120.79806,27.9236,120.82555,6,73,101.8911023
883,2225,28.77850805,33.4303779,27.99238,120.73064,28.01963,120.71371,7,33,102.1221634
614,1388,-34.03661706,15.83462667,28.0124,120.65063,28.01822,120.64711,3,7,102.1523714
566,694,-6.917886024,25.36980643,28.0085,120.68531,28.015,120.686,-1,17,102.1631287
1963,2622,-48.54115345,-13.20637024,28.050194,120.692298,28.0547,120.64565,7,0,102.5262571
1053,1865,26.09773265,29.99604124,27.99068,120.7167,27.97506,120.73909,-1,89,102.5977111
2239,2359,11.87666141,33.70742987,28.00222,120.68192,28.00191,120.70463,-1,27,102.8614478
1054,1502,-6.249937088,-6.644169451,27.99918,120.641648,27.991292,120.664871,-1,20,103.1617568
436,529,-7.972055728,21.66944734,28.01004,120.66769,28.01174,120.68077,3,16,103.3362359
1293,2496,47.32527762,2.861762089,27.93743,120.83414,27.94412,120.76969,-1,21,103.4736446
318,1783,7.544793725,-10.57517212,27.97271,120.64743,27.96607,120.65206,5,2,103.9269062
267,1983,69.77420767,10.85097644,27.87206,120.80251,27.88689,120.80628,6,290,103.9637448
1448,1865,21.62588,34.3474995,27.99567,120.715,27.97506,120.73909,-1,78,103.971443
491,1347,-19.00396843,5.143129948,28.014866,120.661141,28.01058,120.65406,3,98,104.0035205
359,954,-14.58641569,15.85593393,28.0113,120.6614,28.018214,120.672196,3,13,104.0930217
949,1429,-17.8113125,-47.75365505,28.042263,120.582178,28.019912,120.604277,-1,2,104.2405181
365,2703,13.19802012,5.857264146,27.98328,120.65734,27.99103,120.63464,-1,20,104.2663737
2282,2693,18.86893385,26.11551823,27.99125,120.69051,27.989197,120.703236,-1,26,104.5899331
912,952,31.58313737,22.29311605,27.98324,120.72334,27.97169,120.76145,10,0,104.8609555
378,799,50.56962082,0.619958916,27.96458,120.79525,27.93368,120.81563,-1,19,105.2693998
243,2452,-26.76701907,28.13306871,28.000291,120.647161,28.0105,120.66068,3,35,105.2891553
364,817,-10.12090151,-38.79727947,28.01704,120.5833,28.02382,120.58085,9,9,105.4791443
828,956,17.46592349,-6.25762906,27.96168,120.677789,27.97159,120.65547,5,2,105.715783
76,430,12.02963297,32.08713688,27.99619,120.71034,28.00437,120.69558,7,22,105.7732852
184,2929,-43.16288028,9.684465025,28.02537,120.66038,28.026713,120.658442,7,109,105.7856172
1430,2496,36.41475769,-4.068263051,27.9498,120.72544,27.94412,120.76969,10,0,105.9265772
1286,2258,-19.68631497,9.827723921,28.01117,120.65006,28.01658,120.65764,3,5,106.0259319
1584,1834,66.26404035,11.37077994,27.89209,120.81396,27.87957,120.7999,6,99,106.0493759
76,2169,3.521164163,59.13717592,27.99619,120.71034,28.002851,120.698951,7,109,106.3150486
54,1415,-25.05058871,2.945714851,28.018598,120.620672,28.01447,120.64201,-1,11,106.3200364
188,370,12.38925857,-20.93208025,27.97988,120.63103,27.95455,120.65292,-1,15,106.4575103
305,662,-30.88773897,16.38455815,28.008511,120.618079,28.011023,120.643553,-1,0,106.7225476
1290,2675,11.09526663,33.63448711,28.003203,120.691994,28.0028,120.699,7,12,107.1096876
911,2279,17.474581,25.77948275,27.96141,120.73461,27.98388,120.70501,-1,4,107.4980111
281,2028,51.48217214,2.55174236,27.94397,120.77876,27.92122,120.80887,-1,120,107.780525
1388,1949,-33.47926457,4.662239076,28.01822,120.64711,28.02608,120.646,-1,2,108.4308571
916,1803,-21.66123782,22.70515666,28.01381,120.65692,28.01235,120.66512,3,41,108.5815245
987,2229,-8.849768365,15.02926543,28.00626,120.66415,27.99852,120.65649,3,3,108.5896043
1160,2294,-14.39338956,17.90531462,28.01525,120.66252,28.017358,120.65303,3,18,108.7158084
59,2138,62.97510666,23.69254292,27.90238,120.80278,27.87481,120.78795,6,432,108.9485282
541,2059,13.54922095,-35.94740097,27.96193,120.60948,27.987233,120.614505,-1,2,109.3920371
1005,1502,-4.678311603,6.50889152,28.00628,120.65332,27.991292,120.664871,-1,4,109.5985812
2342,2637,37.86378965,23.50651939,27.96902,120.74658,27.99476,120.73128,-1,19,109.7739123
545,1102,12.39462015,-11.16532033,27.96676,120.65937,27.95246,120.64545,5,4,109.8391268
481,950,-27.02857338,-55.48544231,28.00644,120.59212,27.98069,120.61263,-1,40,110.4952863
1298,1492,-31.13298746,-3.803945236,28.01943,120.636564,28.02508,120.63816,-1,20,110.588982
1415,1889,-25.99797373,2.777670424,28.01447,120.64201,28.01442,120.65841,3,13,110.6199111
1321,2693,16.59478072,28.48311567,27.99863,120.68954,27.989197,120.703236,-1,6,110.7710887
464,818,13.27377148,-22.17728539,27.9659,120.64111,27.94749,120.64401,-1,0,110.799996
291,1415,-27.32933712,-5.059017767,28.023257,120.659016,28.01447,120.64201,3,17,110.8458677
1317,1427,23.97151557,32.83921892,27.995577,120.71498,27.98011,120.74983,-1,62,110.945253
1651,2841,14.83895185,32.63585816,27.97707,120.74717,28.000286,120.70749,-1,0,111.2440943
108,2094,0.458816623,-35.11389978,27.98228,120.5774,27.992,120.60987,8,26,111.3279011
436,1394,-6.842907221,21.09679561,28.01004,120.66769,27.99572,120.672658,-1,3,111.4599791
17,773,-6.639100823,43.5046102,27.97886,120.67718,27.989406,120.673557,-1,0,111.803637
1052,2451,30.70754687,34.16467338,27.97486,120.72843,28.01596,120.72171,-1,4,112.6976914
943,2663,29.55119645,36.304779,27.98369,120.71502,27.99627,120.72691,7,248,113.3914016
468,729,-15.82573718,-34.87004288,28.02464,120.59155,28.02336,120.60588,3,19,113.4373142
259,2486,-68.67213471,9.732453994,28.05022,120.66531,28.04854,120.66293,7,7480,113.5007112
11,279,45.94338825,35.48583207,27.99544,120.72251,27.98465,120.73383,-1,362,113.6124767
344,2778,-6.827605124,-3.38803455,27.99981,120.62687,27.99859,120.64039,3,6,113.6420122
113,1596,-24.01870728,-3.594918897,28.01211,120.63736,28.027266,120.655901,-1,2,113.7139345
1116,1706,35.63104453,-23.1889937,27.92366,120.70449,27.9208,120.70586,3,19,114.0629105
35,2602,-29.61702162,-57.95487032,28.06905,120.57281,28.041463,120.586511,9,318,114.3260316
113,2024,-23.40456446,2.921049324,28.01211,120.63736,28.01102,120.64355,3,40,114.343976
178,2893,-27.03135281,7.041366708,28.01444,120.65108,28.01724,120.64719,3,8,114.5241898
3,364,-17.22457525,-44.98893243,28.03927,120.5877,28.01704,120.5833,9,15,114.7000356
84,1149,-11.92881672,28.96695895,28.01988,120.68913,28.02051,120.67683,-1,57,115.0945353
310,1286,-16.47150991,16.10989194,28.01428,120.65834,28.01117,120.65006,3,38,115.3831978
112,468,-16.62294736,-18.87734333,28.01472,120.61007,28.02464,120.59155,3,6,115.410683
893,2010,-4.408456722,17.09113328,28.00209,120.66254,27.99742,120.68104,-1,19,115.5331576
371,1509,54.17952375,-0.377366854,27.93031,120.80753,27.9249,120.82617,6,40,115.7811929
1005,1528,-26.07055707,4.528025502,28.00628,120.65332,28.01484,120.64575,3,13,115.8070991
214,1273,-24.01467647,-11.29852961,28.01125,120.625528,28.02347,120.61544,-1,91,115.895895
956,1102,11.30821124,-11.98671051,27.97159,120.65547,27.95246,120.64545,5,0,116.1809324
143,1807,-40.08754188,-17.51720542,28.04546,120.65895,28.040568,120.63282,7,135,116.1979632
943,1806,27.83838216,26.59015444,27.98369,120.71502,27.971111,120.759166,-1,13,116.2253023
545,1496,27.44292305,7.646088303,27.96676,120.65937,27.97767,120.70127,-1,29,116.4515878
502,649,7.933068833,-9.667929384,27.975415,120.651576,27.981943,120.645555,5,93,117.2620223
130,534,29.32609728,-43.01647192,27.90369,120.65562,27.93767,120.66978,-1,2,117.4034465
927,2232,11.19271655,33.15677002,27.99224,120.72085,27.99607,120.71016,7,15,117.6317765
310,1958,-14.61672292,17.66514851,28.01428,120.65834,28.01842,120.65967,3,42,117.8749617
2028,2933,52.40675701,0.736265698,27.92122,120.80887,27.93377,120.80323,6,10,118.0319857
357,468,-13.05693725,-50.50360639,28.03643,120.57447,28.02464,120.59155,-1,158,118.3596728
1723,2427,-5.707430116,27.87505311,28.01437,120.67295,28.0086,120.6772,-1,140,118.3686071
421,869,49.64742773,3.694033565,27.91626,120.8268,27.94864,120.77547,-1,85,118.670259
464,1749,14.39722671,-25.59082641,27.9659,120.64111,27.97581,120.57281,8,29,118.6753284
883,1511,30.15640754,32.88677521,27.99238,120.73064,27.97302,120.73654,-1,157,118.700848
42,758,3.083723098,25.22711662,28.0014,120.65569,27.99542,120.68153,-1,3,119.2744268
1191,1871,2.663316828,-4.134155642,27.95227,120.64535,27.96874,120.65488,5,11,119.2875793
291,402,-25.93132733,26.65760022,28.023257,120.659016,28.01188,120.66205,3,153,119.3366536
415,1005,-46.1991482,25.24132912,28.01975,120.65219,28.00628,120.65332,3,438,119.516562
1899,2396,-36.08983108,-22.36969859,28.06248,120.60338,28.03985,120.62173,-1,3,119.5197041
508,2921,-44.39128744,-16.63075956,28.04337,120.65572,28.04626,120.62812,7,3,119.5363788
659,1885,11.83636499,-26.84290823,27.98025,120.58452,27.96887,120.61609,8,25,120.0327736
999,1870,-5.222816415,5.41121467,27.95989,120.64875,27.99576,120.6574,-1,34,120.1569484
1433,1593,-29.23014783,9.290636643,28.015196,120.648057,28.02516,120.64698,-1,66,120.4104306
814,1221,-44.55522038,-49.58234467,28.06065,120.61145,28.074942,120.604791,-1,0,120.5606345
68,803,-35.88739388,-22.03411245,28.02467,120.61708,28.02715,120.65114,-1,19,120.752892
1022,1874,31.96190395,30.33090849,27.99539,120.7173,27.98621,120.73466,-1,77,120.7567124
191,2176,6.675266925,-6.813669851,27.96628,120.68116,27.95843,120.65338,5,4,120.7675816
534,1123,19.79856869,-20.83141975,27.93767,120.66978,27.96552,120.64757,5,0,120.8835107
1502,2848,2.6599775,11.34240627,27.991292,120.664871,27.965369,120.686131,-1,28,121.4091011
919,1347,-10.47785752,21.8015435,28.01517,120.66789,28.01058,120.65406,3,2,121.5000646
1852,2592,56.98246062,-5.669788788,27.96059,120.7497,27.93254,120.82423,-1,42,122.1384162
292,424,-40.09199756,8.711111281,28.02857,120.65898,28.025412,120.669507,-1,137,122.1857324
382,1286,-27.47662887,17.81316642,28.01967,120.6623,28.01117,120.65006,3,155,122.2013504
1646,2189,-57.06199424,1.77327466,28.03083,120.63755,28.01722,120.63141,-1,92,122.3444055
1724,2239,-3.733080938,55.02929786,28.00258,120.70728,28.00222,120.68192,-1,6,122.9090241
1653,1938,-28.88438517,11.11159314,28.00714,120.65555,28.01832,120.65141,3,2,123.3301034
1723,2460,-11.81560253,21.92008543,28.01437,120.67295,28.021791,120.665431,3,35,123.5426975
1103,1187,15.51778458,-23.23472147,27.97694,120.62826,27.96331,120.66311,-1,91,123.6690262
389,1398,-14.49703331,-20.30647336,28.01058,120.62116,28.02438,120.60303,-1,3,123.697893
1480,1519,38.02346301,11.5805579,27.96194,120.78881,27.97433,120.75966,-1,3,124.3007959
872,2224,2.32611613,-0.283297257,27.98477,120.64882,27.98445,120.67253,-1,0,124.3415816
1005,2220,-30.0129085,31.5410419,28.00628,120.65332,28.00312,120.65703,3,168,124.4236306
307,1162,-20.50095658,20.61576891,28.01573,120.65876,28.01597,120.66415,3,47,124.6228513
1433,2287,-7.71973273,-3.720125391,28.015196,120.648057,28.002169,120.645773,3,76,124.6987918
722,2033,54.78562764,2.602727244,27.92889,120.82314,27.9196,120.81824,6,7,125.1558914
300,911,40.26839534,6.819557478,27.9685,120.75992,27.96141,120.73461,10,142,125.3143984
1054,2229,-6.578328454,-7.400576784,27.99918,120.641648,27.99852,120.65649,3,35,125.3627491
11,2154,32.17561851,23.16925168,27.99544,120.72251,27.96748,120.75293,-1,2,125.4486708
803,1298,-48.22906317,2.406960303,28.02715,120.65114,28.01943,120.636564,-1,3,126.2587837
1904,2694,7.329328823,50.22663707,28.01361,120.68305,28.00118,120.70197,7,40,126.2761153
74,77,-10.98949776,8.798538675,28.00263,120.65852,28.00743,120.64853,3,16,126.3432222
401,1950,23.78453735,32.90009017,27.994305,120.719787,27.99139,120.71952,7,0,126.890858
1089,2568,-14.78050535,-45.68575865,28.02804,120.57818,28.04901,120.58582,9,48,126.9044423
1994,2870,0.280787446,12.92875037,27.992378,120.669665,27.993073,120.660361,4,76,127.08673
573,1373,-12.03561612,34.89760344,28.014374,120.672952,28.01793,120.66445,3,172,127.1575303
909,2366,10.65095622,-28.17733676,27.95992,120.64877,27.97973,120.67677,5,0,127.7080927
42,844,-5.119907814,1.730076609,28.0014,120.65569,28.00813,120.67287,3,3,127.7457602
619,1926,-21.68909001,23.17087719,28.01319,120.65921,28.01239,120.67322,3,14,127.9215123
4,1961,-1.731735094,-26.26723828,27.98663,120.61963,27.98795,120.62329,8,2067,127.9248451
1152,2452,-19.39486298,17.0844987,28.013647,120.656985,28.0105,120.66068,3,0,127.9743712
1184,2224,5.618297102,11.58019829,27.982012,120.645724,27.98445,120.67253,-1,5,127.9850859
1542,2662,15.55180776,34.03624218,27.99711,120.71331,27.9944,120.7017,-1,2,128.042207
2303,2592,58.14588238,-12.93903495,27.90821,120.80227,27.93254,120.82423,6,390,128.1086968
748,2824,35.23173255,-19.65916231,27.9266,120.711,27.92444,120.70304,3,11,128.3048399
1302,2028,50.91814023,1.444735537,27.96848,120.78369,27.92122,120.80887,-1,25,128.404882
292,2092,-38.5585715,7.969496374,28.02857,120.65898,28.0195,120.63455,-1,91,128.7890597
403,545,26.76808479,6.111567977,27.98093,120.71034,27.96676,120.65937,-1,0,129.1037597
653,1089,-15.3974424,-47.60213267,28.03924,120.56603,28.02804,120.57818,9,36,129.6863281
22,1129,58.12887615,0.793938245,27.921557,120.82208,27.91593,120.8267,6,0,130.0303505
1178,2001,10.26894714,34.51167103,27.99689,120.69531,28.00031,120.69867,-1,27,130.0391036
54,68,-45.24881484,-8.174436999,28.018598,120.620672,28.02467,120.61708,-1,54,130.8069076
54,387,-27.59936334,-11.2114448,28.018598,120.620672,28.0246,120.58292,-1,10,130.8424259
142,814,-45.21662678,-47.77618879,28.07201,120.60483,28.06065,120.61145,-1,2791,130.9032784
1700,2471,-10.21698997,14.74032807,28.01007,120.66068,28.00877,120.66836,3,12,131.2479824
749,1625,50.96945955,2.422128191,27.9345,120.76993,27.91671,120.81301,-1,12,131.3202467
457,1149,-12.63313799,23.72035852,28.01851,120.70462,28.02051,120.67683,-1,2,131.4197201
422,717,14.11263001,37.27722758,28.00525,120.70299,28.00547,120.71099,7,6,131.474209
27,1742,9.137619415,64.23775439,28.00949,120.71444,28.010383,120.6909,7,28,131.474209
1870,2127,4.693268088,11.52683698,27.99576,120.6574,27.98869,120.6726,-1,4,131.6605682
17,405,13.41574647,17.17728333,27.97886,120.67718,27.989232,120.680662,-1,4,131.7863489
1713,2914,-28.56247378,-7.681551188,28.01567,120.62619,28.01922,120.64427,-1,0,132.7558463
1217,2053,-44.86588655,-0.110487975,28.02385,120.64132,28.01003,120.63016,-1,2,133.0557833
387,961,-29.73382778,-52.72179939,28.0246,120.58292,28.06451,120.58223,9,22,133.7185309
883,1682,29.07383315,33.13518304,27.99238,120.73064,27.96568,120.73665,-1,107,133.8203208
405,1321,5.117114525,28.2920052,27.989232,120.680662,27.99863,120.68954,4,0,134.1694847
795,2063,31.03616274,-40.62595792,27.91839,120.66065,27.90108,120.68568,3,2,134.3931804
138,629,-64.17721315,17.1497908,28.04427,120.69476,28.0608,120.676028,7,5,134.5911251
42,1388,-26.93031084,4.202858226,28.0014,120.65569,28.01822,120.64711,3,0,134.9609293
1380,2736,5.730577503,28.44191415,28.00675,120.68244,28.008768,120.696683,-1,2,135.0828516
1689,2493,-28.34905879,6.193910448,28.02095,120.64389,28.01736,120.65303,3,26,135.1196026
1469,2028,52.0935358,0.439779986,27.93568,120.7957,27.92122,120.80887,6,50,135.2322581
669,1286,-23.75884453,5.651254188,28.01255,120.63174,28.01117,120.65006,-1,0,135.2486938
1,477,32.59482528,22.78878996,27.97014,120.75603,27.994763,120.731284,-1,4,135.5221615
1134,2614,-10.72169123,-9.60417364,27.99644,120.63354,28.01688,120.6293,-1,5,135.6143402
1717,1901,-2.797465414,-40.09565259,27.99375,120.61713,28.00515,120.56955,8,32,135.7944357
2745,2899,-35.00155316,5.940055444,28.02921,120.62987,28.02802,120.65472,7,5,135.9369527
845,2575,-29.92724209,-52.99181096,28.06506,120.57549,28.02926,120.59028,9,4,136.6267388
1129,1584,61.48427258,10.01245524,27.91593,120.8267,27.89209,120.81396,6,38,136.743717
1347,2897,-18.72016636,5.614175617,28.01058,120.65406,28.01385,120.66008,3,15,136.9193585
659,2290,-5.074735935,-35.58357414,27.98025,120.58452,28.01109,120.5954,-1,0,137.082618
57,1503,-12.910227,-21.36385191,28.00954,120.61511,28.0363,120.5857,-1,39,137.1154641
361,409,70.46149751,-10.40492696,27.95277,120.79908,27.95855,120.75661,-1,13,137.4464964
850,1470,3.336133838,15.37911738,27.99186,120.67498,27.97225,120.68006,-1,13,137.6508787
369,971,58.92214749,-3.023361424,27.9277,120.83323,27.92205,120.80111,6,163,137.7659302
48,2616,13.59917745,50.70048396,28.01947,120.67661,28.018222,120.70197,-1,0,138.2970189
1613,2232,9.303265047,52.46894432,28.00291,120.69868,27.99607,120.71016,7,0,139.0231517
1429,1736,-30.01471549,-20.61304488,28.019912,120.604277,28.029592,120.6244,-1,40,139.4007009
868,1322,10.28519099,30.77424525,28.01279,120.66871,28.00798,120.69032,-1,6,139.4809801
73,2281,-21.27625848,-4.434972572,28.01003,120.63314,28.00143,120.63625,3,41,139.7168201
1699,1939,6.357984552,18.67549055,27.97659,120.67899,28.00197,120.68016,-1,43,140.071762
515,2248,17.76715443,2.18413273,27.96781,120.62801,27.97512,120.69186,-1,61,140.5831583
291,644,-38.83628744,38.13572868,28.023257,120.659016,28.01278,120.65944,3,221,140.6631138
42,2255,3.553839604,24.6931774,28.0014,120.65569,27.99861,120.67972,-1,2,140.6919387
545,1191,12.16975937,-9.501758492,27.96676,120.65937,27.95227,120.64535,5,0,140.7817725
2076,2094,-2.889091326,-42.55460415,27.99335,120.57729,27.992,120.60987,8,72,140.9018032
1582,2180,2.068893168,1.311026069,27.96936,120.67444,27.98333,120.65125,5,31,141.37475
570,2602,-29.61229542,-51.43907886,28.0722,120.5703,28.041463,120.586511,9,33,141.9632767
1082,1428,-29.59335673,2.488261319,28.016688,120.655528,28.02259,120.62662,-1,23,142.087955
1129,2537,52.11218438,3.305463471,27.91593,120.8267,27.92328,120.80462,6,71,142.3021392
312,2142,13.9138475,4.538271936,27.97483,120.67456,27.98684,120.71242,-1,24,142.3354196
1433,1713,-27.20216557,-8.082522732,28.015196,120.648057,28.01567,120.62619,-1,101,142.3679621
1021,2228,17.7809927,-33.75690489,27.96668,120.62461,27.94986,120.5872,-1,53,142.6985627
1457,1622,6.12540003,28.01923433,27.99566,120.715,28.00126,120.6875,-1,44,142.8577587
633,2802,32.32484324,27.92759231,27.98491,120.70392,27.98055,120.72944,-1,7,143.1827205
724,2190,0.520414525,-0.945436597,27.99279,120.64931,27.98235,120.67423,-1,0,143.7581872
1054,2053,-9.477719482,-10.8026714,27.99918,120.641648,28.01003,120.63016,-1,400,143.9668246
1723,1994,-6.430148923,21.11011945,28.01437,120.67295,27.992378,120.669665,-1,20,144.051085
954,1342,-12.03950492,24.73230235,28.018214,120.672196,28.00491,120.67627,-1,2,144.0822348
389,2344,-7.259172725,-6.803005781,28.01058,120.62116,28.000843,120.64058,-1,30,144.2443534
270,568,-12.62245326,33.23199043,28.01764,120.68649,28.017992,120.701917,7,299,144.3579651
1840,2574,-5.202919854,5.571885255,27.9981,120.6541,27.99428,120.66013,-1,83,145.201667
1679,2750,14.96768439,35.41737768,27.99338,120.70875,28.00455,120.70115,7,0,145.5970276
1082,1478,-31.59959537,9.973953182,28.016688,120.655528,28.02333,120.63639,-1,0,146.2456655
81,608,11.166687,30.81480792,28.003179,120.699031,27.99367,120.69233,-1,2,146.892986
2433,2744,-18.43368256,7.704182934,28.02202,120.66394,28.0132,120.654,3,18,147.7554923
2180,2543,10.93199059,6.225555635,27.98333,120.65125,27.978448,120.671401,5,85,148.1173578
149,1388,-28.51603908,12.53562831,28.01646,120.65935,28.01822,120.64711,3,10,148.8042514
291,2230,-9.269174389,24.03012412,28.023257,120.659016,28.01549,120.67049,3,32,148.9063398
1286,2323,-33.99106881,4.249118257,28.01117,120.65006,28.02463,120.6447,-1,49,149.3771642
2061,2611,2.441904313,22.45583034,27.98839,120.68338,27.995832,120.677166,4,19,149.4485037
292,2189,-40.73429743,9.116304521,28.02857,120.65898,28.01722,120.63141,-1,52,149.472593
1448,1799,13.86620555,30.94335474,27.99567,120.715,27.99461,120.68409,-1,2,149.5724536
1178,2080,-0.122616982,19.47544266,27.99689,120.69531,27.994449,120.671107,4,9,151.149196
1970,1983,61.80731902,19.66081845,27.87,120.788,27.88689,120.80628,6,400,151.6693133
1590,2086,-13.48551973,-50.42186834,28.02239,120.59436,28.03771,120.57585,-1,17,151.777289
552,2835,39.39019559,12.32107666,27.96536,120.74141,27.94411,120.78597,-1,0,151.8596907
868,970,-8.877812504,22.76969173,28.01279,120.66871,28.014998,120.674961,3,14,152.1317755
19,1840,-4.870367485,4.697692563,27.98443,120.66958,27.9981,120.6541,-1,6,153.6240736
332,405,7.809558722,26.77630302,28.00341,120.68731,27.989232,120.680662,4,93,153.8230015
1950,2408,30.80670894,21.75463019,27.99139,120.71952,27.97638,120.75557,-1,15,154.4660948
59,2649,65.31268163,11.13387097,27.90238,120.80278,27.88565,120.80804,6,121,154.8797736
48,2617,-16.83414048,21.64778233,28.01947,120.67661,28.02136,120.65561,3,69,155.0807076
1094,2847,-19.22313761,-45.88081302,28.01845,120.59962,28.041041,120.588459,-1,23,155.7273144
181,2149,23.05578794,8.510704544,27.97517,120.69185,27.98472,120.69611,-1,1097,155.8741912
845,2760,-28.56761424,-55.39435955,28.06506,120.57549,28.093393,120.555994,9,2,157.2178168
490,1528,-24.37988238,0.509631652,28.00307,120.6298,28.01484,120.64575,3,2,157.2900088
292,1762,-39.22624442,7.421158249,28.02857,120.65898,28.025331,120.668354,-1,80,157.728781
606,1152,-20.38320525,4.282877772,28.004829,120.6409,28.013647,120.656985,3,2,157.8238838
178,1145,-33.84605014,9.675163176,28.01444,120.65108,28.024208,120.653538,-1,55,158.4273513
770,2123,30.92780052,-35.1017522,27.921591,120.704296,27.92383,120.67387,3,0,158.4493906
1342,1724,6.429632283,28.09948673,28.00491,120.67627,28.00258,120.70728,-1,28,158.8385051
609,2656,-37.77923253,9.516933131,28.02096,120.62016,28.024797,120.649708,-1,209,159.3564639
1152,2767,-18.81100753,6.161425225,28.013647,120.656985,28.00293,120.64916,3,97,159.3751668
803,2952,-38.75026612,5.815180821,28.02715,120.65114,28.021681,120.670423,-1,8,159.4120641
109,2688,-37.38965286,-30.16260157,28.03316,120.59087,28.04277,120.62428,-1,7,159.7872669
1799,2232,13.83645887,31.22998039,27.99461,120.68409,27.99607,120.71016,-1,23,159.9898679
54,1605,-25.30493483,-4.187449088,28.018598,120.620672,28.01353,120.6398,-1,27,160.5411417
446,2402,-1.749652137,-44.95351732,27.98581,120.61459,27.996821,120.606522,8,75,160.6504973
758,2742,-0.608275202,30.78541891,27.99542,120.68153,27.99959,120.67971,4,87,161.5710586
1187,1394,-4.00070609,19.86485011,27.96331,120.66311,27.99572,120.672658,-1,20,161.6208343
245,1848,15.23673634,-7.244983242,27.9517,120.6639,27.96164,120.66747,5,4,162.0577124
278,2232,10.67998542,38.12391521,28.00309,120.69882,27.99607,120.71016,7,7,162.2380084
487,2229,2.850712937,14.03381297,27.98776,120.67428,27.99852,120.65649,-1,68,163.0006052
1838,2080,-0.119171762,12.98991731,27.992551,120.66046,27.994449,120.671107,4,3,163.0047673
149,1478,-28.58076565,-0.938888541,28.01646,120.65935,28.02333,120.63639,-1,23,163.2012937
943,2408,26.66672351,26.24841319,27.98369,120.71502,27.97638,120.75557,-1,32,163.982424
1049,1082,-24.8170328,14.6206364,28.00814,120.66242,28.016688,120.655528,3,23,164.1147909
515,2405,11.93270132,-26.09559615,27.96781,120.62801,27.96984,120.68551,-1,4,164.3619716
1218,2835,51.36401677,4.318760718,27.91539,120.8198,27.94411,120.78597,-1,52,165.0644609
1534,1939,-10.50456711,26.35639029,28.017189,120.678534,28.00197,120.68016,-1,11,165.2945269
958,1474,-17.23642517,-50.46390277,28.04944,120.58116,28.02436,120.58545,9,92,165.7989313
878,1047,10.43197169,31.45384278,28.000355,120.697765,28.00475,120.69418,7,38,165.9781897
133,2366,17.29884369,-0.982314542,27.9535,120.69621,27.97973,120.67677,5,0,166.4105746
2254,2422,62.86689648,-9.235659658,27.923401,120.816621,27.93079,120.82979,6,3,167.20137
468,609,-13.84665176,-38.1341658,28.02464,120.59155,28.02096,120.62016,3,48,167.8094789
4,672,2.092478129,-27.8371616,27.98663,120.61963,27.96719,120.59359,8,15,168.4609234
1939,2841,-4.018552887,55.34719339,28.00197,120.68016,28.000286,120.70749,-1,317,168.7888959
1549,1582,18.07470546,27.32672902,27.98966,120.70619,27.96936,120.67444,-1,41,169.0670711
709,759,34.36346568,25.489604,27.97153,120.73361,27.97238,120.74249,10,59,169.4223868
202,2428,-11.24599853,11.70440003,28.0087,120.65515,27.98819,120.6531,-1,21,169.574729
1021,2901,12.79937073,-27.27514994,27.96668,120.62461,27.97339,120.7071,-1,2,170.0101103
857,2793,44.82673662,3.718191864,27.93632,120.80777,27.96841,120.73048,-1,0,170.5357841
2379,2686,-48.19474296,-13.26646546,28.04982,120.6511,28.0508,120.683,7,72,170.6557865
1129,1989,55.80414924,2.539688021,27.91593,120.8267,27.93336,120.81773,6,142,171.2182751
1713,2778,-9.402498017,-10.33890882,28.01567,120.62619,27.99859,120.64039,-1,44,171.4266447
1101,1682,42.50127036,3.71983216,28.008865,120.778256,27.96568,120.73665,-1,3,171.6379902
332,1255,-5.649554818,34.5004963,28.00341,120.68731,27.9997,120.67055,-1,203,172.0198877
19,660,-3.627692257,12.53151358,27.98443,120.66958,27.99791,120.66801,-1,54,172.0566544
105,2299,3.995337236,-57.42623805,27.9972,120.56436,28.00512,120.57293,8,314,172.8827324
1308,2611,-4.396472597,43.76894106,27.98404,120.68203,27.995832,120.677166,4,55,173.9110224
260,515,9.490954188,-25.94553669,27.970062,120.58163,27.96781,120.62801,8,12,174.3357211
301,1166,19.36629711,-34.47860646,27.93112,120.5882,27.95794,120.60138,10,0,174.525965
1688,2567,1.741174612,0.465837437,27.983768,120.665796,27.992138,120.656444,4,15,174.8511845
1453,2263,-11.51058231,14.37226578,27.99832,120.6366,28.00726,120.65848,3,17,175.0064984
2366,2533,14.23730031,6.331991359,27.97973,120.67677,27.98533,120.68503,-1,6,175.0082838
171,2428,-9.618813019,-11.68360755,28.00072,120.63977,27.98819,120.6531,-1,100,175.9076598
687,1321,5.351428552,35.54112831,28.006318,120.696659,27.99863,120.68954,-1,58,176.4412158
14,1606,-17.18360888,27.82998287,28.02496,120.66541,28.01492,120.67488,3,20,176.9265447
2164,2567,0.707884494,7.749727647,28.01286,120.66582,27.992138,120.656444,-1,13,177.1138916
48,1596,-36.96180661,7.863524612,28.01947,120.67661,28.027266,120.655901,-1,46,177.2452025
189,1939,5.998367555,26.44460282,27.98396,120.69007,28.00197,120.68016,4,2,177.9707907
1622,2232,-1.313109202,52.20061444,28.00126,120.6875,27.99607,120.71016,-1,5,178.3311032
458,2021,32.24762462,-46.44419448,27.87682,120.64507,27.92043,120.68424,3,2,178.405872
1634,1823,-16.93234233,-50.4314345,28.04413,120.57523,28.037123,120.578514,9,0,178.9922655
372,2428,6.737181747,25.07878269,27.99629,120.68028,27.98819,120.6531,-1,10,179.1382149
1227,2496,46.27925865,1.418355034,27.93314,120.80285,27.94412,120.76969,-1,83,180.6481194
155,442,60.75529924,8.974853854,27.90066,120.82456,27.92124,120.83163,6,28,180.9306336
1840,2294,-7.025253758,4.979582123,27.9981,120.6541,28.017358,120.65303,3,17,180.9521677
2190,2540,5.826934148,11.12259202,27.98235,120.67423,27.991878,120.694119,-1,2,181.0397258
1321,2354,11.8674766,26.39951828,27.99863,120.68954,28.005487,120.689347,4,0,182.4690102
54,2938,-26.84472511,-13.71159938,28.018598,120.620672,28.02158,120.59654,-1,0,182.4935742
384,1987,-21.34318046,-4.166973325,28.01405,120.63301,28.007234,120.633055,-1,81,182.6746291
845,1560,-29.74169282,-53.81322745,28.06506,120.57549,28.034241,120.588717,9,24,183.9346147
758,1790,-2.873751076,31.28911963,27.99542,120.68153,28.00243,120.67766,4,62,184.3959451
705,2788,0.054997264,-14.4161799,28.00227,120.63088,27.96243,120.65546,-1,2,184.4181433
467,2519,9.379066741,35.90340747,28.012398,120.68848,27.99715,120.70087,7,2,184.5986203
409,2757,49.61584729,-1.148861448,27.95855,120.75661,27.95417,120.82421,-1,23,184.6010855
15,2141,-2.858653468,-12.95229856,27.97664,120.63227,27.995992,120.636008,8,10,185.5479126
405,590,12.30242502,18.12221751,27.989232,120.680662,27.98463,120.68406,4,188,186.1344007
115,1709,33.46836263,21.06584291,27.94565,120.83188,27.97034,120.76311,-1,40,186.1459317
546,1563,31.91926201,-33.5346089,27.92076,120.68433,27.92204,120.69661,3,36,186.2669572
1308,2239,6.926120794,26.65621512,27.98404,120.68203,28.00222,120.68192,4,9,186.7751957
1549,1746,19.69303617,32.56557438,27.98966,120.70619,27.99484,120.70984,7,77,186.9058034
54,1590,-15.24682215,-38.18646483,28.018598,120.620672,28.02239,120.59436,-1,0,187.8532845
11,2796,37.29340547,20.14430404,27.99544,120.72251,27.97189,120.75195,-1,0,188.1991729
312,633,17.49686582,27.12850748,27.97483,120.67456,27.98491,120.70392,-1,4,188.6670439
989,2428,3.337230782,6.108235805,27.987092,120.667981,27.98819,120.6531,-1,61,188.9371881
48,1990,-13.31901537,25.29676366,28.01947,120.67661,28.02045,120.65999,3,42,189.012617
48,2535,-22.7329813,43.17640669,28.01947,120.67661,28.01377,120.68309,3,102,189.0867055
1187,2756,12.4117192,24.76952766,27.96331,120.66311,27.98645,120.68772,-1,47,189.2130009
312,1316,14.2417018,3.835796258,27.97483,120.67456,27.97332,120.71019,-1,13,191.0963591
1359,1699,15.32236106,7.257776109,27.97581,120.68459,27.97659,120.67899,5,189,192.3653085
599,2667,29.5065218,23.96119579,27.97321,120.72684,27.98624,120.73426,10,3,192.3772239
1590,1744,-17.47372202,-51.0181044,28.02239,120.59436,28.049438,120.581163,-1,9,192.5127379
2452,2778,-14.34322425,15.70141993,28.0105,120.66068,27.99859,120.64039,3,0,192.8080116
64,2294,-21.41086527,12.9499099,28.01276,120.65434,28.017358,120.65303,3,53,192.8202792
573,2471,-9.392820537,21.89780663,28.014374,120.672952,28.00877,120.66836,3,0,192.9323942
1141,2176,11.0739064,-9.994855242,27.933084,120.674452,27.95843,120.65338,5,49,193.1666118
61,2758,-1.414261381,22.41441622,28.00969,120.67408,27.98519,120.67735,-1,18,193.9849615
1149,2433,-12.9377224,24.46251411,28.02051,120.67683,28.02202,120.66394,3,2,194.1217787
59,1363,60.09841857,15.72863726,27.90238,120.80278,27.87025,120.79516,6,254,196.0527767
1081,2433,-14.07610916,22.03834362,27.997963,120.659738,28.02202,120.66394,3,11,196.2016816
803,1152,-20.02199132,7.123046894,28.02715,120.65114,28.013647,120.656985,-1,50,196.8664188
1093,2371,-14.21546763,-49.18202732,28.03228,120.58055,28.03981,120.57351,9,9,197.1365756
288,755,30.40495824,-24.10815223,27.92329,120.7048,27.928,120.698,3,36,197.4410779
61,2224,10.7039368,9.732475696,28.00969,120.67408,27.98445,120.67253,-1,4,197.6326479
1308,2131,8.011233675,-3.999829945,27.98404,120.68203,27.97509,120.65593,-1,2,197.7008037
565,1152,-30.66805148,20.76265312,28.00841,120.66454,28.013647,120.656985,3,80,197.9512892
803,2263,-13.27643819,14.08563559,28.02715,120.65114,28.00726,120.65848,-1,0,198.9248603
136,2120,-31.69477084,17.78204985,28.01434,120.65091,28.00312,120.65388,3,12,198.9255375
2756,2924,4.321164249,33.83874382,27.98645,120.68772,28.0079,120.69401,-1,34,199.0864119
2214,2428,6.323471149,-5.484947429,27.9598,120.68203,27.98819,120.6531,5,0,199.5832604
1736,2318,-26.73896951,-6.801580037,28.029592,120.6244,28.0217,120.647,-1,59,199.6719868
547,1867,9.43462508,14.05198869,27.98521,120.67877,27.9905,120.6805,4,35,199.8245465
637,1499,9.685542167,31.1049992,28.01522,120.68916,28.00636,120.69525,7,6,200.2309989
609,1415,-30.22522621,4.21435679,28.02096,120.62016,28.01447,120.64201,3,38,200.2391449
1015,1823,-15.24048079,-35.58105233,28.02245,120.61239,28.037123,120.578514,-1,11,201.4233131
176,182,-26.19252782,-21.06635668,28.02521,120.6105,28.01939,120.61656,3,1603,201.9105656
1682,2028,52.53868892,5.432822959,27.96568,120.73665,27.92122,120.80887,-1,28,201.9431807
268,1244,-6.053128365,20.26932007,28.002086,120.662539,28.00503,120.67134,3,14,202.038808
2536,2792,-1.63785786,29.76645322,28.00726,120.6775,28.02302,120.66759,-1,0,202.3130991
1,2864,46.67329623,18.87714982,27.97014,120.75603,27.9665,120.76112,10,653,204.5014015
2242,2515,-40.51407433,-26.57568505,28.094722,120.645,28.06853,120.60201,9,77,206.0328868
2190,2281,4.604423227,0.632027305,27.98235,120.67423,28.00143,120.63625,-1,3,206.0809962
989,2748,6.600004712,12.13184942,27.987092,120.667981,27.98533,120.67604,-1,7,206.1609605
63,2938,-14.15319094,-23.40794531,28.01488,120.61139,28.02158,120.59654,3,0,206.7863337
328,2921,-48.48729664,-14.75034527,28.05929,120.65781,28.04626,120.62812,7,3,207.3138896
545,2149,16.66945243,22.39459917,27.96676,120.65937,27.98472,120.69611,-1,18,207.4084276
629,1351,-64.43868057,17.37447238,28.0608,120.676028,28.04387,120.63355,7,25,207.4706387
1391,2153,33.99963036,-34.13051457,27.95467,120.69939,27.91643,120.68875,-1,0,208.0839311
155,2037,57.00107143,2.260504818,27.90066,120.82456,27.9208,120.84047,6,79,208.1411501
1849,1983,65.89342895,10.16833752,27.89831,120.81286,27.88689,120.80628,6,392,212.2620607
405,2201,7.839787112,18.55424691,27.989232,120.680662,27.99446,120.68161,4,0,213.0300704
537,2331,31.5231122,-27.67959748,27.91572,120.69582,27.92645,120.67635,3,3,213.0685295
1622,2354,4.93794708,31.48880845,28.00126,120.6875,28.005487,120.689347,4,4,213.393152
1920,2446,8.857106593,-2.487956209,27.97507,120.66847,27.98763,120.66308,-1,35,214.2430676
906,1873,-23.69623871,24.67321643,28.01211,120.69386,28.01486,120.66325,-1,48,215.0163256
152,2775,61.16090428,12.08433664,27.91139,120.82389,27.88321,120.80518,6,39,216.4643899
815,1015,-14.63507085,-35.40598152,28.022225,120.579329,28.02245,120.61239,-1,0,219.2831853
332,2282,12.32580869,26.07335922,28.00341,120.68731,27.99125,120.69051,4,0,220.4444566
23,1347,-21.09424474,24.91140605,28.015057,120.667466,28.01058,120.65406,3,0,220.6380987
274,2422,55.10648075,-2.395390772,27.93493,120.81508,27.93079,120.82979,6,17,221.255898
224,292,-11.96501291,21.10998736,28.01492,120.66976,28.02857,120.65898,-1,6,222.0233995
369,2062,54.80107717,-0.802812721,27.9277,120.83323,27.92961,120.81073,6,118,223.4676531
279,2802,44.91157461,36.69483869,27.98465,120.73383,27.98055,120.72944,10,15228,223.6510958
2794,2968,-22.30873484,22.47100245,28.01525,120.66602,28.02802,120.6546,-1,0,223.6559929
1321,1591,13.15523485,31.49427657,27.99863,120.68954,28.00528,120.70899,-1,0,223.9830119
1624,1914,5.757970096,-29.96110227,27.971715,120.608414,27.968664,120.609359,8,8,224.8292935
57,2365,-13.48923729,-20.7227941,28.00954,120.61511,28.01894,120.59618,-1,81,224.9613811
911,1480,45.75101156,3.289997753,27.96141,120.73461,27.96194,120.78881,-1,2,225.2418654
42,1605,-5.665280352,4.238478333,28.0014,120.65569,28.01353,120.6398,3,37,225.6788701
409,421,49.25115084,5.275025726,27.95855,120.75661,27.91626,120.8268,-1,13,226.3945048
2131,2149,16.97294974,24.41558158,27.97509,120.65593,27.98472,120.69611,-1,0,228.0155887
1015,2766,-17.61606844,-22.3308722,28.02245,120.61239,28.01412,120.606248,3,56,228.4924529
1209,1591,14.70914939,36.39800393,28.00032,120.72752,28.00528,120.70899,7,18,229.6802268
123,986,-39.10334442,-55.59511554,28.08948,120.58851,28.077531,120.587363,9,2015,229.6822566
191,1895,22.48906276,-0.810104485,27.96628,120.68116,27.96905,120.70307,-1,141,231.2767331
1939,2694,7.631146549,29.90745587,28.00197,120.68016,28.00118,120.70197,-1,31,231.9231028
1,911,40.51739964,6.597903766,27.97014,120.75603,27.96141,120.73461,10,96,233.4150175
1699,2819,8.768265798,18.94189608,27.97659,120.67899,27.98575,120.68281,-1,24,234.5776974
616,1622,10.2464443,20.16540461,27.98866,120.6816,28.00126,120.6875,4,3,235.4077288
2064,2496,49.47470325,6.189860972,27.889525,120.804362,27.94412,120.76969,-1,22,236.2296354
1347,2198,-24.26744971,-9.537323172,28.01058,120.65406,28.01139,120.622331,-1,2,238.7483954
1351,2831,-41.15309296,-14.91658382,28.04387,120.63355,28.04021,120.64658,7,3,239.8054001
1622,2205,3.544042217,26.86338442,28.00126,120.6875,27.99766,120.68113,4,11,240.4279982
43,273,-30.89793001,5.866955654,28.023236,120.644174,28.02613,120.64691,-1,28,241.1957034
308,2002,-10.12251996,-22.61098935,28.07118,120.58698,28.08602,120.54798,9,7,241.925323
347,1178,15.06573128,27.40020849,27.98785,120.71681,27.99689,120.69531,-1,5,244.4040015
109,1312,-8.27746522,-38.69833085,28.03316,120.59087,28.023857,120.581022,9,21,244.7658675
1308,2561,8.278480373,22.64943891,27.98404,120.68203,28.00155,120.68023,4,15,245.712221
1977,2842,14.61846422,26.99658836,27.99753,120.67522,27.98853,120.69743,4,9,245.9644734
912,2366,28.5966715,26.43066401,27.98324,120.72334,27.97973,120.67677,-1,20,246.3339648
565,2087,-14.0546837,21.28244622,28.00841,120.66454,28.02363,120.66164,3,22,247.4447058
1244,1308,8.538114527,19.51908848,28.00503,120.67134,27.98404,120.68203,-1,0,247.6514526
202,1659,-5.307753761,3.898258926,28.0087,120.65515,28.00263,120.65655,3,89,247.7643872
1689,2553,-27.7755123,-2.303597598,28.02095,120.64389,28.01901,120.63515,3,19,248.2386525
234,1082,-28.92613565,1.754564192,28.01828,120.62547,28.016688,120.655528,-1,3,250.9369627
1810,2638,47.38020662,-1.030524355,27.934862,120.767714,27.92052,120.75247,10,372,253.8399895
382,2794,-14.6254687,18.95770302,28.01967,120.6623,28.01525,120.66602,3,11,256.2262022
178,224,-13.05487929,18.99723907,28.01444,120.65108,28.01492,120.66976,3,37,256.400715
1651,2377,24.44390044,33.05712665,27.97707,120.74717,27.9934,120.719,-1,35,258.2034598
1956,2637,30.10326365,35.36916168,27.96946,120.72066,27.99476,120.73128,-1,34,258.9212915
142,353,-43.38260898,-39.34424895,28.07201,120.60483,28.04744,120.60876,-1,244,259.6248472
1977,2366,-5.861910286,38.38281412,27.99753,120.67522,27.97973,120.67677,-1,181,259.9862908
200,1591,13.25999656,36.31513531,28.00223,120.70203,28.00528,120.70899,7,0,260.1874268
1176,2120,-16.57279485,9.79316593,28.01711,120.65265,28.00312,120.65388,3,3,261.1266454
1900,2883,-36.44466364,-52.44351835,28.06605,120.58485,28.079318,120.572831,9,204,261.5076851
60,2865,62.43709404,7.574886436,27.89629,120.80392,27.90471,120.82127,6,2,261.6850765
382,1978,-17.77124798,21.8277575,28.01967,120.6623,28.01665,120.65909,3,105,262.1584648
2542,2847,-19.00299601,-46.09087656,28.01903,120.61189,28.041041,120.588459,-1,32,263.340219
312,2364,15.38786668,6.293871269,27.97483,120.67456,27.97792,120.68304,5,122,268.2890781
427,980,-7.394147344,37.88525839,28.005808,120.669146,27.99716,120.67088,-1,2,270.586486
773,2435,2.384254154,14.67817718,27.989406,120.673557,27.99236,120.66956,4,127,271.0178336
954,2236,-3.593089014,23.69491789,28.018214,120.672196,27.9946,120.674,-1,96,271.879755
911,2508,45.12728031,1.633250956,27.96141,120.73461,27.96724,120.66561,-1,9,274.6147687
2149,2533,15.00716205,21.43557263,27.98472,120.69611,27.98533,120.68503,4,62,277.9922077
644,2428,-15.57791501,16.86289014,28.01278,120.65944,27.98819,120.6531,-1,11,278.4021327
606,1615,-22.85716235,6.917067459,28.004829,120.6409,28.01037,120.64773,3,0,282.7307314
9,1273,-32.72549755,-18.41717173,27.99378,120.6501,28.02347,120.61544,3,8,287.2612172
185,2900,-19.84334314,-33.51073896,28.021498,120.59653,28.02464,120.59964,3,63,287.625074
1273,2094,-33.16277369,-17.80933906,28.02347,120.61544,27.992,120.60987,-1,2,288.1781482
482,486,48.59099206,23.77284758,27.97359,120.74776,27.97508,120.74612,10,20189,290.0190894
669,1347,-19.74612024,2.566687312,28.01255,120.63174,28.01058,120.65406,-1,59,290.8606342
348,2200,-41.40964828,-16.26107716,28.07753,120.6897,28.03746,120.65611,-1,17,294.2444861
644,1760,-19.34083443,9.783335057,28.01278,120.65944,28.01143,120.64969,3,101,296.7230923
741,2123,29.04978124,-35.05399645,27.95095,120.65688,27.92383,120.67387,-1,5,299.6738878
1011,1298,-29.59641408,-4.573794612,28.01687,120.63372,28.01943,120.636564,-1,8,305.0966764
360,2496,50.18860807,-0.715050724,27.93627,120.80128,27.94412,120.76969,-1,70,308.246392
943,2441,30.26099542,27.89756988,27.98369,120.71502,27.98416,120.72974,-1,96,310.2777455
1347,1455,-17.27398109,6.870039266,28.01058,120.65406,28.03905,120.62757,-1,0,311.9791313
1281,2099,9.488953281,19.81982252,27.986346,120.681959,27.99084,120.68506,4,17,314.4047123
46,786,-55.33964752,-17.52115046,28.04917,120.61056,28.065163,120.642463,7,539,316.2869065
201,2542,-25.01197015,-12.24640751,28.0203,120.625,28.01903,120.61189,-1,25,318.8437383
228,273,-43.41800577,15.25493221,28.024509,120.644121,28.02613,120.64691,-1,219,320.2155017
1501,1934,-43.77862294,-26.68125723,28.05557,120.61784,28.046363,120.62567,7,3,322.2427092
2086,2695,-15.62364107,-49.30165826,28.03771,120.57585,28.04015,120.57308,9,34,328.6981743
1625,1956,51.07915292,4.976236683,27.91671,120.81301,27.96946,120.72066,-1,14,330.9273374
2,584,-13.59881642,-7.212498847,28.00506,120.63866,27.99383,120.62841,-1,0,332.7925294
409,2214,47.17020356,3.360563779,27.95855,120.75661,27.9598,120.68203,-1,0,335.6445113
1736,2778,-8.365555623,-3.01330215,28.029592,120.6244,27.99859,120.64039,-1,19,345.1717193
193,839,32.93326989,15.18917221,28.02809,120.78452,28.02525,120.77112,-1,67,354.2302888
16,1273,-40.59590309,-28.1064186,28.07646,120.62205,28.02347,120.61544,-1,13,359.7550649
176,2926,-37.83530154,-24.97093245,28.02521,120.6105,28.04361,120.61806,-1,25,367.5401083
409,2913,64.66507601,-6.637962084,27.95855,120.75661,27.92081,120.81459,-1,262,372.5647893
42,1726,-7.542791774,2.562274122,28.0014,120.65569,28.000738,120.643235,3,28,384.8724131
62,2021,32.1665405,-33.50182941,27.92028,120.70493,27.92043,120.68424,3,64,392.3294347
1544,2793,52.61427966,-4.550842609,27.94688,120.81569,27.96841,120.73048,-1,3,393.9742869
2250,2302,30.62073336,-28.44948485,27.92446,120.6923,27.92002,120.70535,3,110,394.4417391
347,2107,21.40027761,30.43789996,27.98785,120.71681,27.99097,120.70922,7,78,396.2398549
1094,1214,-17.9525187,-31.05806178,28.01845,120.59962,28.02798,120.6019,3,69,401.1932255
2423,2853,9.385665934,-26.7387586,27.97046,120.58316,27.97599,120.59211,8,2,448.566966
1174,2398,35.27201413,-30.88623862,27.92084,120.70303,27.923249,120.687804,3,2,455.1328416
847,1501,-34.62990481,-28.06736444,28.0807,120.8131,28.05557,120.61784,-1,25,459.2636115
916,1382,-18.71925307,15.41254334,28.01381,120.65692,28.01277,120.66194,3,38,459.8904286
160,1895,32.326531,4.572773018,27.97864,120.71467,27.96905,120.70307,10,242,483.7741433
1046,2224,10.13848798,13.08542626,27.984567,120.677031,27.98445,120.67253,4,17,527.9823325
182,1273,-26.85903336,-20.85610901,28.01939,120.61656,28.02347,120.61544,3,3916,628.5527292
19,1165,5.532502899,12.21864754,27.98443,120.66958,27.98951,120.67228,4,43,661.64798
239,1832,24.20643759,14.37298507,28.03887,120.7934,28.08885,120.80824,2,114,741.6317631
1749,2143,1.005768062,-38.84881305,27.97581,120.57281,27.98338,120.55091,8,42,803.970383
202,1648,-30.93946024,26.60704075,28.0087,120.65515,28.01215,120.65684,3,263,816.264211
116,2644,32.33220378,13.21629367,28.06043,120.80995,28.019199,120.784475,2,102,1012.427381
164,2008,17.36420155,-8.611585707,27.95724,120.65969,27.94461,120.67066,5,191,1103.612778
2176,2524,12.37000561,-8.657056296,27.95843,120.65338,27.95958,120.66224,5,8,1211.97123
487,2623,2.241572649,-2.53150324,27.98776,120.67428,27.989845,120.674329,4,0,2755.330589
